ID,Adoption,Died,Euthanasia,Return_to_owner,Transfer
1,0.006171785208457157,5.715443107574928e-05,0.02405578503773264,0.14151160763822646,0.8282036676845079
2,0.7959468662028965,0.0002860633110262999,0.024709431694957772,0.1280964802169569,0.05096115857416247
3,0.4042023553781244,0.0001176202793818832,0.002791008573201622,0.13522657446733904,0.45766244130195316
4,0.37833606628747435,7.186726070703239e-05,0.010750905395489249,0.10376714096131351,0.5070740200950159
5,0.3954446276195405,0.00012618262559357121,0.003288525926138181,0.5204662373324008,0.08067442649632695
6,0.20503906747490463,0.00012636200374617254,0.029799563259264132,0.5606727363086403,0.20436227095344478
7,0.24030875160654402,0.0013136792518837913,0.6090457793163041,0.12007980529059743,0.029251984534670546
8,0.9234447052833867,0.0010989777321107606,0.0026953182122167194,0.003089190755365786,0.06967180801691988
9,0.9449423231174658,1.4472424867012823e-06,5.469978200031967e-05,0.049642740743208846,0.005358789114838309
10,0.3959277576257665,1.4300573109652094e-05,0.11233910401773736,0.44045971693200026,0.05125912085138621
11,0.8130855073501497,5.674582535726001e-05,0.0005470663397455774,0.11256080832984158,0.073749872154906
12,0.00940494085306414,0.0003834990480505164,0.3764096983588111,0.20249647763533107,0.4113053841047431
13,0.8616715650217449,2.2917473479393944e-05,0.0007371347931025837,0.035371877407167324,0.10219650530450586
14,0.9116959840892739,4.196771352798364e-05,0.0019068921435474017,0.02017762125822733,0.06617753479542342
15,0.8793055908053522,1.53648565580776e-06,0.0009115443004576528,0.11125741128947383,0.008523917119060392
16,0.8591035724508994,2.5766951967195113e-05,0.0006015111385860175,0.08823804351886723,0.05203110593968012
17,0.2959854566330619,0.00011120255821145628,0.0358052210105259,0.5476968635303817,0.12040125626781895
18,0.3984818173623094,1.1147703549671933e-05,0.0012112642673851072,0.595715559787578,0.004580210879177797
19,0.20829530068350882,0.00036239073829104086,0.028420259728535728,0.20435713730048444,0.5585649115491799
20,0.00020194651375516056,0.00010059517329561306,0.36773179906746023,0.008747020137299073,0.6232186391081899
21,0.6156074380303151,7.996130554854644e-06,0.009420352679442209,0.28429640512298554,0.09066780803670212
22,8.167289749699931e-07,0.00026421504925029307,0.10176403725383183,9.160702840965972e-05,0.8978793239395333
23,0.66696584427636,8.284574631124171e-05,0.00211415065833604,0.14479797609505804,0.18603918322393476
24,8.701859858336028e-06,0.0002104370085852437,0.005801865659820938,2.968393121767149e-05,0.9939493115405177
25,0.833683338165149,0.00010715841581155854,0.0030915115469986737,0.08359174122235884,0.07952625064968179
26,0.23833815546780288,2.8551050659448592e-05,0.13846457099047657,0.028067131943621062,0.59510159054744
27,0.9468407067345949,0.00010316850928689675,0.00021923240942996072,0.0028685859129225252,0.04996830643376574
28,0.005672101600824447,0.004155919681481992,0.06895114934138703,0.0007565133645766221,0.9204643160117298
29,0.32066042553740504,7.227742738692969e-05,0.051889072977105065,0.44734680651200925,0.1800314175460937
30,0.33908688582754615,0.0004252640251349926,0.01545866766877661,0.576160805527258,0.06886837695128417
31,0.20757705629350148,0.0001777812672492837,0.022204321972385286,0.1137941738536143,0.6562466666132496
32,0.8532386230077582,5.735548882101586e-06,1.7252124589054605e-05,0.024563569614015478,0.1221748197047551
33,0.10443827947936198,0.00010538982202320932,0.07336613117575051,0.08467480610157546,0.7374153934212889
34,0.9924598887657442,0.00010329128295947951,5.9136355221006876e-05,0.0043351005184912444,0.003042583077584409
35,0.8195175296812479,0.0009365280775820927,0.003525632151533492,0.0007182463926651252,0.1753020636969714
36,0.59171757553588,0.00010394006993467709,0.01980052757913881,0.23302404830060372,0.15535390851444278
37,0.033097394646241174,0.0006512736228387779,0.13578429347480722,0.0005571099270413152,0.8299099283290715
38,0.9753645794395351,6.868683427090819e-06,1.5825601234595938e-05,0.011548535262639261,0.013064191013164046
39,0.3084990710167124,9.757523288133015e-06,0.015109468026157657,0.5827885197055543,0.0935931837282875
40,0.3267544791804526,7.821137975697293e-05,0.004879743535764648,0.06814957653043686,0.600137989373589
41,0.044915318418194336,8.621389841195324e-05,0.0058167608476335135,0.25696649549470035,0.6922152113410598
42,3.953292014810085e-06,0.0005812643400440097,0.004968299754298014,5.034027861703083e-05,0.994396142335026
43,0.38339279264288956,6.403048478700962e-05,0.006509892715797631,0.03818284245061958,0.5718504417059063
44,4.254611658222184e-06,0.009774903322860752,0.010000893337186609,0.00011534596082451561,0.9801046027674699
45,0.06755599829780944,0.009966490904055126,0.1980319185368858,0.05723006936801898,0.6672155228932307
46,0.22661852473362243,9.41767823678728e-05,0.0022438795973613933,0.024536238751258762,0.7465071801353896
47,0.262540736795412,0.0008164058717649004,0.033082298875934425,0.2313601662614843,0.47220039219540433
48,0.590581061658743,1.2105056964587922e-05,0.016918182257900465,0.2616337758819412,0.13085487514445057
49,0.18686087132547569,1.5085898543714737e-05,0.03872903947687654,0.4461122048684081,0.328282798430696
50,0.0799208122457196,0.0002981087862799669,0.029253996489520276,0.1687522263976364,0.7217748560808438
51,0.35272807801169576,0.015106054083904242,0.06715707529519364,0.0063860170673672315,0.5586227755418393
52,0.28982026988741644,8.245712584696989e-05,0.03321235146364295,0.47457500653667667,0.20230991498641698
53,0.9806371669679405,7.736724310598378e-05,0.00014162611080569223,0.004578699205950394,0.01456514047219736
54,0.0795104960097918,0.007010206849234124,0.04025496861886353,0.0008829462469608063,0.8723413822751497
55,2.802248323446273e-05,0.002810258596321008,0.5760884871137988,0.004871141417203268,0.41620209038944234
56,0.42185051979495425,2.6573353242869256e-05,0.05740436933848749,0.20061503529944275,0.32010350221387274
57,0.48732821359664097,1.5326179549960554e-05,0.0008860196414131449,0.4727833154784738,0.03898712510392216
58,1.6943905101653532e-06,0.06734005876606693,0.042993279340761345,0.00010030987589801379,0.8895646576267635
59,4.702578468585792e-05,0.0004243436768630182,0.013121363273650712,4.865298622917381e-05,0.9863586142785713
60,0.6559014454483185,4.578460638160897e-05,3.446974874262158e-05,0.014089895252312022,0.32992840494424525
61,0.6790461019360564,6.399726627446146e-05,0.0605454242947374,0.07081195181701529,0.18953252468591641
62,0.0606597647030101,1.3001893076839748e-06,0.1473185201183537,0.6164335112197339,0.17558690376959463
63,0.43505561733621007,0.00012990314867757706,0.00023276157046917302,0.3929212561898569,0.17166046175478614
64,6.854052824541405e-06,0.004195296586628124,0.012865042733530846,0.00012848583687851225,0.9828043207901379
65,0.00021374412659804035,0.0038216433435658012,0.0515423263676276,9.927541154046358e-06,0.9444123586210545
66,0.7004929511846165,9.621711197584556e-05,0.012389383144080942,0.25353679562290604,0.03348465293642068
67,0.9623577802688783,2.196276585898312e-05,8.506100157903026e-05,0.004280271767663434,0.033254924196020316
68,0.3832776736579779,0.0002015205757503372,0.14090658979701834,0.3397866418110452,0.1358275741582083
69,0.33504065412084333,0.00036215806316142337,0.028264411693849644,0.5285337154915106,0.10779906063063488
70,5.0337041680448056e-05,0.0002561617102737072,0.01290246102409022,1.5717840667063318e-05,0.9867753223832885
71,0.000867927145321119,0.0024477359102504943,0.0004930930716832548,0.0045033091661754255,0.9916879347065697
72,0.9722472282213609,2.658087916263615e-06,1.7280218463557358e-05,0.018631492347860396,0.009101341124399179
73,7.641832959597181e-07,0.0005754711433774288,0.007555838443423958,4.001071264459352e-05,0.9918279155172581
74,0.29115210427138155,5.4487197779055925e-05,0.005277294362608855,0.20623260917790615,0.49728350499032437
75,7.4116080705971245e-06,0.0006461782266263131,0.010565241430445089,0.0014177701957462398,0.9873633985391117
76,0.6802365769305203,0.012718542512808267,0.14401622268617276,0.0026111203969386675,0.16041753747356027
77,0.9483100595331969,7.096322721033492e-06,0.0002313371421895285,0.0003991701166906213,0.051052336885201756
78,0.023118892786426058,0.0004507241561363738,0.1071769842276836,0.000402278308817983,0.8688511205209359
79,0.4563186043976542,1.8224536559727418e-05,0.005498877165586798,0.1549098104004221,0.3832544834997772
80,0.9933252881167206,1.2747297200740394e-05,0.00012283842004347115,0.003648506561016376,0.002890619605019011
81,9.453417772352522e-06,8.767755331136172e-05,0.0012609569714029667,3.987731156014752e-05,0.9986020347459532
82,1.855035576323014e-06,6.154823714544438e-05,0.000818194559672419,9.207851834460126e-05,0.9990263236492612
83,0.6428892589263518,1.2070289349199026e-05,0.020108430720344135,0.3041720364656622,0.03281820359829269
84,5.319692545397546e-05,0.014725113176482429,0.1461285542781983,0.0004904180947479152,0.8386027175251174
85,0.3413590292174168,4.873456253390519e-06,0.06190889384966341,0.5113468825748669,0.08538032090179952
86,0.011412808194939922,0.0019303422761428781,0.23920528820426562,0.00034361706319427354,0.7471079442614573
87,0.031308167392751426,0.0004118534164913466,0.30330148448690697,0.493773636593688,0.17120485811016223
88,0.4091160404038794,9.045512415226413e-05,0.12134461305069662,0.2722428049039648,0.1972060865173069
89,0.0005636277014736642,0.00018915397919644884,0.18946558158788993,0.005410352131165594,0.8043712846002744
90,0.7155957831618349,0.000183035078139607,0.00011702930369714794,0.0005924553150711897,0.283511697141257
91,4.5917111112196085e-05,0.00022287021709389634,0.08859446744055027,8.328594240034742e-05,0.9110534592888432
92,1.8531156707516998e-05,0.00013761672431746982,0.05395632234778682,0.0005213715086450382,0.9453661582625432
93,0.9389300475674369,8.035676539619089e-05,0.0023814638156260887,0.0010585974436600402,0.05754953440788078
94,0.466713476438931,0.0001345901768194261,0.004290905099878062,0.3533770847953604,0.17548394348901117
95,0.014530278965012954,0.0006114033245195587,0.06910981403104921,0.0013494098616514743,0.9143990938177669
96,0.951132168968091,2.948383292668993e-06,0.000381362918465294,0.04588665117428288,0.002596868555868178
97,0.523961303539629,0.00016575684331455738,0.010136466933385262,0.36976798038315967,0.09596849230051169
98,2.9803947080033027e-06,3.0956423342605e-05,0.0024400107851628616,5.213526954075284e-05,0.9974739171272456
99,0.133578368434516,0.0034686815597107976,0.015113656690912,0.0020809856323022293,0.845758307682559
100,0.298522844194697,7.467840975113656e-05,0.044492041789024224,0.4661883828477962,0.19072205275873147
101,0.6628905475332102,1.6424874331214888e-05,0.00043299400523687085,0.00527022234778327,0.33138981123943856
102,0.9753396445297405,8.662094980729814e-07,0.0017057067349516499,0.020247682238066143,0.002706100287743709
103,0.28205178853078394,1.1739124051335651e-05,0.01698312915731211,0.5401986835062447,0.160754659681608
104,0.48961773381448337,0.00021811180264245884,0.011688655078727746,0.24228054322018716,0.25619495608395926
105,0.2142150165882512,3.644568666947411e-05,0.008674236161486899,0.20667139214349425,0.5704029094200982
106,0.6296959692057396,5.606544401285643e-05,0.006930301285120588,0.17480938955541342,0.18850827450971355
107,0.6248929916251714,3.630316132928804e-05,0.008766365490102415,0.3071269458540037,0.05917739386939315
108,0.012953451885764373,0.00010314360477095358,0.008930247125883044,0.5980493455709174,0.37996381181266425
109,0.9820051829135475,1.4651939043511696e-05,0.00019540789916974513,0.0007690428880923298,0.017015714360146757
110,0.16111491216998522,2.475666663412122e-05,0.00024406288192447122,0.7061840744997463,0.13243219378170978
111,0.43695272352644765,3.978406173632769e-06,0.005277764130211026,0.5125162047364201,0.04524932920074764
112,0.4950767236935966,0.0001080261952620627,0.05488071450892648,0.21474954113024225,0.23518499447197241
113,0.1569977624534819,9.566147324998148e-06,0.0013240580217766266,0.6015419139357486,0.24012669944166776
114,0.29594115221342937,1.506883846103484e-05,0.03179049056858784,0.350561610117506,0.3216916782620157
115,3.684727184367125e-05,6.264999759159152e-05,0.014021252053524473,1.991919917328548e-05,0.985859331477867
116,0.8571238965602292,4.984020001825295e-05,0.000902452887161526,0.04810539278141244,0.09381841757117843
117,0.7044650523651718,1.8099773170149094e-05,0.0011042415861847405,0.22112932742595381,0.07328327884951966
118,0.01513234108632411,0.000119432251345947,0.14307446310459565,0.32136373585172145,0.5203100277060129
119,0.06602044902325432,3.8522774389107365e-05,0.02691267075667057,0.7917251808899838,0.1153031765557023
120,0.5363623948601637,0.00420628465012387,0.22079760393971268,0.06466972838498666,0.17396398816501307
121,0.6765382707345546,0.0001624452008803699,0.0003593356110914101,0.0034110553036629625,0.31952889314981064
122,0.9125581663491275,2.0072393448360375e-05,0.00019246072490689892,0.004302197741521857,0.08292710279099531
123,0.964804983596878,1.1519209688343951e-05,0.0002807543135370092,0.005804365622394735,0.029098377257501952
124,1.6566334730657354e-06,0.0026864066353881606,0.004791636043678688,0.00022488121793603268,0.9922954194695239
125,7.639856918460047e-06,0.0009929804421719797,0.005891655649663978,0.0003349605804635273,0.9927727634707819
126,0.9965160408675725,5.888541785550501e-07,3.964802360450373e-06,0.0005654522531857842,0.002913953222702737
127,0.021223777819037736,0.0003139822666927033,0.15194861787895944,0.00307662338804645,0.8234369986472637
128,0.7767724563944843,9.77554919465663e-05,0.000890924796478579,0.11055177544163447,0.11168708787545603
129,0.9889066759654451,4.33967814682873e-05,0.00020511199594085044,0.007057412024125414,0.003787403233020515
130,0.963642359694996,1.820258141302481e-06,0.0002966268445660018,0.03301757185978012,0.003041621342516375
131,0.4777719012278478,9.872506593440697e-06,0.0045168227345931,0.4148447486275822,0.10285665490338348
132,0.9911139278710147,1.1028183708106737e-05,0.00020121670401841894,0.004484259796333658,0.004189567444925104
133,0.712628301757986,0.0001112145360313174,0.0002068346425057368,0.002689895432633,0.284363753630844
134,0.3225389007297865,7.103833899731048e-05,0.00355705206915765,0.4417122033119461,0.23212080555011252
135,0.8450479511491211,4.379194913062591e-06,0.016519523784458565,0.03155687564504469,0.10687127022646267
136,0.42286057417744904,4.819238700987808e-06,0.01320307147083946,0.5205731915368833,0.04335834357612715
137,0.43249124350430007,0.00014649415626131565,0.06184173973510049,0.17541970350464045,0.3301008190996978
138,1.775356482129674e-06,3.410730188932139e-05,0.0062303551217092286,2.7703412547563496e-05,0.9937060588073718
139,0.2629908546923024,0.002130170294934828,0.003985624440876361,0.5238024275560983,0.20709092301578808
140,0.012181613329579085,2.5390293077870358e-06,0.0003195197478586034,0.0018178437650150463,0.9856784841282393
141,0.49240147382983035,4.4047298009384646e-05,0.0013208975738845262,0.1668216760484004,0.33941190524987513
142,0.12217326166956667,0.0014483550992968623,0.033136508271742394,0.00047450152371606195,0.842767373435678
143,0.2246886678919439,0.00016052182339643817,0.03930478161850648,0.4868304059001192,0.2490156227660341
144,0.19275401998981365,0.00011253694973934447,0.02014552755643535,0.35539190514836516,0.4315960103556465
145,0.1646250979769445,2.654670955714236e-05,0.08664003490005912,0.5264707602857999,0.22223756012763937
146,0.22445592069155929,4.36048951915406e-05,0.0771685215617916,0.49849971444325486,0.1998322384082027
147,0.8243864541360856,0.00019825232832782996,0.04134719804702564,0.02913994535770616,0.10492815013085487
148,0.19424683075457608,3.178775947932426e-06,0.020844997682253633,0.7142514639550714,0.07065352883215092
149,3.942062459198726e-05,0.00018142679600288334,0.026752867823903098,2.9194116429066233e-05,0.9729970906390729
150,0.05778435373776112,0.006660196239978762,0.01728087095195853,0.0004305599694789297,0.9178440191008227
151,0.11908902979959479,0.0006130680411623904,0.3554960427150013,0.03270937016412423,0.49209248928011723
152,0.0031928827931398947,5.669585958166061e-05,0.2601053650039943,0.001597484272604799,0.7350475720706794
153,0.42506093100422637,5.315499613720554e-05,0.0006818130682810777,0.1527590958685773,0.4214450050627781
154,0.009822409886782305,0.00010095935121606404,0.027440871670701653,0.09844140285391514,0.8641943562373847
155,0.7657856544748153,2.6787152533038517e-05,0.00044498897871461684,0.004980526783888789,0.22876204261004818
156,0.9117543556244635,1.2474780144914391e-05,5.7806809505813234e-05,0.0525735978916368,0.03560176489424906
157,0.26785506431610134,9.904410633584589e-06,0.04312696195639713,0.4880671553385831,0.20094091397828492
158,2.179425171321291e-05,0.0002116805249442605,0.00269781984025173,0.0002384050063873116,0.9968303003767035
159,0.25404403023045025,4.546182156831732e-06,0.021864316486153564,0.27679806525981443,0.447289041841425
160,0.5882700786309435,7.672930376012495e-05,0.0029322656873701346,0.26786836347369797,0.14085256290422826
161,0.6385270723947933,5.347994041539386e-05,0.003983265404726543,0.07991094023177447,0.27752524202829015
162,0.4263594293458373,2.598043564534222e-05,0.0013093502914406664,0.08951357763724228,0.4827916622898345
163,1.9873407181090056e-06,0.006405480254680377,0.01115038377514139,3.43720572925474e-05,0.9824077765721677
164,0.9910906637585409,3.0995853236696944e-05,0.00011363941659889774,0.005486046707654204,0.003278654263969299
165,0.3128512482171648,2.0386965645130956e-05,0.019691422513576556,0.3512546860434478,0.3161822562601658
166,0.8985114403443849,3.96633014965436e-05,0.0011659733609949256,0.0024005532005151936,0.09788236979260842
167,0.5417409799695841,5.1963412900285804e-05,0.02283296470186901,0.2720283375526597,0.163345754362987
168,0.6108361752988277,0.00011199148485205704,0.007285584658801448,0.2415385002668554,0.1402277482906633
169,0.2592141644193669,2.246115411831358e-05,0.002480707092948851,0.7321618892011441,0.006120778132421913
170,0.689860266259626,3.0783455331120654e-05,0.00016668143590237286,0.04916405678045632,0.2607782120686842
171,0.00010277033325578688,8.365474683191194e-05,0.08486326323305962,0.0009654208061063739,0.9139848908807463
172,0.3037052886428549,0.00025152621681319654,0.0017059592856281157,0.345912317096329,0.34842490875837484
173,0.3846197115738934,9.766758738225807e-07,0.18881385794065295,0.3653206549432733,0.06124479886630635
174,0.18955686760684692,3.4891941054698754e-05,0.15507756120432092,0.42013166905395527,0.23519901019382228
175,0.3843385420657153,0.00015301634130217496,0.0013338028966258908,0.5597885267408983,0.05438611195545834
176,0.7129652840715035,0.002056098615459663,0.005629471247299707,0.0014048604826883062,0.2779442855830488
177,0.37015896987155156,8.579506967444314e-05,0.04290454876159234,0.3863384789300406,0.20051220736714115
178,0.9433667736029343,3.090340064121861e-06,0.0009103129323965632,0.04050245509395118,0.015217368030653905
179,0.8635102242740951,0.001170318568177719,0.004714443247665645,0.023977299433970933,0.10662771447609082
180,0.0013829036858006504,2.9317809674950737e-05,0.02196933890222564,0.005513545253762202,0.9711048943485366
181,5.448924289106219e-06,6.804922808374639e-05,0.0030282016594347207,4.094816792923425e-05,0.9968573520202632
182,0.8609442528906892,0.0006730897095150296,0.016695431542184083,0.0027839073336098493,0.11890331852400182
183,0.4590493739741427,2.6253888644939234e-05,0.002755418731990861,0.2089258010080597,0.3292431523971618
184,0.03288945544083892,3.9922645053442906e-05,0.022227278562685717,0.1602080256156132,0.7846353177358086
185,0.501584898754227,0.00012948450672624868,0.000733368057806011,0.35753231258356416,0.14001993609767663
186,0.18459056447483504,1.304568632639202e-05,0.014164699473047352,0.46232151855848014,0.3389101718073112
187,1.4707398796767065e-05,3.194939327133188e-05,0.003148217706186531,0.00021533045705851453,0.9965897950446868
188,0.2600775524529828,9.508794913387784e-05,0.006120311122580474,0.33546968511797076,0.39823736335733206
189,0.7266561784987959,5.181920998411376e-06,0.00027651076612355603,0.027342661793711576,0.24571946702037062
190,0.7532288761355874,8.887169492633163e-05,6.510924591224749e-05,0.012735785108131616,0.2338813578154424
191,0.6037463025309893,1.7258217765399842e-05,0.01570344487990896,0.36242100628421986,0.018111988087116608
192,0.5651137857456127,3.198020287366709e-05,0.01513080310776385,0.29095613680225796,0.12876729414149185
193,0.038413338334668735,3.544817457468394e-05,0.006944555465785196,0.08167982518690566,0.8729268328380657
194,0.3357917658335855,5.085364414383918e-05,0.005201311716204649,0.05846939464323969,0.6004866741628262
195,0.8971268409744662,3.640907796174791e-06,0.00010695276852527861,0.009629284574815164,0.09313328077439734
196,0.5170432444989158,0.00010001296084614042,0.0006412652007655853,0.015236956818103772,0.4669785205213688
197,0.5440831818344054,9.44949010526095e-05,0.01102011764093964,0.41051891674189145,0.034283288881710776
198,0.5431182057630141,0.00016057149067090934,0.046915139480019796,0.268896713275597,0.14090936999069828
199,0.1879327220743806,2.8781699792262438e-05,0.05441244442693712,0.4700944563024674,0.2875315954964227
200,0.6548354660178358,5.8284618604156736e-05,0.009872254047386715,0.18758132251021892,0.14765267280595426
201,1.1091419183298136e-06,0.00023198257906691986,0.007241736503426839,5.93284459693399e-05,0.9924658433296185
202,0.12968571105685928,0.00026882595101823746,0.025467467266426486,0.15595712477405657,0.6886208709516396
203,0.610794389115389,1.5656657992207965e-05,0.0016103457928275681,0.3667111104047296,0.02086849802906173
204,0.9373462188828733,4.339715201242885e-06,0.0029723511350701094,0.01519828751591583,0.04447880275093959
205,0.018950345680127476,3.331843166301849e-05,0.12034902822657725,0.7753807385550933,0.08528656910653917
206,0.46528755737183575,0.0005050099865225834,0.032153779844117485,0.1176579932306499,0.3843956595668744
207,0.2375278145171894,6.698531151246429e-06,0.00958939884448668,0.1845612584404389,0.5683148296667337
208,0.13404739171799068,1.0108097878107804e-05,0.05953934810000077,0.7499099534101227,0.05649319867400766
209,0.2910768795272369,3.3301877619965e-05,0.031265774133862154,0.3521335431112741,0.32549050135000696
210,0.5820105826551726,3.442386246520841e-05,0.001811805725838259,0.35619943524986714,0.05994375250665675
211,0.00035467564816769295,0.0003677290107714071,0.07164201571195314,7.673191257068268e-05,0.9275588477165372
212,0.22755189977804272,8.981428873670006e-06,0.01375911881904145,0.3337694383832523,0.42491056159078977
213,0.6460372704511628,3.933792187194587e-05,0.005681307934605134,0.2530265944653976,0.09521548922696264
214,0.870094499801563,7.194647822508768e-05,0.0009775647089866962,0.021170221604201536,0.10768576740702382
215,1.1820717291143178e-05,0.002660343392185339,0.01142956779025395,0.0001290883284639931,0.9857691797718056
216,0.6441355205954479,6.0123914804845e-05,0.004566629336055911,0.021050800901771406,0.33018692525191984
217,0.9031755589511372,0.00032520719782122565,0.0005880849938168566,0.030124217091352424,0.0657869317658722
218,0.27221465576968934,9.269067453892487e-05,0.008535700013552408,0.07885494172719383,0.6403020118150254
219,0.512541135131827,3.446508415590314e-05,0.002526977932321191,0.07462587251941027,0.41027154933228566
220,0.22397187841236305,3.681662566902193e-05,0.046297078995929254,0.39000948285423986,0.33968474311179875
221,0.012576222932164122,0.00013180737781008512,0.08538111490194426,0.8365725700534864,0.06533828473459519
222,0.000631702379858035,0.045482624276602344,0.14134315135967768,1.6751769698886725e-05,0.8125257702141631
223,0.14777795095467197,0.03820922728198119,0.01798953803174022,0.00043756764501263833,0.7955857160865939
224,0.48953823423069587,6.24154323909143e-05,0.0001832023384670073,0.4641394775882891,0.046076670410157124
225,0.2613538181155549,4.6360229720272805e-06,0.08486211332319492,0.6285976752970445,0.025181757241233577
226,0.5009207948523818,1.8566941945626538e-05,0.0030637438845965404,0.18920222911972176,0.3067946652013542
227,0.0023234700520086663,0.0011724854077361383,0.18789370961888693,0.0005617569625137024,0.8080485779588544
228,1.432028257648202e-06,9.260173596698152e-05,0.0006611070003607218,0.0010770053468519855,0.9981678538885627
229,0.5789925898781147,4.272612250157672e-05,0.00924452401591834,0.27022075810881907,0.14149940187464624
230,0.0007792778656143731,0.011711127210790855,0.09129651467909577,4.621424224259334e-05,0.8961668660022564
231,0.9903256596612273,1.1763860258739438e-05,0.0004627578606000254,0.005312213542743083,0.003887605075170735
232,0.9920841070096381,1.7270181266765256e-07,1.426251140509799e-05,0.001167752848774543,0.006733704928369608
233,5.052773678290834e-06,4.35150891402489e-05,0.00017718487429338356,1.4810889986228976e-05,0.9997594363729019
234,0.007370165501859132,6.60572721133565e-05,0.5082606873820352,0.32716098348902506,0.1571421063549672
235,0.3366030572402555,2.1603404030572653e-05,0.05957610505341489,0.5915654562988382,0.012233778003460857
236,0.7830749948572365,0.0002833732856621905,0.00026327522863015863,0.003862071328728389,0.2125162852997425
237,0.5063807172572541,0.00011038555352553649,0.010383459912611815,0.3180055261248717,0.16511991115173702
238,0.0029007887550452707,0.0004993436802069069,0.009139401409475412,0.01455507955387904,0.9729053866013934
239,0.6761246410513786,2.374108612984144e-05,0.0005313807592764242,0.2984598413782993,0.02486039572491594
240,0.8556740076589446,3.337929070077195e-05,0.0004401857006444739,0.01333896389539425,0.130513463454316
241,0.9827121466611638,2.296472628644678e-05,0.0003900007310748452,0.0025064169619683748,0.01436847091950672
242,0.27703283146608565,0.0002969666872074945,0.011684792852335757,0.3289492149599635,0.3820361940344076
243,0.9935540078710862,2.5340817634776587e-05,9.239516924797112e-05,0.0007382667289219914,0.0055899894131088805
244,0.4328283483276399,0.00043562468642295685,0.018496013770072154,0.24776161611100195,0.300478397104863
245,0.2937586266276184,0.00015647839868741198,0.043082452791471076,0.28015324389912505,0.3828491982830981
246,0.265349438844111,4.881835616892589e-05,0.03507712825198143,0.5241821246588657,0.17534248988887294
247,0.3229023996199529,0.0008978695159039515,0.012315045670291713,0.10554160884695499,0.5583430763468964
248,0.3619270360736679,9.352093988062854e-05,0.007890182620869414,0.17241693465765098,0.45767232570793115
249,0.23373227437132163,0.00011627919405726257,0.04428323292512751,0.4721661532172275,0.24970206029226608
250,0.9935410595732447,1.3727581685699973e-05,9.386685796158542e-05,0.00022876777120416764,0.0061225782159037324
251,1.9077775603473937e-07,3.6220079712636034e-06,0.0001796400947431033,0.9885234132884438,0.011293133831085723
252,0.23323675108872963,2.65431414155284e-06,0.012689402006816378,0.47916733704178044,0.2749038555485319
253,1.4237345592597773e-05,2.304952196492908e-05,0.01826345394905944,0.00012828339360568248,0.9815709757897774
254,0.23540838333453495,5.273665682488866e-07,0.045458974392461556,0.6329062136089616,0.0862259012974737
255,5.899370883262098e-06,2.994172501526259e-05,0.002563040318922755,0.00011167465903282265,0.9972894439261458
256,0.4547855703462642,2.7961247190852763e-05,0.0016055294610413835,0.34403931443521046,0.19954162451029306
257,0.2932362796277879,1.704424736466806e-05,0.014989980273682986,0.021908820862724908,0.6698478749884396
258,0.43766847403504866,1.3021199202705436e-05,0.006039220476202191,0.05515753314284263,0.5011217511467038
259,0.192206054800671,0.00016238032870200518,0.015046361512785246,0.38702723719287235,0.4055579661649695
260,0.9542383118366712,1.49461108991466e-05,0.00032733141812352223,0.014563200565298761,0.030856210069007562
261,0.8054142784854207,3.63735011184991e-05,0.00018776378626280478,0.015151846578406762,0.1792097376487913
262,0.7946674890234144,2.242958206087306e-05,0.012048797627949227,0.11437030498845353,0.07889097877812187
263,0.8890143784709337,1.2133084439555048e-05,0.0010843700900545336,0.06688486889102051,0.043004249463551907
264,0.2807920461523587,2.1796771138267444e-05,0.003060060766733459,0.33628069781573744,0.37984539849403215
265,0.45378009263416463,0.00017917298771069328,0.003442046746518585,0.3975596626995052,0.14503902493210094
266,0.3538256188822194,0.0005478974652810106,0.11110568771333693,0.08766253238203425,0.4468582635571284
267,0.0009576496829593005,0.00034834120138308713,0.18376957083501302,0.030570115434227198,0.7843543228464174
268,0.0008592055561968165,0.013980307856071138,0.46857781731523246,0.005024360499235576,0.511558308773264
269,1.2155187189553295e-06,0.0013422456360325464,0.003028542627052624,2.437558809823327e-05,0.9956036206300977
270,0.9598581747347334,4.89160218390936e-05,0.0013007538265533845,0.008139243689516644,0.03065291172735747
271,0.001036109862201121,0.00048422770928123254,0.08477623991245706,0.0012985811736346852,0.9124048413424259
272,0.03607625011152988,0.004937995525804697,0.6015259595824586,0.009401644999439586,0.3480581497807673
273,0.06142491839941484,0.00018347632420776213,0.01184671566561331,0.5239699493878088,0.4025749402229553
274,0.10804670867341665,2.5024718115937835e-05,0.12328064656220458,0.041504654827900646,0.7271429652183622
275,0.13500186898447536,0.00025099687070984794,0.6138178239476403,0.08103183749896853,0.16989747269820604
276,6.0079914937444294e-05,0.0021887783862240035,0.038256491744404014,0.0004697173229136199,0.959024932631521
277,2.2787198839486647e-06,6.0410272869145965e-05,0.0038554673517868262,9.803039919886936e-05,0.9959838132562613
278,0.03486265864559276,0.0021674142315659417,0.09763390885042181,0.10288940917979925,0.7624466090926202
279,0.6520284406405479,0.0014906558436264773,0.005485426019824881,0.07967772966168632,0.26131774783431455
280,0.023361971078465365,0.0018802509463220658,0.030766343776866822,0.2536079116594936,0.6903835225388522
281,0.41403764888933214,0.00010551098962546161,0.02907744777209286,0.3070499431511032,0.24972944919784626
282,0.26910887998366884,7.679850971378325e-06,0.04356627651487349,0.348156428937478,0.3391607347130082
283,0.0008760288392197059,0.00015241305108828896,0.01271915548927063,0.006885072589867638,0.9793673300305538
284,0.9124578609583034,7.731865822030342e-05,0.0003845841302731446,0.010620752343992703,0.07645948390921037
285,0.07289770755726321,1.781505300241451e-05,0.11890575599795218,0.5953250667179677,0.21285365467381448
286,0.44263090233165225,0.00010145366473013722,0.034788112385916295,0.28457697580468727,0.23790255581301403
287,2.849507476578127e-05,0.018092690831321798,0.03293340809623723,2.413160249230773e-05,0.9489212743951828
288,1.9095852385662766e-06,2.64762643579389e-05,0.006983212767683961,5.547007282123613e-05,0.9929329313098983
289,0.5952130960810678,2.993544031372804e-05,0.0016854706411863877,0.22359976405226448,0.1794717337851675
290,0.42638334009819095,8.874290365663442e-05,0.022626024593421713,0.4055201134910667,0.14538177891366388
291,0.937442020871876,1.91813414333243e-05,0.0009797301154740733,0.016814621769051075,0.04474444590216524
292,0.99087863844473,0.00011342994573945662,0.00010556712048279669,0.0018039949895862614,0.007098369499461501
293,0.8939204748768111,5.374245426346354e-05,0.0002824531367096226,0.0011452906518905422,0.1045980388803251
294,0.011951605217906572,0.0001213760964797228,0.09682708208309486,0.07827519597501159,0.8128247406275072
295,0.07331603141601045,3.5869295006732745e-06,0.019856084948625927,0.866195822166305,0.040628474539557966
296,0.003388203114205498,0.0009467764501838338,0.020930426292871982,0.008941160674944798,0.9657934334677938
297,0.3741859575362742,0.0017242850427557725,0.03388732427233219,0.38925522288752185,0.20094721026111584
298,0.000881040349141774,0.00024615333670427025,0.04950686420138074,0.014065284015371212,0.935300658097402
299,0.8728978919323234,0.00012173046627724585,0.009673936500664603,0.029970144461773363,0.08733629663896131
300,0.17760652734621332,0.00015607256238882355,0.05294741237060139,0.2571186904092916,0.5121712973115048
301,0.2834053463873268,6.150279479995574e-05,0.03058454276225219,0.6617644686489955,0.024184139406625626
302,0.7344430608238123,5.3517014813547825e-05,0.0007452861373994008,0.004236018424164853,0.26052211759981
303,0.9813316340718671,5.4363967874997685e-05,0.000242823972356966,0.009781404055922564,0.008589773931978496
304,0.4429179130793471,0.00010941082664861897,0.0236278493981935,0.28296159402143356,0.2503832326743772
305,0.0006537833874725801,0.00028211772334689965,0.3530494391787946,0.024669196285851243,0.6213454634245347
306,0.04450583064218832,3.5665321077575636e-06,0.1770343661251411,0.7749931735085974,0.003463063191965325
307,0.959706060676741,8.211931528319926e-05,0.0012409957949057523,0.01781290537638182,0.021157918836688293
308,0.1849589810820403,0.0003581182667491106,0.015449586459678429,0.15577089299257235,0.6434624211989598
309,0.9599752192617247,1.4947703342542444e-06,5.724985579277438e-06,0.02841453542521189,0.011603025557150043
310,0.00024576259079963183,0.0020064250942094654,0.0031497417185465297,0.0001490626404816248,0.9944490079559627
311,0.1830297843154594,0.00015752283218445565,0.021119187481038627,0.3626026106405472,0.43309089473077034
312,0.7723407249452184,2.4053334995938712e-05,0.0006386358069788258,0.08883000768178913,0.1381665782310177
313,0.001205941972000826,0.007494417644155738,0.14984769201519585,0.0026419539530797603,0.8388099944155679
314,0.23376054856163225,6.021184296394033e-05,0.07007264156325456,0.4367501819590881,0.2593564160730612
315,1.1628369555271848e-05,4.3390528843783065e-05,0.007851393848449031,0.000343921633403849,0.991749665619748
316,0.5249870040709108,7.78990225186007e-05,0.003123163628072489,0.4152478903281245,0.056564042950373726
317,0.4302182037947079,4.4812211172696026e-05,0.006332416793038995,0.49200918663462573,0.07139538056645484
318,0.8416087400687822,9.044195125305606e-05,0.004014155487847622,0.01762389735186943,0.1366627651402478
319,4.253591703549185e-06,6.51724420224508e-06,0.00404935680180367,6.305445098027733e-05,0.9958768179113102
320,0.7050533879970353,7.2604715196724195e-06,0.023209517930498517,0.23934064296725915,0.03238919063368723
321,0.3191483890470209,0.00010079204719350561,0.0427420890711324,0.22285207609518243,0.41515665373947064
322,1.5613333527844328e-06,3.753413921170154e-05,0.01601480571225972,0.00013446638313526486,0.9838116324320405
323,4.326181680963943e-07,8.596765840920689e-05,0.012177588345693808,2.6780815811268584e-05,0.9877092305619176
324,0.9672333006678625,8.872446698448072e-06,0.00031887802196382267,3.7339798068635275e-05,0.03240160906540664
325,0.908910653317859,6.74013838141438e-05,0.00053261564687464,0.013805036921123115,0.076684292730329
326,0.9498375880701303,2.3341218500693056e-05,9.334271169514363e-05,0.009427423723330065,0.04061830427634374
327,0.9632526024270393,1.4800860630372444e-06,4.68706190737453e-05,0.005882690509993016,0.030816356357831035
328,0.1611107596925156,4.5891295445334565e-06,0.001526869223198072,0.3206340129824929,0.5167237689722489
329,0.8638437548670471,1.6304294974093703e-05,0.0020332111525449364,0.07290540696008421,0.061201322725349463
330,0.012613199507335821,0.0001693418090105322,0.02641435185800593,0.27251279348057006,0.6882903133450776
331,0.13322292815129436,3.465905567703767e-05,0.17717351197923406,0.5198568226537396,0.16971207816005496
332,0.00013476239512402892,0.0001438775895157679,0.02462228979119155,1.8152698976451183e-05,0.9750809175251922
333,0.9907348076338418,5.2852366197720234e-05,0.00016261693583457165,0.005670555854393289,0.003379167209732655
334,0.6812213175870914,1.6563958798805213e-05,0.00013159731746286528,0.0036921505738841945,0.31493837056276286
335,0.0007126626560643476,0.003086433360231998,0.15453299352404526,0.00952442352315398,0.8321434869365045
336,0.7936414543924898,6.37341872941345e-05,0.0022765934779288956,0.010726388427183677,0.19329182951510346
337,0.0006731136408171538,0.00013694694588334185,0.8154720279398667,0.0049530226885151326,0.17876488878491756
338,0.21418727488793865,0.001732237958271815,0.0920931429057698,0.3127865873319744,0.3792007569160452
339,0.0053567046471894334,0.00012094989579904862,0.2435900555206759,0.03233199075955964,0.7186002991767759
340,0.49805729710629354,0.005087101012143253,0.04853381825743149,0.34241255955796135,0.10590922406617043
341,0.021029083463068348,1.6480855290706255e-05,0.013390008828381645,0.022530150037531338,0.943034276815728
342,0.6778071968303693,0.0002926356884335681,0.003997434818470474,0.029124797605090895,0.28877793505763577
343,0.0015365274503231596,0.00037613483474839804,0.7966881069347833,0.015936148354610824,0.18546308242553425
344,0.686245493199675,3.389066885289437e-05,0.003261404038639836,0.173129383433146,0.13732982865968618
345,0.7490936335389945,0.00015083653302825985,0.0017433264884503506,0.07637972695311308,0.17263247648641392
346,0.4468296455521905,0.0005478713369881566,0.051462143142145624,0.28732278725429056,0.2138375527143851
347,0.24516616993515206,3.1371460775795266e-06,0.02506831199026808,0.5040661439834522,0.2256962369450501
348,0.045344411248585965,0.037259446445174975,0.03474736513604301,0.0006081251747097798,0.8820406519954863
349,0.05454630094761271,1.6898149365490103e-05,0.022075517876972817,0.8892566585845207,0.03410462444152821
350,0.6750681167833521,0.010821015392910471,0.10273911134427481,0.04607058768725854,0.16530116879220402
351,0.7137830331178603,0.00010260221584507932,0.000586029223816756,0.11772069475597552,0.16780764068650228
352,2.284341322778232e-06,9.501643092199317e-05,0.010074692171833167,0.00024070901936104004,0.9895872980365611
353,0.256580613937924,0.0003314813623415758,0.05324412087252628,0.6136246755915794,0.07621910823562882
354,0.9222033542870991,1.0142354775670757e-05,6.516201980710196e-05,3.378987280987328e-05,0.07768755146550821
355,0.7185930380096274,2.6508897938719684e-05,0.004164070627223732,0.12190267441499955,0.15531370805021052
356,0.0003398647248914528,0.2832531203088622,0.41918390397834165,5.486403168212439e-06,0.2972176245847365
357,0.4002727886230567,2.925219144886477e-05,0.003013818332770654,0.012901853544314577,0.5837822873084092
358,0.6174039315442729,6.266104520864369e-05,0.0003924391594436459,0.0074697688098072906,0.3746711994412674
359,0.43888332964989685,0.002399289297018763,0.0092005120850768,0.0016546089732672202,0.5478622599947404
360,0.5527792610021646,6.199148686093386e-06,0.001419054935147282,0.010813787187464757,0.43498169772653733
361,0.7192836655562941,0.00014859660336944124,0.0008226624404645538,0.0003825206106078405,0.279362554789264
362,0.011461265836313047,1.1995586734135194e-05,0.02571869883211873,0.15103057630440303,0.811777463440431
363,0.19414566132753533,4.5311575728699754e-05,0.04478280973318043,0.615490580115574,0.14553563724798144
364,0.9199545137099282,0.0002178328345876444,0.0011207856919358099,0.006264305520908289,0.07244256224264017
365,0.39664633300286195,0.00012051082725777888,0.01996117000458059,0.14008601529855225,0.4431859708667474
366,2.0774848217302912e-05,6.566349657537302e-06,0.16677753638982803,0.0005337219786164999,0.8326614004336805
367,0.35754963929257255,2.088073637897405e-05,0.0012949730489029607,0.02107280481962239,0.6200617021025231
368,0.001961924381390817,5.1616683734804683e-05,0.8796956931812452,0.01138430887013732,0.10690645688349201
369,2.6895549846156286e-05,0.0003773454400930221,0.022647157754785378,6.520150628332757e-05,0.9768833997489921
370,0.5818235251484218,3.7932487826763546e-06,0.014960296292028398,0.03776811269633811,0.36544427261442897
371,0.43233756808342677,3.647086965282437e-06,0.04968683378899295,0.14821097111171702,0.36976097992889795
372,0.9212403285032842,2.5556925045355312e-05,0.0024235619362057695,0.004229750008344441,0.07208080262712045
373,0.9979785197019352,3.3358720312747842e-06,8.360054919531088e-05,0.001226698527806292,0.0007078453490319201
374,0.2303442630942558,2.5538267929684886e-05,0.10979742720182822,0.45878424213340935,0.20104852930257705
