ID,Adoption,Died,Euthanasia,Return_to_owner,Transfer
1,0.020414367360907588,0.02635571822492746,0.03876973522154686,0.43559874501886064,0.4788614341737574
2,0.5036877269795016,0.004945777741918119,0.016168104271074568,0.4055069771142538,0.06969141389325186
3,0.366194896246489,0.11656462349052042,0.11472242683188211,0.23885482877193567,0.16366322465917288
4,0.09490043135515795,0.027402889604008905,0.045122762158720346,0.5699524171034036,0.2626214997787092
5,0.2675040301931947,0.0078037306547467725,0.02577267248673734,0.5937327242636188,0.10518684240170245
6,0.10416653947755881,0.011994285512935321,0.025303720273112264,0.7014062395243195,0.1571292152120741
7,0.3915584304732285,0.16947686297352946,0.17426754883240478,0.18268152877970212,0.08201562894113494
8,0.7429847194462208,0.1119815668603127,0.03840026236466881,0.027729597886269088,0.0789038534425285
9,0.6296444833082738,0.0015859626836781757,0.007145936249943182,0.2611575344560541,0.1004660833020507
10,0.32859441931962646,0.008061555589621421,0.02153025935629955,0.5237093004991648,0.11810446523528781
11,0.5359044998182425,0.008824244820257005,0.009450724969934888,0.27272479529845106,0.17309573509311452
12,0.011830194172167975,0.014728366715516151,0.1434279403514099,0.46076892375475625,0.3692445750061497
13,0.5803105762014812,0.012322900302258723,0.005884500154749453,0.2301862540286857,0.17129576931282484
14,0.4689685169167969,0.049641180736263335,0.10908180869191707,0.1938190481283748,0.17848944552664792
15,0.6668592392130228,0.00436655843399061,0.009394042590183163,0.290566689485778,0.02881347027702539
16,0.5820453264105637,0.010948225140380909,0.009098242214699492,0.27556988219959133,0.12233832403476455
17,0.2128214525007055,0.003794104057784042,0.01968896295808458,0.6988250571801465,0.06487042330327925
18,0.3002444147101507,0.006833812872020618,0.009116036355824338,0.644105759389404,0.03969997667260036
19,0.286668061956898,0.06989270883490989,0.0893146305939305,0.39031907176037556,0.16380552685388616
20,0.01920018843651098,0.044915690779951334,0.6763416650411178,0.05861305261117418,0.2009294031312456
21,0.4938406278590952,0.017797771472392285,0.031038364520887703,0.3823499731827631,0.0749732629648617
22,5.791885727749388e-05,0.3158642262998311,0.20221684877497528,0.0008260526710203252,0.481034953396896
23,0.3721753269719485,0.0054458759394048,0.02085962098860795,0.3505034197048768,0.25101575639516205
24,0.0014779498558141993,0.13115590268855287,0.1403290587295601,0.0010747446185437816,0.725962344107529
25,0.5299304748649926,0.005596450623418877,0.018837465769368237,0.2985827470723224,0.14705286166989778
26,0.09535478247531287,0.08013800059246541,0.5432244303862188,0.061882000313629594,0.21940078623237336
27,0.8803887855255665,0.012176995585257934,0.02002204898658525,0.015334243356083238,0.07207792654650688
28,0.035424623481282405,0.43180187476080534,0.1862225462521368,0.00923949446921665,0.3373114610365588
29,0.20360593824552192,0.0033085659358984836,0.03093327824083311,0.6379106019797236,0.12424161559802288
30,0.2686981390584734,0.006003631021154525,0.03146994100500557,0.6003617908376944,0.09346649807767203
31,0.2826184383753556,0.031321870736514476,0.0934372684415554,0.14812594775176635,0.4444964746948082
32,0.7460772201239176,0.004261476865324523,0.0015353412996083919,0.10701111059387183,0.14111485111727765
33,0.08966714971811104,0.03645638906061422,0.4006484866774189,0.11737723483092743,0.3558507397129284
34,0.9864698813628184,0.0015724206803514743,0.003286645036385161,0.004760238665628498,0.003910814254816316
35,0.31414563975344856,0.35947047052941766,0.19775588186555054,0.013769680447050145,0.11485832740453308
36,0.2505247441441167,0.012603510019521083,0.03538205879861871,0.4601240342813083,0.24136565275643534
37,0.07283101031737549,0.4167577878938894,0.3791210173284341,0.03384582045328546,0.09744436400701564
38,0.8339444999785987,0.0017688256672187498,0.0012303028886249993,0.10465587216882852,0.05840049929672902
39,0.29283722610781227,0.0031041383806707113,0.029802349835172697,0.5257529754138277,0.14850331026251662
40,0.2785739543059243,0.1130442112948715,0.09871741935918851,0.08269523145023237,0.42696918358978336
41,0.05185674780789107,0.020427865349568607,0.030677403756637467,0.5263239493946046,0.37071403369129835
42,0.0002561765994138084,0.5749111306480369,0.11195985291766773,0.0006615506910090701,0.3122112891438725
43,0.544134947484757,0.048320961377398476,0.07569781402075354,0.18303540516247138,0.14881087195461956
44,0.00022916305503595388,0.6180696956434406,0.12639186557457202,0.0004229287959756351,0.2548863469309759
45,0.09194385578896432,0.07167061727720274,0.47748450481124355,0.1837786651145294,0.17512235700806
46,0.332902708174473,0.04623937171933102,0.13988229089930382,0.07602387146379908,0.40495175774309305
47,0.30334137807335854,0.06309741942263279,0.06426534526538917,0.40461414206518154,0.16468171517343783
48,0.30452359145440355,0.002263146609579053,0.021233333606181005,0.492386482359838,0.17959344596999846
49,0.22543290840070357,0.007640162771536972,0.02503395722589649,0.5358282900318918,0.20606468156997126
50,0.0239496172334254,0.027682983350966625,0.048517275848098354,0.3844897700197904,0.5153603535477191
51,0.1256583076646485,0.3317130523281644,0.2607553026237994,0.019184419716688897,0.26268891766669883
52,0.2433843591894053,0.007219137937489177,0.021874825495860773,0.5992028788271782,0.12831879855006656
53,0.9539687168225233,0.009290306833855334,0.009529912663765483,0.007008438237575064,0.020202625442281016
54,0.07179645543333606,0.34463891721507584,0.17419005470173252,0.00696702007591452,0.4024075525739412
55,0.0027029492887177434,0.046059109530128504,0.7296592796285998,0.03865281557980524,0.1829258459727488
56,0.27174056402582897,0.035841820117403715,0.11415437779092977,0.3607883853348528,0.21747485273098482
57,0.32323142930015514,0.008386617224778589,0.006553286747070727,0.5942413979143851,0.06758726881361052
58,7.076281231702353e-05,0.5315759447615189,0.18206726188646832,0.0011552302200341401,0.28513080031966165
59,0.012689303526031532,0.262101288473315,0.6188902765241714,0.007044055281345689,0.09927507619513633
60,0.6568140417973874,0.003641401569900329,0.004035997782114358,0.11976287716467097,0.2157456816859268
61,0.6133749598715813,0.03343360042118811,0.11978245898258393,0.13351224145911944,0.09989673926552722
62,0.07893791751592776,0.003137187739011927,0.029824462819698274,0.7156777018623369,0.17242273006302508
63,0.29526445902927445,0.17872586601196733,0.08905118292352314,0.180677588519605,0.2562809035156301
64,0.0005744638807612292,0.2944677110759822,0.26035074436503974,0.0013784485820217836,0.4432286320961951
65,0.0264632838490884,0.3567486069879668,0.5262594599557164,0.0010932765468880871,0.08943537266034018
66,0.5325622226913499,0.003376751916789737,0.010595730759106237,0.4049203878237341,0.048544906809020155
67,0.9803204395167686,0.003503081096367502,0.0034124237691961577,0.007005105569583512,0.005758950048084228
68,0.006667350351257529,0.014341195326966026,0.15247423316243322,0.5330282879422656,0.2934889332170776
69,0.2723587942483174,0.006581531632634358,0.03864368663537372,0.5767245641408614,0.10569142334281326
70,0.012980187576241796,0.2950524078625935,0.5798906412710912,0.0035480390804226956,0.10852872420965079
71,0.024095393583470803,0.08888042714275478,0.02300964148721565,0.023326696869099266,0.8406878409174595
72,0.8506896999814584,0.004805003811732421,0.0013933768362312479,0.08654849052439037,0.05656342884618755
73,4.2418259221041665e-05,0.4685377034027209,0.032104689801597024,0.00017515253437103988,0.49914003600208995
74,0.20853254301705468,0.00684198842517598,0.053479356178916304,0.5053337272955408,0.22581238508331214
75,0.000741272059785274,0.0797314651660244,0.13553226377517785,0.0008017959527115667,0.7831932030463009
76,0.26043558731538863,0.5296240631388945,0.12692183318552097,0.005970555216980125,0.07704796114321565
77,0.9322305587650954,0.03029839780906636,0.012052026359465961,0.007578487841620137,0.017840529224752166
78,0.10121119873294097,0.2596655358401641,0.474064558272786,0.04510434959088975,0.11995435756321923
79,0.2609120300377741,0.009022290574609544,0.04963391790317715,0.44971344203050595,0.2307183194539334
80,0.8542881621554133,0.03658637831288945,0.0321095016296481,0.01708091623940732,0.05993504166264177
81,0.002503009017599665,0.2786180600174831,0.18562555631321048,0.002145029031829346,0.5311083456198774
82,0.0005161104866862389,0.29549929738674724,0.2301327440958122,0.003353735022822722,0.47049811300793176
83,0.466999233069419,0.0072391365558189015,0.011178815323337199,0.44620555642577936,0.06837725862564548
84,0.0009365296961172322,0.44787672045050636,0.18731402080424409,0.0014893300987403617,0.3623833989503921
85,0.283819385682487,0.005459713048367594,0.03252566318446797,0.6420668220567547,0.03612841602792271
86,0.02989005390637999,0.059026089746019236,0.6369936331563426,0.0023327041360511566,0.27175751905520695
87,0.016993414442773185,0.015460943432838959,0.13363147649950985,0.6862161243201944,0.14769804130468348
88,0.29730931913529673,0.0073087734099409425,0.017662271919166337,0.5048711424376172,0.1728484930979788
89,0.004055353967836155,0.0321120394347674,0.6139819945050469,0.012660433486176216,0.33719017860617323
90,0.9186805392647769,0.01721604094431377,0.014087378114427701,0.009647726647060241,0.04036831502942146
91,0.005730374742669656,0.3074871086477429,0.6206503507059685,0.005088804337742337,0.06104336156587649
92,0.0024926175388103387,0.2316872197585213,0.6505522536737832,0.005652846009694192,0.10961506301919101
93,0.8953157438342111,0.014322343172750787,0.018751813887541217,0.013533236689852898,0.05807686241564405
94,0.2871689248699918,0.0070457136106150155,0.02817931621704714,0.5191960492742466,0.15840999602809958
95,0.14098154740835372,0.247734950174101,0.4407717954405552,0.03829799446498088,0.1322137125120092
96,0.5556975888068701,0.008204762811457949,0.021003956498487658,0.3857564100034899,0.029337281879694165
97,0.3244009998815158,0.00817175289969855,0.020784156696930428,0.4771528815851742,0.169490208936681
98,0.006713771376045623,0.23215973804761952,0.274712469278615,0.002790835969192937,0.4836231853285269
99,0.17234263560435262,0.13464323962918645,0.21997698762075932,0.012538868864179794,0.460498268281522
100,0.21880803330662038,0.008696935507702869,0.044382858561864115,0.5600388895965606,0.16807328302725216
101,0.8375561576421717,0.01834535335366601,0.028772549227140558,0.021764641296345432,0.09356129848067629
102,0.8005117104844575,0.00712617509760688,0.021662532938855183,0.13619314835970409,0.03450643311937633
103,0.23112090837616622,0.0029328694869741644,0.025471411781739072,0.5407516469156399,0.1997231634394805
104,0.2684152599967123,0.01568133971696746,0.021548905437172434,0.44166056735299186,0.25269392749615593
105,0.38605463139499857,0.04718414253286677,0.09812311237795852,0.27273160882729813,0.19590650486687797
106,0.42163627245991975,0.004774199549455611,0.019261696526073308,0.3816422000314399,0.1726856314331115
107,0.24731023563446827,0.011341917594095363,0.04022433906640688,0.5762706922645288,0.12485281544050078
108,0.02576115469116923,0.009423954967804937,0.07834458700762136,0.5944065837671829,0.2920637195662216
109,0.9388499050619202,0.019160126304029735,0.013289086544465853,0.008249903802757823,0.020450978286826283
110,0.32307197495999856,0.14635295260922906,0.08708483783036174,0.25490561659952826,0.18858461800088233
111,0.31821960509922836,0.0017410597628657785,0.015886618945066527,0.5537960404453269,0.11035667574751246
112,0.3642864758882762,0.00751814409102817,0.013861520437705159,0.43364405209409324,0.18068980748889732
113,0.20290684719423024,0.012636134789076804,0.014952649724244505,0.596209028843663,0.17329533944878545
114,0.15927932695545075,0.004813287015282633,0.032964528454864674,0.5870867255274047,0.21585613204699727
115,0.009356765067355539,0.2593486596479377,0.5877997937603443,0.0036862043555173775,0.13980857716884512
116,0.5288166853457325,0.010706769468553184,0.006281204660955871,0.3104875949545569,0.14370774557020166
117,0.5948039210495364,0.00549102973686208,0.004367222333365691,0.3306164080609741,0.06472141881926172
118,0.007495737830902945,0.0192719302861894,0.13680078435334636,0.46281059370091665,0.37362095382864463
119,0.05446608846527117,0.020147883082094756,0.04909620846515941,0.7761271155703632,0.10016270441711132
120,0.16541676268025254,0.036145030532852,0.403439861865217,0.19668799926312566,0.19831034565855285
121,0.8913216819557869,0.03130568260023148,0.023511374535202065,0.01782060270713594,0.03604065820164354
122,0.9406265149986291,0.009438426694125554,0.012628129274069845,0.008590510555887639,0.028716418477287856
123,0.9349878909895587,0.006621400676113115,0.015358860221625116,0.015538007346910602,0.027493840765792733
124,8.823232281351379e-05,0.21845598582624579,0.18099913545455776,0.0010600852084342277,0.5993965611879487
125,0.008422978924213162,0.1346550604608039,0.10680524767365486,0.07689656187887349,0.6732201510624547
126,0.8458427613254554,0.005442521179070543,0.0015318612066180595,0.08450877750990636,0.06267407877894962
127,0.10107857670341285,0.1744680247900278,0.5716324094639957,0.039228511903045646,0.11359247713951788
128,0.910077650323609,0.029081256054657362,0.01554147080857827,0.017840648335441973,0.027458974477713345
129,0.9595756792046396,0.006431614788106039,0.010154885924062213,0.01156210714728055,0.012275712935911573
130,0.9528357934858291,0.00840287480944482,0.009935600688417338,0.015093318158613322,0.013732412857695346
131,0.2725905202872795,0.009069467894598955,0.026658389079249258,0.614769727915583,0.07691189482328929
132,0.9669994965119726,0.004182565578709072,0.008559147255453745,0.010465933101214587,0.009792857552650032
133,0.5793320205548091,0.03840232879943882,0.23278154158192021,0.006962831904510338,0.1425212771593215
134,0.18566137939150584,0.012862279747516837,0.024550215435291102,0.63064558236403,0.14628054306165617
135,0.504346637241121,0.05878319496700875,0.09237659695226864,0.24609680441680543,0.098396766422796
136,0.2798761546120716,0.002046048557492567,0.030789306932445384,0.6255760347804025,0.06171245511758786
137,0.42690769171338816,0.053547081253717245,0.06892695265052921,0.3160454168538186,0.13457285752854686
138,0.00018737941102465612,0.14357195542254111,0.1700878559381869,0.0012062469793327937,0.6849465622489145
139,0.33295362765031294,0.009243267686318708,0.020864291619903916,0.43729500248957204,0.19964381055389238
140,0.16287252574965336,0.024892791025774855,0.011593343536805868,0.11779569733146224,0.6828456423563036
141,0.4232995541566238,0.007096019522750202,0.008960550672280526,0.384543019290105,0.17610085635824058
142,0.11382871495151659,0.2507354103326484,0.22923131882929138,0.007718702523816889,0.39848585336272685
143,0.1885306850922813,0.007988375448148104,0.042537209976930467,0.5812849940477287,0.1796587354349114
144,0.2140205097412493,0.0057443106690517765,0.027673624196251287,0.5811502107883307,0.17141134460511684
145,0.18287538115610188,0.00629429894034616,0.0169029185255489,0.6043594131907258,0.18956798818727721
146,0.18238616122947718,0.005902172325110257,0.023203826240287596,0.5943136139615234,0.19419422624360153
147,0.3087862511393818,0.3209528128686185,0.12161228310340406,0.1390009886268911,0.10964766426170455
148,0.18970781886982863,0.0013159039050478901,0.028235557280548836,0.7277626957265069,0.052978024218067875
149,0.004361731120634511,0.39992744591494267,0.49047207485145283,0.0033104516926805065,0.10192829642028955
150,0.0784706493265362,0.32060157455796484,0.2393369576807057,0.00919204138146091,0.3523987770533322
151,0.10678852263325593,0.04009782042129093,0.48242173861080995,0.1065614734402907,0.2641304448943524
152,0.0029173753727210435,0.0283791940052774,0.6210012777165073,0.01582978882510529,0.33187236408038884
153,0.47141726915251153,0.008753149557377675,0.008205892234324613,0.24587044252278495,0.26575324653300125
154,0.009674667276150342,0.027071653812506303,0.15335690067157592,0.395296109016914,0.41460066922285344
155,0.5425760695197733,0.034884999986645175,0.020262160196641663,0.03681137861598362,0.36546539168095626
156,0.5838117697942334,0.010477496528675065,0.007234240373182833,0.21958470896850513,0.1788917843354034
157,0.17269654193393694,0.0020584799233648865,0.025517320968711177,0.5837428776067559,0.21598477956723103
158,0.0011927630455370365,0.4021957285841399,0.17189191309091545,0.00047440875017763594,0.42424518652923
159,0.306956011523672,0.037146525183024616,0.0809055827502652,0.2660788318145557,0.3089130487284824
160,0.34867386427155256,0.005004317803282184,0.023593100729366993,0.45825711679630143,0.16447160039949674
161,0.3097158699822123,0.00836459057963082,0.04431097096691947,0.38771082311521093,0.24989774535602652
162,0.33738656892192687,0.009237464931489562,0.036467704185754485,0.3950540226885065,0.2218542392723227
163,0.0015020513158785216,0.6356403500690495,0.09084860007354988,0.009337188090717409,0.2626718104508047
164,0.980247072929106,0.0031362775532409307,0.004492797203091214,0.0030086242853340863,0.009115228029228208
165,0.19952847208730387,0.008315733976126989,0.03635102340168897,0.5378340476694811,0.21797072286539906
166,0.9059171748443539,0.019209702396130613,0.015152006822102602,0.011313876514870072,0.048407239422542804
167,0.3707906279298285,0.005105780134499802,0.012826212541546814,0.44967361670828176,0.16160376268584323
168,0.35914357956029364,0.005205966628394763,0.02758206701955822,0.3789732541398865,0.22909513265186696
169,0.5923636209579799,0.02947680808326748,0.007410105742108873,0.32852027170282644,0.04222919351381728
170,0.6498695591333665,0.011838860482084611,0.004809791047812963,0.14559534164008678,0.187886447696649
171,0.002877530129402108,0.25210845333413856,0.6537614178006266,0.00478082430942854,0.0864717744264041
172,0.2775669923528435,0.008307393815592343,0.030973921436884155,0.4886617733223818,0.1944899190722982
173,0.22881816875807376,0.002098476517439622,0.03015651210411507,0.6909532440478297,0.04797359857254177
174,0.1776938658892401,0.010172664072129717,0.03934230011124791,0.6066263487996938,0.1661648211276884
175,0.2770307492997017,0.006374855721752395,0.04057636592733574,0.5845598996193724,0.09145812943183788
176,0.34731511960670736,0.13540916090861363,0.22777465396938237,0.0156783508356646,0.27382271467963204
177,0.1586179816712213,0.009282603783825356,0.042172796053377905,0.5868789528683984,0.20304766562317705
178,0.5694607332016457,0.015682525500473967,0.03957903785701645,0.29892180541022356,0.07635589803064026
179,0.5590589062592055,0.023410133434957906,0.05949533962155901,0.16466708187337917,0.19336853881089852
180,0.06789465222876431,0.10086659932443874,0.10597204684179519,0.08479264826425331,0.6404740533407484
181,0.0006677897328579241,0.13907153489810029,0.1619958925558665,0.0010956725738233944,0.6971691102393519
182,0.751411093062114,0.054417980020670845,0.09301425127840848,0.01426757951142484,0.08688909612738181
183,0.2574266400589626,0.01584375570281272,0.02386320537649519,0.4731309489936315,0.22973544986809802
184,0.021602667379445474,0.030810036631697204,0.1199151245677556,0.518402418462693,0.3092697529584087
185,0.3807830211011826,0.0032858601981955254,0.013219502325515465,0.5329751009910239,0.06973651538408247
186,0.18033245420414504,0.005101667906918147,0.034752344689188676,0.640971998551649,0.1388415346480992
187,0.0024776242326474433,0.2203971240232186,0.2330490040686116,0.0024968761594644554,0.5415793715160578
188,0.251977081255655,0.005840522920768563,0.040919267951413055,0.43813922893466994,0.26312389893749344
189,0.44803765768985715,0.004692593094665733,0.010044983513148963,0.13215446105949455,0.4050703046428335
190,0.8122818607694822,0.008546172380867044,0.004030620197203134,0.12347083945946767,0.051670507192980046
191,0.317985511928262,0.006407551420591691,0.0192549415535953,0.6300457373205983,0.026306257776952623
192,0.269666226928887,0.007488436674258829,0.030441225091614604,0.49072201045029873,0.20168210085494098
193,0.05388876767613357,0.03297915370573685,0.04966713467164455,0.3040252552339165,0.5594396887125684
194,0.35462874067935346,0.02699010594301808,0.06926268412013734,0.12006243404435957,0.4290560352131316
195,0.7950152913561475,0.002212694967066903,0.0017971505329852178,0.07652330095097971,0.12445156219282073
196,0.6288018098891239,0.07494116355278145,0.06547147665808078,0.09924701773771882,0.13153853216229502
197,0.44879486692087645,0.005711997832842873,0.013155599763441701,0.4800011047298623,0.05233643075297659
198,0.41196074073438155,0.009780848241869913,0.010932017901809976,0.5051067177011137,0.06221967542082487
199,0.19246304304968972,0.0037170127962648032,0.026174600598677385,0.554743742534198,0.22290160102117004
200,0.4015806340649253,0.00494620812456147,0.022731698158529268,0.35903124977011125,0.21171020988187278
201,0.0002418740159291338,0.46543910672540556,0.16713681875740105,0.0022080275614589835,0.3649741729398052
202,0.2092342801368022,0.04040123251760342,0.09608035385876165,0.3661711645459518,0.28811296894088084
203,0.4012803966051694,0.00741365926057536,0.009735247885670848,0.4749371071013189,0.10663358914726541
204,0.685868522441835,0.016454162575635284,0.07191728266426102,0.11859065013260373,0.1071693821856651
205,0.02613687717191302,0.019790948105301236,0.10913461084682306,0.7670899743002203,0.0778475895757425
206,0.44831216244922995,0.027977959719823812,0.06696798624359497,0.20877238129649225,0.24796951029085906
207,0.365494893019626,0.002101458788547174,0.019677111024252784,0.5108247390196948,0.1019017981478793
208,0.02273278231408414,0.025944982952968786,0.105558944935846,0.7481757231472577,0.09758756664984353
209,0.2439222088830834,0.00935810722704397,0.035264612530417086,0.5353193904623649,0.1761356808970906
210,0.3480418691219574,0.004370965233048604,0.023484306890689973,0.567329007246952,0.056773851507352015
211,0.020230656374969916,0.49021031752564437,0.41073799302949854,0.0015709862665891927,0.077250046803298
212,0.16578894810481754,0.005320145330377947,0.026606536619036572,0.5984450593768789,0.20383931056888902
213,0.31120794512277267,0.0029157671667319244,0.021396967196720545,0.5621767329408137,0.10230258757296112
214,0.5373693321118476,0.04870960727310021,0.09072303261901321,0.12723282496093796,0.19596520303510095
215,0.00043068335923174717,0.37808863883333865,0.13993181673328645,0.0008929189001416898,0.4806559421740015
216,0.5164220343780445,0.01698863754306883,0.08613352086115689,0.24791870988301157,0.1325370973347183
217,0.6803107104180288,0.04727681115637991,0.20579176124495124,0.013144434113440047,0.05347628306720002
218,0.4220347980798663,0.05073570313729939,0.10333135718629516,0.12469554647006259,0.2992025951264765
219,0.2809964562834462,0.006636432082237595,0.03436972343120611,0.42961527120871645,0.2483821169943935
220,0.1685042562487033,0.003470790508773357,0.04750600980424903,0.5381328479418697,0.2423860954964046
221,0.008404189240140858,0.013248976500250854,0.06492358527619632,0.6794408164752617,0.23398243250815023
222,0.03112616670479836,0.4106458638136291,0.49535890159204116,0.0007246401975566046,0.062144427691974834
223,0.035725107492079064,0.8172285133735474,0.084601963778225,0.0017921512757110181,0.0606522640804375
224,0.3819677439627622,0.00598584047440837,0.006400652539515361,0.5073797513491335,0.09826601167418071
225,0.010092870692594326,0.010123923096312087,0.18111732560103397,0.7888864767795379,0.009779403830521742
226,0.3428966306724706,0.009280129979145674,0.03349076679378784,0.3932053324070734,0.22112714014752252
227,0.04169725748848982,0.14184718596497084,0.6491908108953488,0.0023773810557960874,0.16488736459539446
228,0.00596255572931428,0.2719675917812431,0.05024927768867771,0.10149469912894615,0.5703258756718188
229,0.31866907302425723,0.00828980456233079,0.021064002539022127,0.5009654486314852,0.15101167124290468
230,0.03818074278367143,0.6015096594733612,0.29489624147567883,0.0007494821597178012,0.06466387410757081
231,0.9848028223879475,0.004192523230700331,0.0032493575328836634,0.004480972183836474,0.003274324664632151
232,0.7817652328907486,0.0027531207174895087,0.0037398390310595625,0.12775413735859725,0.08398767000210497
233,0.007925566492075622,0.23548066474782503,0.2520072994895579,0.003579318079527224,0.5010071511910142
234,0.014013241844628183,0.01773910562871426,0.1243722917009392,0.6344505280015392,0.2094248328241792
235,0.2570415692946984,0.008683482886488979,0.03239886732903358,0.6388923479839376,0.06298373250584142
236,0.8378511720276034,0.06698565533793793,0.03079914093326441,0.025676841028373698,0.03868719067282043
237,0.2638914160501482,0.0065150440576227904,0.031167947212062622,0.4752612071641596,0.22316438551600679
238,0.03329990605607994,0.04887750418873858,0.05533917899751645,0.020435822659884285,0.8420475880977807
239,0.530691107615242,0.007171028417629261,0.009011601729343136,0.40516379232469957,0.047962469913086114
240,0.6791916246743395,0.01728296281783893,0.169605194269292,0.017506290229097145,0.11641392800943261
241,0.8061928471578039,0.008994754586950754,0.012919080864857123,0.029781047821138835,0.14211226956924927
242,0.18004177708285485,0.010014969582742396,0.0415100460721014,0.5212108453899198,0.24722236187238153
243,0.8613564087719265,0.022519781401450497,0.08088345288275531,0.0059296224226848835,0.02931073452118282
244,0.29980698642490144,0.03544381227583596,0.05433019652442702,0.32137556410233764,0.2890434406724979
245,0.22408346700814913,0.009363956024011843,0.035269726667474334,0.5058828569636769,0.22539999333668786
246,0.17171570445770457,0.006750092600702479,0.049165993767542486,0.5702214945981071,0.20214671457594344
247,0.3245918389886502,0.020682171475138875,0.08922195169837509,0.24331887395569587,0.3221851638821398
248,0.46111109190968924,0.04673132302864828,0.07846392342197178,0.24595829347530598,0.16773536816438464
249,0.17852192026140107,0.05992138956818035,0.033149980292981655,0.5708810843743347,0.15752562550310228
250,0.8477830974030753,0.06865987707030635,0.02452489078223612,0.00980269377943686,0.049229440964945345
251,0.003088870869010142,0.0366969599134403,0.025819456626476847,0.1845873111042035,0.7498074014868693
252,0.18088418230418546,0.0018127953349396668,0.016935595838794035,0.7201436162942172,0.08022381022786355
253,0.0025870701333430253,0.08723227281976015,0.2630901759130171,0.0031523802738215516,0.6439381008600582
254,0.1617786956899214,0.002636481735927782,0.026940873385185964,0.6602069387608119,0.148437010428153
255,0.0012609722795452135,0.09955105586951382,0.14552491619788002,0.0008210552469782807,0.7528420004060826
256,0.26564171025183975,0.0024458676192784944,0.02892012161095625,0.5367661015793364,0.1662261989385891
257,0.23581782767310913,0.015735057618319042,0.17334590680145,0.15279920288292356,0.4223020050241983
258,0.3947002983673868,0.05091648398433512,0.10704848658079037,0.1490142777611431,0.29832045330634455
259,0.10182747045695285,0.00670171364509646,0.028208030733772923,0.7061267666330476,0.1571360185311303
260,0.7478282273789182,0.005932351485701465,0.008022345140876871,0.03350446057889542,0.2047126154156082
261,0.519637126593863,0.005157837828135397,0.004299850178778074,0.2541671584681561,0.21673802693106745
262,0.4152516686295774,0.004029732576718859,0.010198555434132292,0.39134992044245415,0.17917012291711729
263,0.509341088903544,0.087889440815729,0.00838148974458089,0.26011031834543563,0.13427766219071038
264,0.2594632257479283,0.009313747258606096,0.03856431990141747,0.4756906625003139,0.21696804459173427
265,0.3073073989050034,0.0030321975844804223,0.028555422706226335,0.4879176305362608,0.17318735026802903
266,0.36833900994156804,0.2732730193927699,0.09822739658896708,0.14381352027819916,0.11634705379849573
267,0.01515467918195107,0.08297172728832632,0.07568638766782147,0.02309603001529471,0.8030911758466065
268,0.0067173107483601575,0.03329407081672397,0.6183477571190511,0.013172787768984734,0.32846807354688
269,0.0007918190942451729,0.26743197071583946,0.6279712427745638,0.003732784050830228,0.1000721833645214
270,0.8368476988262666,0.009360580745749667,0.02289218117765633,0.06292001595943209,0.06797952329089531
271,0.0765023466775945,0.07288317575937173,0.6517647183125143,0.013373301338348796,0.18547645791217057
272,0.11068499391281665,0.10167741394439404,0.21043422664017222,0.03950004865685311,0.5377033168457639
273,0.032383093231787875,0.007824563127660307,0.05595748405724741,0.5775249840278747,0.3263098755554299
274,0.24273214017791409,0.01293303263655625,0.1734901626370065,0.16777245174039496,0.4030722128081282
275,0.1394844335949299,0.08128635152686045,0.553639556912515,0.12939384560658976,0.096195812359105
276,0.003970745905133907,0.17750920660295608,0.6957060188298815,0.006568932379634875,0.1162450962823936
277,0.0003927505390710409,0.37267891954534227,0.19303188316166,0.003229608280423487,0.43066683847350334
278,0.13055655739743885,0.022490203056340936,0.3967540358552363,0.1194156596187479,0.330783544072236
279,0.4938883607112537,0.0542929780804383,0.06552463437916711,0.25000680196039193,0.13628722486874914
280,0.06486407346247794,0.14843014156964515,0.33055716373694166,0.10683780993784286,0.34931081129309244
281,0.32512405129270977,0.0050078768921410395,0.026657510206639708,0.46759974558636325,0.1756108160221462
282,0.1546848996036798,0.003663794252948055,0.02974760904114051,0.6423733738551406,0.1695303232470912
283,0.026435493996559405,0.04587532373881772,0.06233075041580104,0.036764024445839996,0.8285944074029818
284,0.931048581664884,0.012625142426676367,0.01349084528506933,0.01213667834771944,0.030698752275650908
285,0.0945120294109896,0.005423038727562615,0.03319461992694025,0.7309948140760355,0.13587549785847206
286,0.27423806228065406,0.006838903412184079,0.03898820019577592,0.43264154305520464,0.24729329105618128
287,0.008371668702098956,0.5326099213178087,0.40784164105894827,0.000739375582601181,0.050437393338542996
288,0.000524052287650178,0.14345413561821044,0.1395736126483584,0.0011213300563471238,0.7153268693894339
289,0.34190869805556623,0.013941766115825295,0.03118394971565511,0.4458617427647681,0.16710384334818526
290,0.25547659662943045,0.004499258721462843,0.02686846472492329,0.48009692723916014,0.2330587526850232
291,0.6875461769717359,0.009377887964880748,0.1762205802646975,0.05313950692996956,0.07371584786871622
292,0.9796211271560311,0.003378302997812434,0.003199184315176614,0.007257744054993304,0.006543641475986495
293,0.5696863226750246,0.10314794437157038,0.22687794461800861,0.008135980036965484,0.09215180829843096
294,0.019777984936954453,0.07349065811283505,0.25469420466827963,0.12515326375778768,0.5268838885241433
295,0.17467969598148872,0.005986302379407333,0.021877410130998778,0.7459361570680686,0.05152043444003666
296,0.024947534579419086,0.07055737061950022,0.05891077850674027,0.03357754570224725,0.8120067705920933
297,0.23950610628527758,0.00429139820883444,0.04328571984318627,0.5351369957002238,0.17777977996247796
298,0.012625532440752943,0.06732100045897184,0.25683682405597125,0.05416251911083041,0.6090541239334735
299,0.4453007294708604,0.003904935604087403,0.02872011147845192,0.32252224450227196,0.1995519789443282
300,0.22287506967857806,0.07281825619116152,0.10463042969582816,0.4507538377828927,0.14892240665153958
301,0.3381491053847552,0.004999719503564219,0.022877223374894323,0.5941216601842477,0.0398522915525387
302,0.840368779770544,0.01689917827650272,0.021106080733559247,0.019200599217317156,0.10242536200207687
303,0.9595703623080852,0.004323547036052029,0.0081637197019965,0.012678318106140365,0.015264052847725727
304,0.23954393547399663,0.0037733134783555214,0.03829678938871256,0.42874442135899427,0.289641540299941
305,0.012206941763328096,0.07729224142603573,0.32562049358477296,0.09246891832820824,0.492411404897655
306,0.2172841396292563,0.002324994585078406,0.030941318458304497,0.7133097450674333,0.036139802259927536
307,0.9328448399372008,0.004643035296180599,0.010174312210985937,0.033427578728200895,0.018910233827431948
308,0.2529901111629712,0.013648400635470594,0.06104957135186646,0.3269662599536668,0.345345656896025
309,0.6361758522803724,0.003040096914153652,0.0008939063878341802,0.20058031175932095,0.15930983265831877
310,0.0015772603830932269,0.5117334408557994,0.03830781407477852,0.002936472258461893,0.4454450124278669
311,0.2565542288419333,0.04236283615964514,0.08830231957672462,0.46118081173663633,0.15159980368506068
312,0.6985707757318873,0.027189441474765038,0.14123948172687034,0.008482612628046523,0.12451768843843078
313,0.028358699449039525,0.026664515331637176,0.5127171846690431,0.007044377017596804,0.4252152235326834
314,0.1996987728153749,0.007634416857322257,0.026855284632447584,0.5910699534533977,0.1747415722414574
315,0.0005430577149514787,0.25411709142278066,0.037689781454972114,0.004586563712608618,0.7030635056946871
316,0.351657484704994,0.008385596134611447,0.0295977888348642,0.5612050258905914,0.049154104434938915
317,0.2455911997817816,0.008632557775227173,0.03281366362106184,0.6592606587423776,0.0537019200795518
318,0.5609612092743265,0.022983065002818204,0.03475093800848521,0.11402608768040765,0.2672787000339626
319,0.0025912521462924647,0.2220342118735568,0.2325310898124178,0.002525274502089752,0.5403181716656432
320,0.2605952275041985,0.0032973498561110603,0.024992416327209502,0.6387088028441475,0.07240620346833342
321,0.27663508503413814,0.03271434340539136,0.0835259823532142,0.3587027154479448,0.2484218737593115
322,0.00019046446185327847,0.19516414730644407,0.21307351633941954,0.0017165503937033577,0.5898553214985797
323,8.90244691638697e-05,0.21915132067740337,0.2044255293628723,0.0008715001525861713,0.5754626253379742
324,0.6721093393327039,0.1443546124791647,0.04927212578852259,0.018312074797181197,0.1159518476024275
325,0.8199478244872775,0.031423613525754845,0.022725592457997365,0.028119097940061122,0.09778387158890896
326,0.885813764254537,0.020441300537939997,0.01678900746194677,0.028283505530235967,0.04867242221534054
327,0.6011021762691943,0.006853418194888495,0.005653135950758231,0.17616866867803443,0.2102226009071244
328,0.20789920454017058,0.006928442989793128,0.05296518154236127,0.49122377934185185,0.2409833915858232
329,0.432776486525843,0.1070773565031386,0.011568423701065039,0.3039350789875877,0.14464265428236553
330,0.021323535738732587,0.026218447940149315,0.09953427617279581,0.41181659006932897,0.4411071500789933
331,0.14996908295753758,0.008768477866313837,0.0645954927588271,0.5782628178734448,0.1984041285438767
332,0.011432246567218977,0.4115723884351353,0.4435841101786878,0.0025872379501446266,0.13082401686881334
333,0.9563977634267012,0.003924303375758721,0.01103229634439848,0.012865516640934976,0.01578012021220671
334,0.6209970590578828,0.013596194312267863,0.004304336121609643,0.02752420955628834,0.33357820095195134
335,0.018762407628428752,0.11248758087521218,0.06081845864624542,0.02774852462558213,0.7801830282245316
336,0.8288026438499964,0.029723662200355515,0.029830644568434497,0.020273139893482877,0.0913699094877309
337,0.002153256105129537,0.03817871808876919,0.8382007111395583,0.017472431388715,0.10399488327782791
338,0.18449837588436693,0.006089085294285273,0.029678865767713454,0.5631441551805458,0.21658951787308858
339,0.040066359866695565,0.09392731694338609,0.1822303598692092,0.1083917280467956,0.5753842352739135
340,0.2836049091198628,0.006327551930894671,0.03311702780654728,0.5606241135486738,0.11632639759402155
341,0.31766977875722374,0.03148854839423867,0.2816477981503332,0.21892045332221957,0.15027342137598496
342,0.7566286370240636,0.03252336459238326,0.033601138718733825,0.05574912780431508,0.1214977318605044
343,0.007627333432182947,0.05751271523110049,0.28358862975229526,0.10167521767384367,0.5495961039105776
344,0.4744079341312986,0.03336259235386425,0.006511060609792454,0.398598446593079,0.08711996631196559
345,0.595118414998523,0.016543747728391223,0.05355971056641152,0.1587180655887588,0.1760600611179154
346,0.27937559081509744,0.010421031128178649,0.0511176563656218,0.45629202424972315,0.2027936974413789
347,0.2458314022259212,0.014229501813450597,0.034301480952493475,0.5205309605106971,0.1851066544974376
348,0.04998105060527798,0.4357681727694957,0.1994221319734504,0.007385881345981903,0.30744276330579406
349,0.13753668605406685,0.0017413185805187643,0.03440821859557565,0.6224510154474886,0.20386276132235004
350,0.30145357914539916,0.031420277559182114,0.19107361371347706,0.2689385963132422,0.20711393326869948
351,0.5256293635363557,0.00866215416746751,0.008695324999305807,0.30831812962751404,0.14869502766935688
352,0.00024202802957425646,0.08611086666890479,0.1868870352975612,0.0010124945535520847,0.7257475754504076
353,0.20442271894494524,0.004838595539051275,0.03532287654386026,0.6990797976747659,0.056336011297377225
354,0.6509722793476708,0.1944776965241515,0.015423062213308008,0.0060153757858445196,0.1331115861290252
355,0.35384333127737994,0.007083197463711308,0.020029501225164798,0.36947619308729973,0.24956777694644416
356,0.004712208028722322,0.7238442893404466,0.24995636061680473,0.00014006031431047515,0.021347081699715883
357,0.3444260157391596,0.06285988958703027,0.04879271151354461,0.0933925577866315,0.4505288253736339
358,0.49126137164685113,0.033437918471005475,0.018835076856392418,0.03687213050930075,0.4195935025164502
359,0.1409217307566609,0.329746754841166,0.2635032983376072,0.013871328182453405,0.2519568878821125
360,0.488122845916089,0.008595165029673934,0.016872610183393772,0.030700436896762523,0.45570894197408074
361,0.7202373141488239,0.11493664830545292,0.04689309245514856,0.012884608345169555,0.10504833674540523
362,0.013585625158048837,0.010868691221034324,0.11597419204353808,0.5055059605363116,0.35406553104106714
363,0.1959013070137062,0.009301978740379259,0.05390070523131264,0.5675718576359166,0.17332415137868531
364,0.4931228334513322,0.3455788405438845,0.07257357998855352,0.012549324241684649,0.07617542177454523
365,0.4496377402476469,0.03342352001499697,0.0566679249601676,0.2134259426945697,0.24684487208261863
366,0.00921616426074158,0.15009857569593732,0.7860699652239616,0.009176917976096294,0.045438376843263316
367,0.4094319505807053,0.02098198510135401,0.0343301681368434,0.05819523432123086,0.4770606618598665
368,0.025473513271157603,0.035745051774394916,0.6179129242663955,0.18563524773683943,0.13523326295121252
369,0.004356020959387051,0.37294125363090896,0.5301309508793961,0.006322566475088457,0.08624920805521934
370,0.6067229401094001,0.010965426728446786,0.058517448987452265,0.0802528280824323,0.2435413560922685
371,0.2694579384306254,0.003829578310439754,0.02502162018254939,0.44817008727520125,0.25352077580118415
372,0.6141033292866718,0.039296089180259924,0.06319253216273882,0.14662566170869606,0.13678238766163353
373,0.9867051231621187,0.0028110506360515,0.0023667081179964654,0.004483761945449724,0.003633356138383845
374,0.16751333557232534,0.0063488898110530744,0.06300047000213624,0.5928145551482752,0.17032274946621034
375,0.00015735790633174417,0.1548874868414446,0.4314308845082911,0.0012228988498992526,0.41230137189403315
376,0.23333299535878993,0.010722274957746232,0.02308552686735891,0.6654013889743181,0.06745781384178687
377,0.23749751689866275,0.001899988189277923,0.024104987205281883,0.45321529065093635,0.28328221705584106
378,0.5306315822478005,0.006017910677523233,0.008728613250306496,0.41710440438312624,0.037517489441243425
379,0.31146629475694265,0.007679715410006366,0.022507077120641494,0.4537197075069404,0.20462720520546906
380,0.12065532884801863,0.30441745028121237,0.23031056518320098,0.02060377630939309,0.3240128793781748
381,0.5274457781121435,0.0411292326522703,0.25358557250287506,0.011913359886255538,0.1659260568464554
382,0.0013342592575105482,0.13099091216941677,0.3902146843129928,0.001395970078655083,0.4760641741814249
383,0.0010541847709130154,0.4321853345852051,0.4127209136335306,0.0014594025877546551,0.15258016442259656
384,0.004473639873228498,0.017495153988806723,0.5534623013572003,0.021134509156646164,0.4034343956241183
385,0.29107692775943483,0.008119068797944542,0.020334252321493988,0.5424302108961767,0.13803954022495002
386,0.12183080187905232,0.006685915631808308,0.027962679843663556,0.6952775562716044,0.14824304637387142
387,0.000975828700468316,0.11793583058755301,0.21673953105212332,0.002114487227677801,0.6622343224321776
388,0.6079493275232962,0.02895541683444459,0.004580385821567641,0.27810266464424654,0.08041220517644505
389,0.9091083193364561,0.014224985345639282,0.012934165505737606,0.02147254891433767,0.04225998089782918
390,0.919202686300068,0.011787856159927628,0.016033293450470325,0.018579721444074087,0.03439644264546007
391,0.008214801513026202,0.007909433615839687,0.14931520164605258,0.7351110011552278,0.09944956206985388
392,0.00019662216352227263,0.15836160113407913,0.192151521715582,0.0013308268013722633,0.6479594281854444
393,0.9315056871440738,0.009077794958684498,0.012496591623842708,0.015569076411123983,0.03135084986227508
394,0.04325776541142511,0.056778856925502955,0.05858026881425089,0.031186823357659276,0.8101962854911616
395,0.160786357168947,0.007111826331571884,0.03996824987040651,0.5311787160093772,0.26095485061969753
396,0.14764783002898454,0.005864172787829306,0.03381521565722615,0.7276121017457059,0.08506067978025408
397,0.014420554075753527,0.015801835888100735,0.07359472708796862,0.5728429719394725,0.32333991100870463
398,0.3123799515042014,0.31854483506891773,0.20951593724025744,0.011530075728494715,0.14802920045812867
399,0.4682517117656099,0.009994140279705266,0.010217036325690012,0.3740150691477545,0.13752204248124023
400,0.6546365043025687,0.08425140759381476,0.028957374552378106,0.039881043996208745,0.19227366955502972
401,0.7518294774852289,0.06591589742294676,0.12793806025584611,0.005749119778130868,0.048567445057847144
402,0.39358927856932047,0.008086713882251939,0.009290184201320726,0.3212841384017026,0.26774968494540424
403,0.41391049645966127,0.008831689673787651,0.017675395403560674,0.5035472838888324,0.05603513457415798
404,0.0006672903479962468,0.4306354563061881,0.3922184696202099,0.0007377040292855328,0.17574107969632033
405,0.4870582720800882,0.03452338167623763,0.2629610675103616,0.1117960595194762,0.10366121921383639
406,0.2086856898316217,0.004028678054096107,0.03157575794593513,0.5986920706779371,0.15701780349040992
407,0.5640218703338441,0.0641991031598691,0.073090919444984,0.11248379202498673,0.18620431503631615
408,0.09627050564737245,0.004898122315183733,0.05043726987416566,0.7184654075992933,0.12992869456398487
409,0.729464172003519,0.01713690796265934,0.004033993974454936,0.1333650025744568,0.11599992348490981
410,6.716371497740113e-05,0.46937179678451546,0.17867651136697726,0.0007079746058600103,0.3511765535276697
411,0.04707943437807846,0.02153543620938518,0.017821168373767442,0.69004045035724,0.22352351068152873
412,0.776858318040493,0.10754028559426815,0.03872053134750864,0.018438107548235442,0.05844275746949464
413,0.24634060896802867,0.004945874293891719,0.017183470059248605,0.537571569970844,0.19395847670798705
414,0.9196541428037306,0.011862802743989435,0.01648098929052169,0.01784046062462524,0.03416160453713301
415,0.2126367209933767,0.003925699191635408,0.0395692757861735,0.5536671000069817,0.19020120402183258
416,0.9843737615071114,0.0022927208090820148,0.0023611161205238985,0.004473167827283698,0.006499233735999064
417,0.43042122745127587,0.0026023120395006686,0.01805721664224735,0.4920893012362339,0.05682994263074225
418,0.24629231151758024,0.007587675647778788,0.029684725216758814,0.5304532746761323,0.1859820129417498
419,0.8792228123275138,0.00709377658107312,0.01522876908701171,0.04438753817056025,0.054067103833840884
420,0.540736831093626,0.008364014985643311,0.07191465786286028,0.14250501771377486,0.23647947834409563
421,0.8560034826328718,0.00820868865853198,0.002120957057694873,0.10503249482612202,0.028634376824779206
422,0.0003883776670647756,0.4255013899245782,0.10087531874250927,0.0006581582968055583,0.4725767553690422
423,0.00016977634499645147,0.846220212927562,0.04946165859642162,0.00010702880421602253,0.10404132332680407
424,0.8086122065516463,0.11607592542176132,0.027668386145992322,0.007641867430189502,0.04000161445041048
425,0.2933203718675967,0.029995777572301607,0.13623571380664404,0.08768138250439644,0.45276675424906127
426,0.004685977115628545,0.3508902457824759,0.15675906127193986,0.020322509064578474,0.46734220676537724
427,0.7579964127711101,0.031957117001737124,0.1441884538039005,0.017750414788634903,0.04810760163461753
428,0.053047424606641,0.05864050025903507,0.6910416302058636,0.028262951294824035,0.16900749363363624
429,0.02596410546968909,0.06467024150928151,0.025801750247594242,0.3512346584774915,0.5323292442959436
430,0.001952801436804204,0.30265262318782643,0.22306132221100528,0.0027157209605204193,0.46961753220384367
431,0.3831548315508498,0.016777057684827353,0.033921793051559596,0.0586830082399233,0.5074633094728399
432,0.1934972602500454,0.007397335119652201,0.02602131163028197,0.6119072271401594,0.16117686585986105
433,0.2587062912018737,0.005195684851116154,0.015440496293654274,0.5123215463595467,0.20833598129380917
434,0.2888653899656648,0.008416633778163254,0.0382811219221,0.5988154129228874,0.06562144141118448
435,0.00041276145544175943,0.4547637558911218,0.10654296357685221,0.00021887776335835103,0.438061641313226
436,0.010114630673034197,0.42828676107141045,0.4654141865819609,0.0033824802377512594,0.092801941435843
437,0.7174268519177109,0.02895510177840058,0.043959018557497995,0.07968859492869308,0.1299704328176973
438,0.2680132978059796,0.0028968607308904088,0.034575554679552714,0.4976082006456339,0.1969060861379434
439,0.0028011471636513944,0.4465995805970135,0.44782568916711696,0.003254652709857518,0.09951893036236058
440,0.6011356953646689,0.06575439282663152,0.05230820870761608,0.08447282398410093,0.19632887911698263
441,0.013066608036065104,0.6251795325921085,0.20790388762820614,0.03099905530528836,0.122850916438332
442,0.39920620413206975,0.009663972184907887,0.015147754543778202,0.3860758205741778,0.18990624856506633
443,0.6976835303170685,0.03855854798363306,0.017307576113097314,0.0505332473959304,0.1959170981902708
444,0.16993679128558561,0.002879426840961941,0.018906756947604426,0.7555097435707396,0.05276728135510831
445,0.3031920380006334,0.006880649682018778,0.03409255462631159,0.5949571691618394,0.06087758852919695
446,0.39005168053621647,0.0021255477942465862,0.018937707777018583,0.4131512443265581,0.17573381956596035
447,0.4838372385254752,0.06382449961185144,0.07766418860369248,0.2666408069221419,0.10803326633683889
448,0.10295463488089172,0.28015036153543643,0.20204058721553023,0.006096814137282183,0.40875760223085955
449,0.6377509503617739,0.13078870193000441,0.1401872500279068,0.017343327516028465,0.07392977016428642
450,0.06901968905339384,0.024748780149929553,0.032560973313517635,0.23817837154693997,0.635492185936219
451,0.001150100851742661,0.09278942274819754,0.1731801960891268,0.0009382352555603472,0.7319420450553726
452,0.33453599657292876,0.011727867549114337,0.13175009417946845,0.34952773479621674,0.17245830690227165
453,0.3543781048016879,0.003657014388032043,0.0059470740875457225,0.5829467165029985,0.053071090219735856
454,0.006791412339958819,0.383158696320153,0.5269944811752456,0.005990606056362303,0.07706480410828019
455,0.37374463106116185,0.0044006411168292315,0.019983851387098954,0.5118501885464473,0.09002068788846274
456,0.38644647729766046,0.004480035319753578,0.06228902283733814,0.49833798328922585,0.048446481256021946
457,0.8107197549453139,0.029835777172906374,0.04111224078277235,0.029475586299697595,0.08885664079930992
458,0.013860033498969963,0.033350875553087446,0.1513531861256641,0.49897908257943185,0.3024568222428467
459,0.6669777115658586,0.051118593853255304,0.04048220256997289,0.10993720129410377,0.13148429071680937
460,8.41416869837313e-05,0.3269508735398591,0.2321224803233341,0.0015443297125905832,0.4392981747372325
461,0.5598424642216998,0.006006698120563572,0.0090192868042299,0.3709039106466893,0.05422764020681753
462,0.09222712671455569,0.0032397633096603153,0.02275149532932967,0.7269936185974937,0.15478799604896065
463,0.006311617197102108,0.2768932173310273,0.2599496941008687,0.003519887697237709,0.45332558367376413
464,0.01880562578335408,0.01251877589035564,0.08770715789249857,0.6175939695887741,0.2633744708450177
465,0.3066057169524347,0.0075480826172773414,0.02712366663062367,0.591256046043855,0.06746648775580924
466,0.4600104972416655,0.009873989629229208,0.02253958220510722,0.40621044661644046,0.10136548430755762
467,0.010335461120622213,0.06447155869604522,0.25116187136833346,0.07778211775421097,0.5962489910607881
468,0.5499500246229985,0.0176552860433407,0.047355488965123024,0.33737356938980095,0.047665630978736814
469,0.5424924396183664,0.014125615977959777,0.042624281468689004,0.222567340126134,0.17819032280885064
470,0.2264266809082822,0.04589900715942081,0.1411136121805298,0.13668868718757698,0.4498720125641901
471,0.02478396044130905,0.21618130954841994,0.594287497130455,0.003286056075967681,0.16146117680384822
472,0.00444629290528847,0.04924683703145604,0.3917630203023742,0.13789386439651538,0.4166499853643659
473,0.6786777856311084,0.08973636693882077,0.04430798326216585,0.009803031965210257,0.17747483220269467
474,0.29468089040550927,0.004834007446530812,0.031418418845861044,0.5604377411584949,0.10862894214360404
475,0.33370185308024325,0.008223658386472751,0.017492708823959917,0.5686540833585136,0.07192769635081049
476,0.8391444845158699,0.007744481356768938,0.01575627430440473,0.09892229122420598,0.03843246859875014
477,0.005405700290049041,0.4363598372872967,0.45348427839612526,0.005840731120173074,0.09890945290635592
478,0.2519132056862159,0.00569022642488412,0.01830493623524833,0.5923995627381591,0.1316920689154926
479,0.03171256468441375,0.4505803371883369,0.43046334940735126,0.0025107101182782043,0.08473303860162004
480,0.9246858399390331,0.028661411341659095,0.015362374672615357,0.010348647499499078,0.02094172654719339
481,0.007175046104983636,0.005331271846212724,0.059661360214651314,0.6763195957222352,0.25151272611191705
482,0.056167613623802626,0.014627908321593643,0.07065104144693644,0.7308661140123699,0.12768732259529744
483,0.19419364730294214,0.005544332204708628,0.038102189904345045,0.6496189820736836,0.11254084851432056
484,0.06885654476568026,0.08601108422029886,0.04974756398085689,0.03328007918088681,0.7621047278522771
485,0.6730652770093178,0.03221560074729074,0.02343435394264302,0.13484386011284585,0.1364409081879026
486,0.007651594797775384,0.014739346218536196,0.10826987409060561,0.6321535694537587,0.23718561543932407
487,0.7406689523153608,0.006741351638115947,0.0037339908254295437,0.1651548424022974,0.08370086281879638
488,0.40476445193809135,0.03803464259030292,0.005714689846336898,0.37011187126015915,0.1813743443651097
489,0.10521042260988583,0.4549569047462947,0.17847409432761369,0.007096334834750436,0.2542622434814554
490,0.00016006950441974142,0.6990770448298028,0.10594390803293299,0.0004105756366829404,0.1944084019961614
491,0.0008783494004566375,0.36486804725765426,0.5473460464623002,0.0038197605088140054,0.08308779637077493
492,0.014852298750739219,0.025608291621863497,0.041539761332943424,0.6045446084119691,0.31345503988248474
493,0.2090925992077916,0.006636646102503667,0.0256195474807053,0.6884689273876421,0.07018227982135744
494,0.41742500171895663,0.0038448018276197216,0.02877329930086299,0.49617653426652786,0.05378036288603282
495,0.03209411833243774,0.03049586902108513,0.05554455447613174,0.24967407615840229,0.632191382011943
496,0.28702236079148674,0.014273306478611828,0.12647915123979517,0.09081320578521804,0.48141197570488836
497,0.3142305750269196,0.08747481886556271,0.09423547672223312,0.2465874558013367,0.2574716735839478
498,0.36663005886457534,0.007188750717583276,0.026883069303893503,0.3885351125187469,0.21076300859520086
499,0.753613038874411,0.02064867694707275,0.03407024216763038,0.06022882150312115,0.13143922050776474
500,0.15069511466824004,0.003109069462760611,0.03171510548063077,0.56377666422245,0.25070404616591857
501,0.4027616317611397,0.3495798634858157,0.19274745463518048,0.0033851985733149713,0.0515258515445491
502,0.2580984848133356,0.0022422155502584704,0.029995265275946092,0.6410861635526519,0.06857787080780807
503,0.27340550364688937,0.02616790660231568,0.4053591207715261,0.15282429191668584,0.14224317706258297
504,0.8020453260676395,0.16492828897945847,0.011800233575713514,0.006917254611381382,0.014308896765807162
505,0.23845985666796027,0.014745606730715592,0.019427984497497316,0.6098692137790356,0.11749733832479124
506,0.18176664601887313,0.005866437969858593,0.011996609950110414,0.6329645123516406,0.1674057937095171
507,0.030232626877410677,0.025453932435149824,0.1529137406471713,0.701827971790504,0.08957172824976412
508,0.24332941234085897,0.008054290872558774,0.02968090592220943,0.5117477582785,0.20718763258587272
509,0.3843394697054101,0.057584152302422205,0.15817161937919533,0.24982894472044054,0.1500758138925317
510,0.9566779555425646,0.011151405710038668,0.007324703857344919,0.0056097551022386396,0.019236179787812998
511,0.8300025972311529,0.0363335759368604,0.02586820647448598,0.04513765451001508,0.06265796584748552
512,0.12018334118018612,0.006587921425795489,0.04044126202977748,0.6796690591345875,0.15311841622965322
513,0.4309439433970668,0.0044079309637716285,0.014578905850697387,0.4672568004359391,0.08281241935252513
514,0.4917276947478707,0.034266395287581373,0.2666540168188332,0.0759484804234278,0.13140341272228695
515,0.22032422420322226,0.007565622347965845,0.03242158126054266,0.6338672055071936,0.10582136668107575
516,0.20468935120088888,0.11052436602806189,0.12736969777514973,0.42360995231337295,0.13380663268252668
517,0.1597080424774438,0.10952601588659153,0.2559406157991329,0.1738849952583037,0.3009403305785281
518,0.24731689170078752,0.02351080599874864,0.15286056796856373,0.1297509206666504,0.44656081366524963
519,0.00047922876414663974,0.2282423278082723,0.16482562587928357,0.0008538737994781902,0.6055989437488194
520,0.0005177574893664424,0.32448982954713274,0.5849817936598367,0.005338806709419255,0.08467181259424474
521,0.2578979213048517,0.006976040664516455,0.026474001613152335,0.4939339796721285,0.21471805674535097
522,0.1587611960678932,0.19396402681142375,0.04671243566685874,0.11450431981387275,0.4860580216399516
523,0.8510475283943025,0.008189635101780744,0.01776359328668736,0.0700088053974443,0.05299043781978508
524,0.2657465674451858,0.04373555947542415,0.0672835630642049,0.3145838928252336,0.3086504171899514
525,0.7405196029692525,0.054579147836397425,0.04025876229160775,0.05403830679346973,0.11060418010927256
526,0.23191727768121037,0.011046783511007754,0.05379826394119725,0.4898181918050466,0.213419483061538
527,0.35503986378591873,0.002802164750615674,0.020287224165337864,0.5231935223420222,0.09867722495610556
528,0.26643171347726863,0.006434007807389192,0.03165933096812877,0.47989527976685853,0.21557966798035497
529,0.00189209314732104,0.2507169917834931,0.211146951597732,0.002320827977060047,0.5339231354943939
530,0.9222577460513356,0.032672534207666734,0.01646825966291671,0.012149219760510855,0.01645224031757022
531,0.00031588772915819963,0.5885652640990402,0.13434190647898742,0.0005684955526292015,0.27620844614018514
532,0.3280791990444534,0.0046226174027526054,0.03031703870450159,0.5755544867725466,0.061426658075745884
533,0.8854050323733529,0.015311241147486488,0.004629355099661891,0.012291104672422374,0.08236326670707644
534,0.7203269371830922,0.01943377787815599,0.057763840554204166,0.1074849329711209,0.09499051141342693
535,0.02469645970808466,0.16088447451798538,0.6622340224303858,0.012524840996153253,0.13966020234739082
536,0.6281331918130469,0.02519560053491187,0.01669230819673067,0.025427771477872483,0.3045511279774381
537,0.5679185720590147,0.002445225190150344,0.009791399187990917,0.39045608548799055,0.029388718074853545
538,0.33303739315882447,0.06890528865083982,0.10062751596184445,0.3019969612537796,0.19543284097471172
539,0.22502714247029515,0.00749385421687833,0.03144234079773351,0.5862857085608358,0.14975095395425717
540,0.008831602357149899,0.024881637519848423,0.15145419627227724,0.5243725509892903,0.2904600128614342
541,0.0912606036445681,0.12387161231492123,0.06436237440573309,0.06905238124842773,0.6514530283863499
542,0.00019850410205023115,0.21495022720255727,0.19916355155971463,0.0013479238800451442,0.5843397932556328
543,0.8791532563970714,0.011125976333150973,0.020513677974203007,0.012358505900837797,0.07684858339473687
544,0.004897165787978295,0.2252402885618145,0.6215115425195713,0.0033512391348486854,0.14499976399578723
545,0.06917682252233436,0.4309895852684964,0.42602245184161747,0.0009334092846197944,0.07287773108293195
546,0.3520414196652061,0.0051867956986982695,0.02150916188770707,0.5600631943977636,0.06119942835062487
547,0.0002181371230171014,0.21660125487219656,0.16086038398886987,0.0013401471208052804,0.6209800768951111
548,0.5064973984285384,0.0063546485973193356,0.017989954936038936,0.288744114535252,0.18041388350285126
549,0.03124895646918429,0.02840042521618395,0.15038622642119442,0.08066437638927296,0.7093000155041643
550,0.0005870919765213338,0.20580617776782642,0.25057848907379476,0.0013353753164215177,0.541692865865436
551,0.26999816006429866,0.01206987720065531,0.010240870594480674,0.41212454739935467,0.29556654474121064
552,0.3797149519321807,0.002510826497623874,0.014145013824877515,0.38062183054969195,0.22300737719562588
553,0.329924107571958,0.006183793314868424,0.008592350869848882,0.40616634491047515,0.24913340333284947
554,0.8622306390406431,0.008189992852498624,0.01669423540588193,0.041441099201125695,0.07144403349985072
555,0.0055755327086587075,0.2500662132545585,0.6011627967215047,0.006212954446141195,0.1369825028691368
556,0.11091019419828134,0.041803184604240325,0.2854663522425043,0.1685607064876268,0.3932595624673473
557,0.009749058032806629,0.005384924361254514,0.09374737570606399,0.619122980108303,0.2719956617915718
558,0.5144976990114475,0.007338300712921949,0.011596904405720075,0.2660550548236648,0.20051204104624573
559,0.7680647458124735,0.015375654827316523,0.00842474617947437,0.022115038970870037,0.18601981420986535
560,0.1883286825986706,0.0038915595588816824,0.04319843253340905,0.5541057346121496,0.21047559069688895
561,0.4829590196242591,0.002620367339243325,0.02071793167402357,0.465124288161555,0.028578393200919008
562,0.16297555971012148,0.005322768367691248,0.031672166949394565,0.7614188396775186,0.038610665295274134
563,0.0107785364418039,0.015434051323968256,0.14992362533663822,0.501091252071671,0.3227725348259186
564,0.42320402423467124,0.007813086760946527,0.014223124627487526,0.48162056172882456,0.07313920264807017
565,0.007638243383674354,0.019490951927723515,0.6449051715060086,0.021535284839286302,0.3064303483433073
566,0.27027528460300365,0.0072398573603528445,0.010220270549742842,0.4441596701588202,0.26810491732808034
567,0.004006229647036047,0.07446005553758395,0.048547118895977896,0.04211991382116365,0.8308666820982384
568,0.6189120745430485,0.015854435938723585,0.04230429338607064,0.25326127379433977,0.06966792233781738
569,0.2894696894387529,0.005574851261489861,0.011500946266144152,0.6496442885685093,0.043810224465103784
570,0.5212439632762732,0.006009335037825833,0.006647241149068497,0.1831739352458052,0.2829255252910273
571,0.7888545566756123,0.03321286462076579,0.003002252558553384,0.12605086010660724,0.04887946603846103
572,0.3017412199908289,0.002403794514816116,0.01375412516755111,0.6388525646526656,0.04324829567413834
573,0.013520716265817516,0.011016088767560678,0.15528155994371345,0.4802070353578179,0.3399745996650906
574,0.000903180277963665,0.21706899432489907,0.13978620244666895,0.0009098538656753213,0.6413317690847928
575,0.9676240440694718,0.0041340999809603065,0.006499153771250777,0.008655469680424502,0.013087232497892653
576,0.9579159696144816,0.006145131129946979,0.00500993908453297,0.020247870105233542,0.010681090065804874
577,0.18077917576693775,0.0050524401464844895,0.026933399576618618,0.6550838816606963,0.13215110284926282
578,0.35307215575095025,0.33261875775774424,0.03066783119074052,0.011483612713856015,0.2721576425867089
579,0.031915449886789,0.06643270300321652,0.6843570386907896,0.026456400760589298,0.1908384076586156
580,0.3191671664274732,0.011033360429251063,0.020602519988991475,0.5515509036459116,0.09764604950837259
581,0.26073772165358483,0.003158817949455628,0.03245826855182767,0.5405039154941009,0.1631412763510311
582,0.017590821580867208,0.05159284403715921,0.6855437940324078,0.02499501187202226,0.22027752847754342
583,0.19720496246399663,0.0105603409966194,0.032181188800394105,0.5818622349170052,0.1781912728219848
584,0.7038734852795983,0.017449170943366225,0.02878410677739513,0.17700027494993611,0.0728929620497043
585,0.27436018869094103,0.025204116472705713,0.07443753717353216,0.3133995231672349,0.31259863449558617
586,0.0785544807859251,0.32208901476556784,0.2204556609841316,0.008164887908708061,0.3707359555556673
587,0.6450953674691999,0.07510851454183805,0.18662621461185777,0.0259514535695679,0.0672184498075363
588,0.03065442113221001,0.10535503775003503,0.13527794450397768,0.06659995190984352,0.6621126447039338
589,0.20835326475802524,0.06518384896217212,0.12020550023743665,0.3771083223728997,0.22914906366946639
590,0.3517254246141602,0.007691651164716494,0.010157126287944043,0.46771491387877717,0.162710884054402
591,0.2505217611872907,0.0036102361776593427,0.009654384832236075,0.675091011594594,0.06112260620821993
592,0.19764727790594672,0.01576994858220228,0.04883249381444652,0.5351796792841594,0.20257060041324496
593,0.0011480420191004295,0.24134427235768854,0.14036524532143696,0.001934643664820576,0.6152077966369534
594,0.06326716162398836,0.007130368367534701,0.02545714409414332,0.7643570203273097,0.139788305587024
595,0.5645031312160643,0.07389877569906578,0.060889770870263864,0.21102925912352868,0.0896790630910773
596,0.18290545240422196,0.004903613388582972,0.011028169447163602,0.6321081910886233,0.16905457367140816
597,0.6026461100484354,0.005548307024112032,0.058385915643634094,0.2757736281931247,0.057646039090693775
598,0.22618480662043028,0.00444650724275557,0.026159860378661786,0.5125444177606564,0.23066440799749596
599,0.6792318156690299,0.012416548757070687,0.0058989790755501585,0.20069136653056488,0.10176128996778441
600,0.04801225671040062,0.8021201421997236,0.087726427234177,0.000980280508357864,0.061160893347340935
601,0.0031528371491046127,0.38801254515946004,0.4997874768653319,0.0031453465843058444,0.10590179424179766
602,0.4255074303408165,0.0024217643994571677,0.016998443830912383,0.3695644302339854,0.1855079311948286
603,0.23284491219742312,0.17307260428168036,0.16140199262262866,0.34985007790401246,0.08283041299425536
604,0.009685275260310872,0.012010265494843613,0.02130294449593736,0.7488148212881248,0.20818669346078336
605,0.0029490674376466135,0.3197276642871315,0.21284987434820954,0.002952294307754891,0.46152109961925747
606,0.00801725851463114,0.1509459978496997,0.69983457959586,0.00989695155159973,0.1313052124882095
607,0.5192095654169608,0.02356235312703086,0.04177257886820452,0.24709437764950543,0.16836112493829833
608,0.05938424229891706,0.07837483069260845,0.5874704078559057,0.095133473049698,0.17963704610287085
609,0.003114469682359362,0.23694539358984462,0.4505026960584943,0.0025570664352323907,0.30688037423406944
610,0.028909868556620803,0.01763053809940411,0.03554303561548193,0.5134995847382792,0.40441697299021395
611,0.4419430100700993,0.011859500258662375,0.007995702476654995,0.26176189105804804,0.2764398961365353
612,0.3275649443800631,0.05526538525602318,0.06089725160639172,0.27266335836236566,0.2836090603951563
613,0.739041162289169,0.019946626013887088,0.034885803603256306,0.05866926242884243,0.14745714566484502
614,0.3447532027691364,0.014291279905779133,0.058665279313385756,0.3153990270184398,0.2668912109932589
615,0.5927840529479889,0.12625751518219613,0.06616080887255953,0.10487803136550873,0.10991959163174664
616,0.24681350489271578,0.00758625342400559,0.009453662552903721,0.6718128020851519,0.06433377704522289
617,0.5770905867368153,0.021024634664746585,0.03956473529314048,0.2884048188255597,0.0739152244797379
618,0.29212713075234537,0.004565384846725865,0.017404733486930737,0.49408301297021123,0.19181973794378684
619,0.9597869080287441,0.007866847394114428,0.008606297339686028,0.013073953753690989,0.010665993483764387
620,0.9475330433792251,0.0058237727970006925,0.008485793191300566,0.006814475263363017,0.031342915369110845
621,0.037513007784594654,0.06358548271757343,0.05487769985922065,0.019047784776396872,0.8249760248622143
622,0.7144136668124558,0.01007465905615658,0.02419006563964881,0.2169083062491208,0.034413302242617884
623,0.10679069498603683,0.020135142540284392,0.3855473850526799,0.09666927069124216,0.3908575067297568
624,0.242353205125168,0.001948424961899849,0.03615310001587102,0.4617715737850079,0.2577736961120532
625,0.20392805728664967,0.015696340737281933,0.04702113042987083,0.4654634928985966,0.267890978647601
626,0.05821435501197693,0.009306447269538736,0.03213126910814847,0.21058917672452374,0.6897587518858121
627,0.1966142048808997,0.07761325542051052,0.14102700558522202,0.3951669463153373,0.1895785877980305
628,0.04096434863667076,0.041751096491747026,0.6462368797357122,0.001704844542048745,0.26934283059382125
629,0.27958179855477805,0.003439482875034819,0.02088536031188832,0.6450500248506934,0.05104333340760539
630,0.0009680129395019662,0.29692416645329983,0.24425313866746812,0.0031566356413204933,0.4546980462984096
631,0.19880774348102395,0.010305857380025523,0.03246181435326319,0.6183322442619738,0.14009234052371355
632,0.5708610726258762,0.004959954674071772,0.005740191707418257,0.3117200825463619,0.10671869844627192
633,0.7974420019687676,0.00899288423020952,0.0251517544213389,0.0390242519659533,0.12938910741373086
634,0.5118583601225444,0.018607755436135617,0.017884671038877965,0.040142906515316365,0.41150630688712564
635,0.00317024940136316,0.21893055447383314,0.294857209689629,0.0027055699107443733,0.48033641652443043
636,0.25749747048330346,0.20171274413275306,0.3865541585803959,0.016175610583298118,0.13806001622024947
637,0.33489917711660816,0.24923752414519912,0.04137669477401064,0.013691637327008123,0.3607949666371739
638,0.2003346785923546,0.012638152801811953,0.016574427963320364,0.5752183094311653,0.19523443121134784
639,0.0002083446643379299,0.24882303592502394,0.160256026513988,0.00126139898253895,0.5894511939141112
640,0.6842479233869989,0.021724976556337622,0.035050284433446245,0.10019487498152642,0.1587819406416908
641,0.06443017443172498,0.057656331455944294,0.715991991824988,0.013874333395197246,0.1480471688921455
642,0.04249539440698465,0.5119943129396575,0.18979588359106708,0.006987968947049609,0.24872644011524106
643,0.0503200880514053,0.3652294637934675,0.5032209991202848,0.0017743186311322636,0.07945513040371005
644,0.4149648522012243,0.003263214464105453,0.022503165622227664,0.42267523483796654,0.13659353287447598
645,0.8169923742121697,0.00981539093045247,0.023967474642213223,0.039765491823360914,0.10945926839180367
646,0.2773657295346693,0.005049098276942523,0.019907795130706056,0.546887522829823,0.1507898542278591
647,0.2092952345708384,0.005840160998547045,0.05206505812438612,0.5363412613847905,0.1964582849214379
648,0.004097526965591438,0.4307334496772157,0.1808223422648924,0.0027586522804985466,0.3815880288118018
649,0.02275305819829675,0.05677318521760657,0.24875407725351226,0.11818623647655448,0.55353344285403
650,0.0016510272316384083,0.20409589663644626,0.4774250391814674,0.0013282258501566523,0.31549981110029135
651,0.0006974223589193678,0.15540632226092796,0.4517446826691588,0.0012937617751242018,0.3908578109358697
652,0.5211392057032829,0.009615952845328709,0.015601217162806479,0.3540596792616937,0.09958394502688822
653,0.1912985539935607,0.010582955975271417,0.0356151282525891,0.5821915184715382,0.1803118433070406
654,0.7140578839172781,0.027303211714442263,0.020790186271362747,0.09786013506440847,0.13998858303250847
655,0.9627958045794032,0.007655020340601043,0.007706849092113015,0.01052030899038536,0.011322016997497433
656,0.02450877145590302,0.013926356481907076,0.02857586564240132,0.21114502903025506,0.7218439773895335
657,0.058432964991379975,0.10085567052645333,0.02161528608935873,0.03655408247823596,0.782541995914572
658,0.3866606598563182,0.006982213641809177,0.013562639444540909,0.5434065716223384,0.04938791543499332
659,0.8925617438234732,0.006946040618447496,0.01610479301598308,0.01341122215604153,0.0709762003860547
660,0.2955540590761106,0.00785944126643243,0.029001659561526512,0.5000025235150132,0.16758231658091732
661,0.0011664080502477,0.18100934751731093,0.1477905821699824,0.000853852207241678,0.6691798100552172
662,0.5047245649260345,0.02951618835164333,0.12789597720076776,0.1773705683385256,0.16049270118302886
663,0.4188614273859175,0.003184872509788572,0.019705885233976747,0.39615455183053033,0.1620932630397869
664,0.22876395736846844,0.031442426789174506,0.031658787453602906,0.6226931278850094,0.08544170050374492
665,0.4390120822058731,0.006530510704105763,0.007486434072512111,0.4873934584472067,0.059577514570302165
666,0.7612363803762203,0.005724081021488788,0.0027393291090619886,0.16097589563311435,0.06932431386011444
667,0.3113998044472724,0.023566313378597242,0.13519578450182473,0.339920873040269,0.18991722463203659
668,0.3681694340209116,0.0022841767691481447,0.014420289649797064,0.39978895085594685,0.21533714870419632
669,0.316636621516491,0.003417605428607521,0.020438837598995063,0.5340663383835844,0.12544059707232183
670,0.3962203280304956,0.024701918261335196,0.013544472089786248,0.5039320406944806,0.06160124092390239
671,0.27056918503795635,0.12404532711743038,0.2740665303800572,0.027539143400365184,0.3037798140641909
672,0.3726985871596873,0.006848317073238355,0.010104602177883209,0.24100256962677952,0.3693459239624115
673,0.0014565803287126542,0.22808208174232353,0.18801935426160565,0.0008230740102314014,0.5816189096571268
674,0.378910603307637,0.003315297494710963,0.02817759073526292,0.44962768554686705,0.139968822915522
675,0.2724795855989316,0.03593929499525637,0.10183489514335797,0.37167993017507234,0.2180662940873818
676,0.018574703988658178,0.2691000139397079,0.5985218142822388,0.002987773491047485,0.11081569429834759
677,0.02434620079583993,0.5728848511612145,0.35713007391170887,0.0007172130951167125,0.04492166103611999
678,0.3197654746219064,0.03986633890135868,0.0978715156810303,0.09152246824221204,0.45097420255349246
679,0.01972185880288703,0.008306691331639979,0.04427635772932853,0.19079443372188323,0.7369006584142612
680,0.30883380691980405,0.0693444000196918,0.2046838854799239,0.20277643415228327,0.2143614734282968
681,0.05985353083415368,0.05016000666154572,0.03680936015038391,0.3580484543957135,0.4951286479582033
682,0.43697739061482216,0.0023487469431814987,0.010617322913092506,0.5303625955629159,0.019693943965988076
683,0.8038078147252432,0.02445730768398365,0.012472687415425407,0.06719088386985549,0.09207130630549241
684,0.7542115701887746,0.0061297608346277095,0.0053706786710477905,0.18037879180140362,0.05390919850414635
685,0.3407065709105002,0.009245445802656292,0.032903114773170934,0.4668532815389419,0.15029158697473052
686,0.3536400272445597,0.007896153131522497,0.029729569638976366,0.41842213899003705,0.1903121109949044
687,0.0049116503073973064,0.2540989319209039,0.6320802044521646,0.006048999206328462,0.1028602141132058
688,0.7440089661863606,0.038751459381173074,0.004081004234332037,0.039857751529242015,0.17330081866889233
689,0.2515295806670515,0.16614015255262055,0.15081758492832525,0.2991388005916385,0.13237388126036428
690,0.7462150849141408,0.02628167381069508,0.14917543001390876,0.006229332128387541,0.07209847913286764
691,0.264062729241997,0.004937391370908392,0.02892381933293875,0.4647736314411273,0.23730242861302844
692,0.4870677739017125,0.1463315174769022,0.10885033266386983,0.11935421033946726,0.13839616561804827
693,0.26869241302249663,0.006726277166679326,0.03319338567866918,0.6469049005524776,0.04448302357967728
694,0.17835351384234016,0.008122895047816098,0.014222799670339651,0.6878051922536867,0.11149559918581733
695,0.45846320334975504,0.08238699271762012,0.13257097451963035,0.2648945621202632,0.06168426729273142
696,5.3538836072970027e-05,0.561331049416516,0.33452833649617764,0.0005352043576071859,0.10355187089362634
697,0.15642061652066175,0.0015611891247003292,0.03495312330509581,0.5561739974431713,0.25089107360637064
698,0.001765615236530777,0.13947388541333203,0.45203237605948904,0.002356880150869474,0.4043712431397786
699,0.024043443805567756,0.020044477911796275,0.037608765929685234,0.31641362291812475,0.601889689434826
700,0.009357624425487059,0.10482097727917128,0.10206316448767035,0.5301097673280728,0.25364846647959843
701,0.07827094555220981,0.03353261016161223,0.44565509532335257,0.14517202585412045,0.2973693231087049
702,0.6529626577581514,0.01048707502799807,0.005583756037731837,0.1762578623130913,0.1547086488630273
703,0.08081567667956496,0.43966663331328154,0.24052897883920274,0.005535845544646193,0.23345286562330456
704,0.25749747048330346,0.20171274413275306,0.3865541585803959,0.016175610583298118,0.13806001622024947
705,0.2809339340346162,0.06558663456595391,0.08902531830012464,0.27203899383103575,0.2924151192682696
706,0.769600005403159,0.15739072363490422,0.022307590331426878,0.007560058853800469,0.043141621776709285
707,0.43430315093405797,0.03278885820649464,0.1344622199480365,0.31500646934282095,0.0834393015685899
708,0.02048012998921517,0.04320482206038461,0.02440047021803642,0.35438674417002874,0.557527833562335
709,0.3308020049885768,0.0034469665697977334,0.005996185360788761,0.578524879186858,0.0812299638939786
710,0.3493014970447637,0.009046555127101322,0.025644981693704206,0.5333992107158624,0.08260775541856832
711,0.2724518835807166,0.008294835260309052,0.025173103143706476,0.4744016738618013,0.21967850415346657
712,0.8420702417310966,0.05917276983129291,0.02552081499119998,0.012442970831058614,0.06079320261535183
713,0.0003617180620301402,0.11510371408152695,0.14216608204668904,0.0008362940263818851,0.7415321917833719
714,0.5590917447779081,0.01516901984342076,0.04905421477024242,0.3071319621309393,0.06955305847748935
715,0.2814896216111969,0.0725075927392839,0.07568263362367815,0.3602450220692754,0.21007512995656563
716,0.47566689766802495,0.005850313047902223,0.015416062634439478,0.46426780663597095,0.038798920013662384
717,0.9714512155871634,0.006087529182032519,0.004821713622879143,0.006968272378665126,0.010671269229259627
718,0.00016960177493061178,0.4570215413305314,0.178562953614874,0.0009036416177091787,0.36334226166195466
719,0.20035084523892793,0.005800411222027734,0.03468916652757488,0.6168343724766907,0.1423252045347788
720,0.6997068485283849,0.01741481251059063,0.006662823667207287,0.012465361320093155,0.26375015397372387
721,0.42252551756592316,0.013374303196097842,0.009342420393095208,0.2436628837336255,0.31109487511125816
722,0.3720493858347822,0.3216203486441048,0.03957557267358747,0.012033037773427992,0.25472165507409766
723,0.9701389354605287,0.003559454512309673,0.00645057047284762,0.007267310886785727,0.012583728667528262
724,0.2567546656685476,0.1900521696572741,0.17524867213314554,0.29144757608448874,0.08649691645654407
725,0.9400628999463001,0.018608495804748926,0.014434876387334308,0.007659496844438218,0.019234231017178364
726,0.3709304281052017,0.00516780910303092,0.028210118130796432,0.5188112735996687,0.07688037106130223
727,0.17741041631429058,0.012837198434604588,0.031225004679887102,0.5657340780375621,0.21279330253365558
728,0.1958579696462887,0.004087053461088894,0.02416434791423212,0.7104675373289249,0.06542309164946548
729,0.9773902616273233,0.002844598647727705,0.0029294573054708586,0.007471056847177281,0.009364625572300679
730,0.8253295562858769,0.035187488330107666,0.029400651000304902,0.021066772466759084,0.08901553191695157
731,0.1295419534659759,0.05054753739479431,0.6277617127507428,0.007027381818361247,0.18512141457012585
732,0.20641328691166108,0.001989782677757115,0.03141410483053888,0.5426537465421399,0.21752907903790297
733,0.021443011163655466,0.31822016354388316,0.2807455687621079,0.0010716969030206368,0.37851955962733275
734,0.30504946576997694,0.00464822317021517,0.0347955777803442,0.586097467613933,0.06940926566553066
735,0.014800529539381293,0.02377040943110886,0.07467624517902362,0.48652521239821717,0.40022760345226904
736,0.921103292611949,0.018442413932320725,0.010554884464694986,0.012925807775332369,0.03697360121570275
737,0.013402872510500577,0.020921679824329745,0.08170142175261583,0.7480990039630991,0.13587502194945467
738,0.23914767227486627,0.3984544329202482,0.22801151629387764,0.015672489690290246,0.11871388882071773
739,0.0009110462880045541,0.4882545837795697,0.1786835877197933,0.001420709694871768,0.3307300725177608
740,0.930792764995787,0.005585098140287042,0.009304236988281417,0.03418840728862249,0.020129492587022103
741,0.1667692093462159,0.013590190519243994,0.24509908540800837,0.13395845583672003,0.44058305888981175
742,0.6361983498591343,0.010088025430701432,0.045353220340169954,0.2505788322933305,0.05778157207666391
743,0.3229538207121131,0.11013320634282486,0.09470726527058161,0.2659247901231066,0.20628091755137373
744,0.18055430426864347,0.11728941217156598,0.20356833777577238,0.014230084349826696,0.4843578614341915
745,0.3067549047075538,0.004590437100612244,0.01139751439598684,0.3643900265892807,0.3128671172065663
746,0.04128667394805726,0.08691261604607008,0.046130832544843396,0.022665707659216654,0.8030041698018127
747,0.5511269085383965,0.021909930351516744,0.00694697360599098,0.29902390136998724,0.12099228613410853
748,0.3904747295729033,0.04780596435117708,0.10189264796213145,0.33115244284461576,0.12867421526917244
749,0.3492621485596821,0.010427865962144579,0.021804432535010222,0.41198862709405076,0.20651692584911233
750,0.010009445043635566,0.35897824200246753,0.5000844425388911,0.0023252203122870853,0.1286026501027188
751,0.3203276457690812,0.005186229445603245,0.008448497232967625,0.494559342871374,0.17147828468097387
752,9.391015512472742e-05,0.22519758609512192,0.1482414573961282,0.0005200340933208381,0.6259470122603042
753,0.0595622456587051,0.26414177514557696,0.16123730502572278,0.18662247381963412,0.32843620035036103
754,0.6802234198173304,0.005965619936818551,0.0023386999923301764,0.22486829604590095,0.08660396420761979
755,0.45739695363880567,0.004307374165825839,0.014798775010929244,0.47413963897804423,0.049357258206394895
756,0.3850387547500717,0.0045040806242154785,0.03072711197453941,0.5433235883726951,0.0364064642784783
757,0.005898385142837961,0.021776766990463246,0.07733220977633411,0.6347410703176525,0.260251567772712
758,0.005903047829284593,0.013393344045859625,0.13760206713751194,0.7737681371555708,0.06933340383177297
759,0.2145200890071748,0.010388893620813083,0.03306570056285488,0.5506126915891939,0.19141262521996327
760,0.8589193817578301,0.03254879687967721,0.02841508360361849,0.022582886452385736,0.05753385130648853
761,0.2594402155776753,0.028177627233808233,0.0675985006044123,0.3517850029823988,0.29299865360170524
762,0.369813638074404,0.06976909381506029,0.3231238789794162,0.03437408521945723,0.20291930391166227
763,0.0016095067845852996,0.3394113267603431,0.5774834508910729,0.005798243247226888,0.07569747231677179
764,0.0003598126179411827,0.3144135795463233,0.23093506222309576,0.002160928241248863,0.4521306173713908
765,0.0010223423139731434,0.20875033838903628,0.4045418317114577,0.001498872766084538,0.3841866148194484
766,0.8548692525326157,0.06264305467171455,0.027253544764360624,0.017105361551258524,0.03812878648005055
767,0.003527518205257294,0.3549297748183125,0.5587057373026114,0.0031654152563934347,0.07967155441742534
768,0.3292382762744162,0.075220723865794,0.18062440514734518,0.245409505005297,0.16950708970714756
769,0.0025186432806685146,0.13169983900529014,0.19359127977314147,0.002554830728220927,0.6696354072126789
770,0.001109108468108637,0.21553057286004967,0.19385924039431512,0.0009544020348266504,0.5885466762427
771,0.7663281013333945,0.015209288212261094,0.02678519425970761,0.11311021088151796,0.07856720531311888
772,0.0007005492240328217,0.11152903944442039,0.3090767513967908,0.007077948282744412,0.5716157116520116
773,0.2627420129273517,0.006596127797018098,0.016167220682217195,0.5930296462969549,0.12146499229645814
774,0.43420972144491377,0.006206485632915809,0.014166565059686302,0.45583442552686815,0.089582802335616
775,0.004243007625674185,0.022929981645068088,0.5875945876176802,0.021143966885811324,0.3640884562257662
776,0.5402142124885175,0.011007409510860516,0.007556477794786602,0.1773112272049468,0.2639106730008885
777,0.021852176947720424,0.007179400918133855,0.06460440466748557,0.6255879379672334,0.2807760794994267
778,0.1793862562146513,0.0020307907353991402,0.10632121604014928,0.5079805422590858,0.20428119475071446
779,0.3215170455317947,0.006501013374379296,0.008185692320719822,0.6156276930296971,0.04816855574340904
780,0.08755574010750594,0.5916388816092226,0.17616477623943289,0.006422200217410752,0.13821840182642792
781,0.34103706160565284,0.008394716907189124,0.02805006362934444,0.49068153606903664,0.13183662178877698
782,0.10004641692188249,0.007092458861589521,0.02970623277787138,0.689905379169126,0.17324951226953056
783,0.2685161684311772,0.01748364974311423,0.08818832602244532,0.3665676959136023,0.259244159889661
784,0.37189139216911055,0.008064446331343955,0.017247284045411877,0.5221520513122209,0.0806448261419127
785,0.06799189549728828,0.11801040775496258,0.05094329562655073,0.02492786727829624,0.7381265338429022
786,0.40877410246777707,0.0021462200920372735,0.005215661977038396,0.3500059682876636,0.2338580471754836
787,0.0260792195200522,0.014191349439181124,0.09748820422154757,0.48237187114623437,0.3798693556729847
788,0.2344816829547315,0.004224254671688599,0.06838611815191911,0.5255998181345113,0.16730812608714946
789,0.18185685624900275,0.004894599271063698,0.016166853784530894,0.6552473305100919,0.1418343601853107
790,0.45476853116786853,0.0065648695487748095,0.005379745971515413,0.4039413125156016,0.12934554079623958
791,0.27882478655525933,0.010208557384632805,0.11354388638606394,0.08194264971734899,0.515480119956695
792,0.04046294997158057,0.03148943146636235,0.027553072555145074,0.4488478752478,0.45164667075911213
793,0.5808015087054393,0.05938434002039906,0.04586891247000618,0.1057555154490248,0.20818972335513067
794,0.20537570844494732,0.0034630980318853433,0.029394822850896656,0.5645573255767615,0.19720904509550918
795,0.11720552335754326,0.007938579228615843,0.032474593748580825,0.6863188161757109,0.1560624874895492
796,0.07975098959305363,0.02495242201094516,0.053730179262589384,0.5522093362122235,0.28935707292118834
797,0.3013199749020503,0.006516898326405621,0.03683855150130973,0.3604547449050324,0.29486983036520187
798,0.3365954112433841,0.005002338974632072,0.027667957333931736,0.43414652981654617,0.19658776263150596
799,0.38923352921394194,0.024237223848160117,0.07279396590937892,0.38868562749614094,0.12504965353237804
800,0.2729697052070903,0.008910091545044834,0.027557868742488084,0.5871412173502011,0.1034211171551756
801,0.6766332599110085,0.00707702167395608,0.004927511082842081,0.09767009496265058,0.21369211236954289
802,0.16651214548054102,0.011363656643117668,0.05118807727863023,0.616153904160931,0.15478221643678008
803,0.7685439101917962,0.023232739242907845,0.11275597564839102,0.006771939766618275,0.08869543515028659
804,0.31270956797353305,0.00690330402628556,0.030118443028027363,0.4532630939823839,0.1970055909897701
805,0.5717799006537031,0.016988911148710095,0.0710253583690573,0.22347733867324507,0.11672849115528439
806,0.024956624867275137,0.2715382199424575,0.5947768805644932,0.001925869124481109,0.10680240550129314
807,0.5620885382329835,0.05977377139628354,0.024208728375909976,0.13282307193108597,0.22110589006373693
808,0.7525233344222859,0.005532090433264243,0.0023486603878093326,0.1446715399025386,0.09492437485410193
809,0.02442348498046035,0.02017507561502458,0.06242560318436813,0.555152473105942,0.337823363114205
810,0.0017122689503242857,0.17121471462629548,0.21682943503727414,0.0023895098873342228,0.6078540714987718
811,0.21672098471991105,0.00844753501737459,0.03530997150041868,0.4828383109826633,0.2566831977796322
812,0.2326773719271147,0.006504633021681046,0.013917196508403848,0.538134439597977,0.20876635894482348
813,0.39029613643068556,0.005144379418606627,0.01705142058575859,0.5382319583480735,0.04927610521687573
814,0.35833479756449366,0.03460395300489486,0.08672565579417649,0.15478948193292036,0.3655461117035147
815,0.22929685906295974,0.0016590685842610747,0.030757640233487735,0.6505295016765001,0.08775693044279123
816,0.32644968953811127,0.027914081441974034,0.10508794751511386,0.18410605110073225,0.3564422304040686
817,0.7025514429746775,0.006208803597789106,0.004108916636305665,0.155788437001877,0.13134239978935067
818,0.26143939885897194,0.008057887857342004,0.031203934680845667,0.6176698878047692,0.08162889079807108
819,0.6194143793662653,0.0248430223940464,0.014741510630150466,0.0246627345094023,0.31633835310013564
820,0.2899803086398598,0.0377188541872964,0.08830699099156883,0.24834337574702375,0.33565047043425117
821,0.09267454313574536,0.07284888543038737,0.05935853715173619,0.0381288256094427,0.7369892086726884
822,0.0009065891856960669,0.8082117616029058,0.06984496409476856,0.0018234082187454416,0.1192132768978841
823,0.0004246706251075363,0.3632124248991386,0.1870224855545527,0.0008702367526275089,0.4484701821685736
824,0.08134481325634352,0.01054203475122105,0.01021424506864194,0.09867503216202454,0.7992238747617689
825,0.21615356392173704,0.004347004079256681,0.01867709653621056,0.5425893401882197,0.21823299527457604
826,0.4117044488006458,0.029520155613924317,0.12723274974353618,0.14624759962946204,0.28529504621243157
827,0.0487903344835134,0.05767771792448145,0.7073888371854438,0.004469542157851871,0.18167356824870956
828,0.2976749404172464,0.0032669057619003137,0.01199719874560889,0.39885987664616657,0.2882010784290779
829,0.2556360422011449,0.004807310839843375,0.03838546931162918,0.577245379638586,0.1239257980087965
830,0.003093161915149113,0.28102636841672873,0.014959638041215024,0.032993676634622285,0.6679271549922848
831,0.9644201676362195,0.00591253852867698,0.007696589897720447,0.0107239567845903,0.011246747152792603
832,0.2945992045923503,0.0025397176272278325,0.017074904801170045,0.5068695714440754,0.17891660153517638
833,0.2808646051904936,0.37476522405497664,0.20460886333227501,0.011398320299939391,0.12836298712231536
834,0.5472164785322943,0.0331847958180384,0.02624052343722046,0.12048697327515762,0.2728712289372892
835,0.0760366645882182,0.0022984833183634203,0.05475299615688864,0.8385920612341893,0.028319794702340483
836,0.08531725857027805,0.01511181437111852,0.025896581876057104,0.16375528780904436,0.7099190573735019
837,0.22115409714021195,0.004699236245891736,0.03326772678429956,0.6675094671432209,0.07336947268637585
838,0.011267213357034199,0.07635138411024689,0.32862975115523624,0.08067625167048234,0.5030753997070003
839,0.0005537451481416417,0.24498721858667472,0.4542311164985639,0.0010885397739858137,0.299139379992634
840,0.2713033939394318,0.009061652747768548,0.038643237596758466,0.5845091547618847,0.09648256095415646
841,0.8295663002315059,0.011187077209142977,0.019912839683034974,0.01852635108333143,0.12080743179298477
842,0.8484792067437167,0.057500172827974136,0.026655055773998723,0.016800419413382523,0.05056514524092797
843,0.26103739220612676,0.06073164401451066,0.13355785436458656,0.4463454506660681,0.09832765874870798
844,0.28978675658374947,0.018008315173594573,0.039815501043470695,0.5466209442672688,0.1057684829319165
845,0.9267903352493886,0.010599504999588425,0.011325289837224691,0.015135118860865153,0.03614975105293318
846,0.1884332054435694,0.0042962593047960115,0.02758386280465216,0.6261832102792998,0.15350346216768265
847,0.7610342936355123,0.0728054514019789,0.043502160149026914,0.023521606359671574,0.09913648845381016
848,0.0006561128220321939,0.20851068937060577,0.6913775509110133,0.006083986676333767,0.09337166022001488
849,0.30558540553916386,0.00794966536896359,0.04577591433276064,0.392173137040388,0.24851587771872383
850,0.3372389118165327,0.0020570068186922326,0.027062708175024888,0.5500693592245796,0.08357201396517047
851,0.4621011729143654,0.007361357172109506,0.0059804027709472315,0.4217571465357613,0.10279992060681656
852,0.21277908642895074,0.003587935696085431,0.0283497389113968,0.5849084727817058,0.17037476618186137
853,0.049503801544475756,0.13539407026151645,0.03856106044710218,0.02182985846686655,0.754711209280039
854,0.19336135979188934,0.006044252003659722,0.03844214105714034,0.6435095032092574,0.11864274393805324
855,0.8258094852782106,0.002796885202952844,0.0013493358846279901,0.09880802590190303,0.07123626773230543
856,0.0023752351356071933,0.2071375282574875,0.664679614570824,0.005775602936940796,0.12003201909914055
857,0.43958738564969957,0.009387783246970552,0.006540252431422562,0.28564387281792597,0.2588407058539815
858,0.01599987780621505,0.024450804320349392,0.10280204317918556,0.4058176794035963,0.4509295952906536
859,0.944071132594717,0.00882071727006597,0.00798238534985476,0.007261726316485049,0.031864038468877275
860,0.3805560940805901,0.007386840690381557,0.02212810058015957,0.4755502390066937,0.11437872564217515
861,0.0019081305288052054,0.18645239119221665,0.25360721510013745,0.0022972035132772556,0.5557350596655635
862,0.17277305697939457,0.012376077264571541,0.04854017654530222,0.6047972847323414,0.16151340447839027
863,0.3829099433021336,0.014472481187039421,0.009416283387457947,0.20208983729641594,0.39111145482695303
864,0.000147816375696654,0.5631569508099803,0.1685321156406749,0.0007375375631789424,0.26742557961046914
865,8.726871485110253e-05,0.09011563254165668,0.1882270635030435,0.000892885943362263,0.7206771492970865
866,0.22466914895299625,0.007255370142587621,0.047593264256864845,0.43972280641096806,0.28075941023658324
867,0.0020243473188557145,0.2169023580661938,0.2367753214323835,0.002405428065955488,0.5418925451166114
868,0.46123690783041305,0.00820929443053377,0.010536627215431024,0.45739976553747425,0.06261740498614796
869,0.004593212456896219,0.26686276793611463,0.626634667435356,0.0020501626566943668,0.09985918951493883
870,0.4820388256614085,0.005942859353652693,0.009430796724458918,0.4474021250699901,0.055185393190489804
871,0.24258794053155153,0.0029373832628197274,0.02497626720802978,0.4829619632239101,0.24653644577368894
872,0.20317778663821118,0.0036458501035184234,0.034369738653467014,0.5009804215320265,0.2578262030727768
873,0.2686737131406101,0.005486196231915645,0.038649487624595406,0.5872728028020963,0.09991780020078261
874,0.47781927385839956,0.15415411647151286,0.2677119652683465,0.008463837513613513,0.09185080688812752
875,0.24650221423503682,0.0037628125842424165,0.018876090733851467,0.6935175394982639,0.03734134294860554
876,0.2130760911300351,0.005723483026594054,0.03145697590219718,0.635432012296348,0.11431143764482556
877,0.9551076161774892,0.005039379494290566,0.0070247945355394956,0.011781536158907504,0.02104667363377343
878,0.2477816586717367,0.09878107571948837,0.10725206068259224,0.4238450873214246,0.12234011760475805
879,0.10693271154027903,0.003027656247428201,0.020720831240260584,0.726173200830712,0.1431456001413201
880,0.1560713560747753,0.007740817384648073,0.0559351561938442,0.5891426337533283,0.19111003659340417
881,0.8431025654724773,0.02355402466419546,0.02965721091111829,0.01997297549299486,0.08371322345921407
882,0.8463540817173698,0.10132754013709741,0.019882911521143565,0.004511222906285901,0.027924243718103266
883,0.17948151407066387,0.0036476263629624437,0.02714261968017459,0.6202747009591267,0.1694535389270724
884,0.12506043676233397,0.007461036185815966,0.022527353897117925,0.6879222816003544,0.15702889155437771
885,0.943561465082368,0.011041550971468105,0.00945362402368968,0.008600139851708826,0.027343220070765322
886,0.2532408812236425,0.006528532396122539,0.02064245365258935,0.6823471117313471,0.03724102099629847
887,0.272566400217474,0.07175982176434904,0.07943554230999789,0.35157219175360643,0.2246660439545726
888,0.8613564087719265,0.022519781401450497,0.08088345288275531,0.0059296224226848835,0.02931073452118282
889,0.9404680206154326,0.005052207584865769,0.012435603168822735,0.02244849670800738,0.01959567192287163
890,0.0014786401516883516,0.20066505166519377,0.2659008567352924,0.002887349578976997,0.5290681018688485
891,0.011253794685771104,0.019028395182104977,0.11437233195714004,0.47495372562368565,0.3803917525512983
892,0.027898016947542837,0.020834844404785887,0.056667266144749186,0.2795498959466241,0.615049976556298
893,0.9439239666447589,0.00955936329001018,0.010795595567131897,0.007978218430802275,0.0277428560672966
894,0.007767489628357449,0.011193562682895923,0.09813882852972301,0.8124333040155318,0.07046681514349178
895,0.00019876485485699147,0.1692689218358196,0.4740076184491713,0.0023488204334729686,0.3541758744266792
896,0.3159738971962541,0.09233318037593151,0.19306888468303574,0.01559546636278611,0.3830285713819926
897,0.9269297889349326,0.0038849250759892106,0.009833756441804642,0.03325588371830607,0.026095645828967513
898,0.36261197123200645,0.013601651012592654,0.02190923617681835,0.391207048503029,0.2106700930755535
899,0.017528776557941904,0.04372399408380541,0.6719424531926628,0.05132347351436318,0.21548130265122675
900,0.00011188438943463995,0.6813169303072528,0.11818486970196741,0.0005126653860684087,0.19987365021527675
901,0.8599948589456851,0.032589552146445766,0.031979217935162514,0.017830479907977884,0.05760589106472864
902,0.33724283100626207,0.002747904030711214,0.033083859309467854,0.4767132974002286,0.15021210825333026
903,0.014582129666974782,0.4384117006174141,0.44694811898423104,0.001732813250108048,0.09832523748127218
904,0.8461974896561348,0.021931260645314192,0.011568562520091634,0.026064842969244717,0.09423784420921462
905,0.8937463297992149,0.024728063736674327,0.016091155754410846,0.011613032250838118,0.05382141845886188
906,0.4701020447396953,0.004049640423921907,0.008107614973286475,0.30832917435910445,0.20941152550399184
907,0.4272288514115331,0.0015576303191594397,0.017382713584129926,0.3880803998908576,0.16575040479432013
908,0.0004969933169248242,0.17647755632623732,0.2692797327698746,0.0037353796253027497,0.5500103379616604
909,0.2843438875522443,0.006386534911242817,0.04480038865132549,0.39181677257849856,0.27265241630668896
910,0.05300808737264848,0.007168049608538072,0.013698020243094954,0.16495768902060695,0.7611681537551115
911,0.36944129910338686,0.01910878644496329,0.3776661528596968,0.08717184114082173,0.14661192045113128
912,0.0006253894659011621,0.31960734331823026,0.5719150883829301,0.003783337274275314,0.1040688415586631
913,0.12316570568566927,0.011371525813856947,0.023970730625256554,0.7166760929246198,0.12481594495059738
914,0.10880991127954062,0.29931133112968433,0.2018010184680705,0.008369900462088112,0.38170783866061647
915,0.040979023768973194,0.019548375668265585,0.0678290760542761,0.03030360162873797,0.8413399228797471
916,0.21870135603482746,0.03387564111070707,0.16973696886486708,0.40354057506593705,0.17414545892366134
917,0.07595047737434624,0.18291382079035315,0.016813595932542592,0.11978346104061215,0.6045386448621458
918,0.0017113073626593108,0.11253520728750852,0.03316424138627872,0.289893961062944,0.5626952829006094
919,0.0032269393838483575,0.35512423953096406,0.5602064632169053,0.005785565906175828,0.07565679196210637
920,0.23287698792121866,0.0063359582134661354,0.01838418908241344,0.6513923579796037,0.09101050680329807
921,0.49295387599016266,0.007062715691045128,0.006308646696391071,0.3183922270271261,0.17528253459527507
922,0.5087583223352953,0.00807242018135853,0.006896592329825449,0.4238132766997139,0.05245938845380682
923,0.6241169853888334,0.04163682113308997,0.05774937572947377,0.1336519689401822,0.14284484880842063
924,0.37775850709479003,0.14632924940233907,0.16901726521161944,0.013310332163071207,0.29358464612818014
925,0.9605353770087398,0.010934526635746402,0.006711066137612088,0.008165106779120579,0.013653923438781143
926,0.6321250023403246,0.02398044250689568,0.02349346055517691,0.07429102260146703,0.24611007199613583
927,0.6192828979058732,0.007904027888743025,0.006194287510845657,0.29830705474113584,0.06831173195340227
928,0.273006454439718,0.002980072443828943,0.04045177887518085,0.4999121451754454,0.18364954906582676
929,0.19474716251246296,0.008050526188030399,0.03155270086668154,0.5490955027928619,0.21655410763996324
930,0.6527104232252386,0.027967676574531117,0.043866564687994124,0.09966060592043387,0.1757947295918022
931,0.0004338465718073438,0.3625538190746292,0.133941039603745,0.0006716300511497339,0.5023996646986687
932,0.2704999398814228,0.043541165130090424,0.07045495144921084,0.37830869600876066,0.23719524753051535
933,0.7827100152335509,0.04120539791233259,0.0047302223335574595,0.03913666126769235,0.13221770325286664
934,0.5597925365975451,0.04158710208709743,0.054029062173414355,0.16170662292389207,0.182884676218051
935,0.0005067832371818056,0.2340741884264391,0.6730946350846065,0.005711837934090671,0.08661255531768186
936,0.5641906926897613,0.002560356765826358,0.006675385175978149,0.33286357875434885,0.0937099866140854
937,0.21053434297743676,0.006251892696096241,0.028955156410169797,0.4825509500689021,0.2717076578473951
938,0.0011223855270236435,0.13149542388829666,0.4441290268266274,0.001471251519913431,0.4217819122381388
939,0.3107518595583593,0.1172119538857333,0.25896883233754847,0.02602207500521497,0.28704527921314393
940,0.3505213012136194,0.02770073852889,0.06270025499105451,0.21957207438091633,0.33950563088551966
941,0.18510238575348967,0.006572610643250175,0.02813494301749997,0.6221652666378359,0.15802479394792437
942,0.48128561221851957,0.022331862495164365,0.04423502024382879,0.2552591128379318,0.19688839220455562
943,0.19665355865048043,0.0037757613590773498,0.0393897614567484,0.48959249951860956,0.2705884190150843
944,0.000702315944263457,0.1294880808633222,0.13861215226093404,0.0007642124784622687,0.730433238453018
945,0.31217702972102873,0.002415622947197976,0.030621551246267035,0.6207459485069121,0.034039847578594164
946,0.27824296799658504,0.007779607223051922,0.025559784147301385,0.647910758356898,0.040506882276163565
947,0.17268401563956395,0.008562251412333495,0.05200503204079415,0.5451952251628887,0.22155347574441986
948,0.01557117813870333,0.017063477025895887,0.08882822969470232,0.5878483290134604,0.2906887861272381
949,0.009156714740491442,0.009902465270432448,0.13024344825745945,0.45801087140389496,0.39268650032772184
950,0.7889403182790091,0.012615454871414156,0.00658317198779497,0.027271275859579495,0.1645897790022022
951,0.17986839981896688,0.005007564094778618,0.038728485044879066,0.6178392418342481,0.15855630920712735
952,0.0146975255479461,0.07292769213057247,0.10646563251570565,0.03828142826204592,0.7676277215437298
953,0.9652986967588195,0.006074822267248616,0.006204266906426085,0.010717966336565512,0.011704247730940177
954,0.0970903307004808,0.0046151860535985235,0.028683712700888358,0.6701648656643101,0.19944590488072217
955,0.19532160364946055,0.010373142923836384,0.03164577112828313,0.5454666100869511,0.21719287221146885
956,0.3769874297906844,0.023585883299391267,0.056538398145929376,0.42223570925890536,0.12065257950508954
957,0.45618764021668035,0.004479091928765894,0.013033838546396805,0.3065243580466331,0.21977507126152393
958,0.0004258567941966144,0.7017088521458125,0.10365151671355578,0.0002575016851755539,0.19395627266125942
959,0.9056008393450157,0.009240367208981479,0.01204931647568104,0.0409973661110764,0.032112110859245695
960,0.18325218872235052,0.31310670071891666,0.2054595528480715,0.006877520525241056,0.29130403718542025
961,0.4080346282222903,0.004992697003744319,0.013299540420450394,0.38638352330492,0.18728961104859504
962,0.006498493887244105,0.038610807312502875,0.4632195604991109,0.08182529727467783,0.40984584102646443
963,0.03289958990202902,0.10993486213704358,0.6930412319558902,0.002599606180344304,0.16152470982469297
964,0.42186273109346445,0.005026387651117966,0.008429386856219936,0.3334671615665313,0.23121433283266643
965,0.5231346611498383,0.0047134021518600395,0.013423633964615376,0.3944651382674131,0.06426316446627306
966,0.14087038758014167,0.0081605969624406,0.04068574364695832,0.587986486267729,0.22229678554273052
967,0.48524817990221725,0.004020687203195277,0.004747428016206652,0.2875655466876337,0.2184181581907472
968,0.9168431295863207,0.009387019019019551,0.04796189620660232,0.006961536616201229,0.01884641857185623
969,0.6158392601101834,0.007415147585436905,0.0042822342720668025,0.16076842518803758,0.21169493284427526
970,0.25332450196248385,0.004266605244384267,0.03216497897989844,0.6158958603306289,0.0943480534826045
971,0.23340648821767948,0.006691027670130733,0.02229060176275613,0.697318765902554,0.040293116446879725
972,0.22008480572243824,0.007850496216762516,0.01159377228735553,0.5308630593264825,0.22960786644696116
973,0.03586148622423623,0.03459311505042187,0.06488817059256428,0.03146350732197861,0.8331937208107989
974,0.8886993137414659,0.007677567924505081,0.004133455643897244,0.01632702999355397,0.08316263269657755
975,0.5802725662771497,0.040237131492865265,0.013154285562887334,0.027114123114238466,0.33922189355285914
976,0.2648887494756529,0.008973810121642172,0.03393563358987289,0.5111885393218555,0.1810132674909765
977,0.9122275477802929,0.015116756028340632,0.01690813100101843,0.01137866013154026,0.044368905058807855
978,0.8583575093283258,0.0013410395194840058,0.0010089824114495394,0.0852020459676054,0.05409042277313506
979,0.70013188052333,0.012742022225420051,0.005566047159093321,0.0130410059496399,0.26851904414251665
980,0.5351151073551,0.06526083969401446,0.14682905009703712,0.13405287415170405,0.11874212870214447
981,0.16090101161295975,0.22259234632571176,0.24521855371020856,0.018891329785131125,0.3523967585659888
982,0.11982484912428784,0.009458447764846037,0.02452534330904964,0.6802988900008888,0.1658924698009276
983,0.284901664954197,0.003978146720947922,0.010019457895477472,0.3651075429333336,0.335993187496044
984,0.41506980653708936,0.008679254657987884,0.015791118139469353,0.47979179259579396,0.08066802806965943
985,0.06502301266695759,0.03398228987946298,0.030760620101176805,0.38913212210071885,0.4811019552516837
986,0.5395967379459563,0.06861306853483329,0.07557297664625116,0.1702170993449422,0.14600011752801703
987,0.6782422006591259,0.23557346647035174,0.02796731808192435,0.016822032043640852,0.0413949827449573
988,0.48318345017231684,0.01676018500336294,0.009112973295074529,0.1885030216870395,0.30244036984220607
989,0.003318576639174733,0.2548778851638021,0.1812997192697859,0.002987010425622167,0.5575168085016151
990,0.6595706166701368,0.006605492793018008,0.0036235333052108353,0.27249797225816974,0.05770238497346454
991,0.4122583969127176,0.004459821814454448,0.022965486738149927,0.36614007743352556,0.19417621710115235
992,0.01909120000086217,0.263673087083256,0.5713716545150634,0.0032316674341273544,0.14263239096669103
993,0.18927078762553878,0.007293179233044583,0.04096919638832829,0.5206048612677553,0.24186197548533303
994,0.934085306818498,0.02550450657418078,0.012254855280917123,0.007022473261650853,0.021132858064753225
995,0.016592542380915117,0.01807516456779409,0.1482916861680964,0.6606528952312642,0.15638771165193016
996,0.7867523493323907,0.0189958793343568,0.020830353799190574,0.13852213373588276,0.03489928379817929
997,0.0008377295427229581,0.11836333829202136,0.45106465976930926,0.0013657054956521973,0.4283685669002943
998,0.43629041588462597,0.006002404519677799,0.011042620388454287,0.5309817690422743,0.01568279016496768
999,0.7805609233468418,0.018678362084075383,0.026119220534095853,0.07669146498045576,0.09795002905453133
1000,0.2021315836326528,0.08788516425731077,0.0956308385432701,0.41999346805606863,0.19435894551069774
1001,0.022049174402749384,0.019257237798773325,0.07650940143149891,0.7230131299983785,0.15917105636859988
1002,0.5246933284673926,0.0037879056666785516,0.01657297166726458,0.38996588271458055,0.06497991148408361
1003,0.457758260433871,0.005724846121107914,0.013487482417317613,0.3176660613951045,0.20536334963259892
1004,0.4343815935670986,0.004055893605501705,0.010123066252046661,0.5272061897871628,0.024233256788190122
1005,0.9479306136845717,0.011465302428680763,0.01005517865600884,0.008470367317552963,0.022078537913185717
1006,0.9628632704787597,0.002786995220145218,0.006195522982147661,0.008556771787896324,0.019597439531051027
1007,0.45123403879289314,0.004541848359517872,0.018071459741536424,0.5006244554155078,0.025528197690544582
1008,0.5155271120664305,0.006355722727939638,0.005831020654748379,0.3463448674298093,0.1259412771210722
1009,0.24088208207876877,0.006346167812281902,0.03607197909752448,0.6636565816879638,0.053043189323461
1010,7.607862378252069e-05,0.23489308864989342,0.23294643713662,0.0010839832663339392,0.53100041232337
1011,0.24475892749703634,0.005734607551546991,0.028548831176709522,0.5472498747075377,0.1737077590671694
1012,0.20529397453407106,0.010922070276340148,0.046935057174642615,0.4627514863427488,0.2740974116721974
1013,0.8870988488633114,0.013035463406050116,0.06847268424636338,0.006817505208401112,0.024575498275873887
1014,0.5186894132982994,0.004110969970356403,0.0062740374246151405,0.1731064246188616,0.29781915468786724
1015,0.3554960074041415,0.036294752050203584,0.3966121274024889,0.09057945433672127,0.12101765880644463
1016,0.19279043489662526,0.004776623758434249,0.038972211642903896,0.6047751458577922,0.15868558384424425
1017,0.013740349384990443,0.02188743943694534,0.12306119133631535,0.5366499178225019,0.30466110201924684
1018,0.11310221721911883,0.002711844804962307,0.0639148190340711,0.7158008662425702,0.10447025269927751
1019,0.0026238377249157624,0.15319538473759547,0.448613244948375,0.0024897754960293518,0.3930777570930844
1020,0.8425279444965412,0.0893370613683641,0.019122275867712295,0.0104460707804115,0.03856664748697079
1021,0.25586053975123657,0.0026516589613546754,0.027789387900195642,0.48339974618670306,0.23029866720050995
1022,0.9091506487040275,0.013245848981692529,0.015779615689311115,0.027981163874596312,0.033842722750372534
1023,0.4895778929575352,0.004338002672589597,0.012878720482877692,0.39671583255357656,0.09648955133342095
1024,0.46392896575114695,0.025505235519720657,0.06306817813508524,0.2803289345132649,0.16716868608078217
1025,0.24742046073931692,0.005812289956401777,0.03671068689461235,0.6261555223722822,0.08390104003738683
1026,0.5035227194125974,0.005197966158253526,0.01422891020630826,0.3774797530919925,0.09957065113084819
1027,0.023980912819579026,0.014022289343650787,0.03769998106006449,0.42337484786309826,0.5009219689136075
1028,0.19946718039328354,0.007408657324843815,0.03103830476159231,0.5996498083189004,0.16243604920137988
1029,0.11023703875470851,0.024579498564423673,0.024834824849216893,0.24980504160713443,0.5905435962245165
1030,0.04401421295349015,0.056740995428534544,0.028250217525677433,0.19866887959795032,0.6723256944943476
1031,0.18726405614376174,0.007177022349992378,0.014022692037155825,0.6616597633470639,0.12987646612202625
1032,0.3992703831911368,0.00260604505284968,0.021618313387308935,0.3346427004965179,0.2418625578721866
1033,0.17120615281884502,0.3324318043768178,0.4327407165375918,0.02946877235933131,0.03415255390741421
1034,0.25177841473801316,0.004487545414616148,0.01757000014619447,0.6851923791724228,0.040971660528753326
1035,0.37942707385151847,0.007559425563522394,0.028838521148886884,0.4107079524245605,0.17346702701151182
1036,0.22590995997725888,0.006736255184101127,0.031326190445954735,0.5672164850694194,0.16881110932326587
1037,0.41806155115595917,0.020185992371435327,0.009469985730653229,0.49819370815725417,0.054088762584698045
1038,0.9262113105653075,0.005915197011255957,0.015410804091587158,0.016852766089709342,0.03560992224214016
1039,0.1688823895093364,0.09238165746465964,0.15937397985401958,0.02348714145194795,0.5558748317200364
1040,0.6953179573671192,0.012396233800955654,0.0346717452908578,0.1683913957556294,0.08922266778543785
1041,0.48423317684271855,0.2727334865418858,0.08068897495964457,0.10463750848883974,0.05770685316691138
1042,0.056436375737925266,0.07459094916223244,0.612616963472972,0.008104148715558588,0.24825156291131162
1043,0.026587636085000234,0.036103691056836695,0.23681757308735057,0.06529400729403423,0.6351970924767782
1044,0.01224171710802625,0.012243152181990236,0.15402548288726742,0.4697107413988615,0.3517789064238545
1045,0.260554642809643,0.03561817587151702,0.22639379138820542,0.0929971491333765,0.384436240797258
1046,0.04920519979196193,0.0635292165677598,0.38881966607854196,0.18533926573239481,0.3131066518293414
1047,0.7865941118114965,0.008804234760992482,0.023622328454115573,0.1425190065113935,0.038460318462001805
1048,0.10823948400096847,0.003987521137496213,0.03345084725485793,0.713481286634899,0.14084086097177848
1049,0.2619472471174207,0.21394536237607356,0.033171373033418335,0.0444779537792482,0.44645806369383917
1050,0.22995405790082207,0.00657079033842328,0.03914478865646835,0.6539898151178593,0.07034054798642711
1051,0.31339712032676514,0.012208877604757347,0.03200083296203104,0.4176375207001665,0.22475564840627996
1052,0.011441434801551327,0.01045576767541407,0.10274135562975503,0.514127685336974,0.3612337565563057
1053,0.8899503282927519,0.00867320929484656,0.01946098924739073,0.0480466488121348,0.03386882435287591
1054,0.17200400882919725,0.012124882024299557,0.05093996068489921,0.5530489624862444,0.2118821859753596
1055,0.06068051442064848,0.11558352395390303,0.37131222670272457,0.15947999993913176,0.29294373498359216
1056,0.3135347077794669,0.005750955428988264,0.024747838966063272,0.4576569516948672,0.19830954613061427
1057,0.9076011708872758,0.013928192839537055,0.015087702928504988,0.011949709840690236,0.051433223503991925
1058,0.005976926089417837,0.010523994274933841,0.09984787730717254,0.5203349655052674,0.36331623682320846
1059,0.09532447410903326,0.09195469514522218,0.2004251179133874,0.03763900306826462,0.5746567097640924
1060,0.033292967596527445,0.7203498881121223,0.15160335681662282,0.005922989065243305,0.08883079840948416
1061,0.003383759806823048,0.408216809591391,0.497353195334702,0.003130026754474116,0.0879162085126098
1062,0.27421019971385996,0.005226510104358105,0.02400196529495786,0.5259659166489142,0.17059540823790975
1063,0.2528079490102293,0.008497098125820043,0.03213288499158227,0.5006693072027404,0.2058927606696281
1064,0.0034879881226101074,0.06588393763172157,0.04478647380371986,0.06246331100074997,0.8233782894411985
1065,0.8534369980529615,0.012507776310838705,0.09377433960406253,0.007796620454908973,0.03248426557722829
1066,0.9766087842954579,0.003285294152037953,0.004706267263353446,0.005725941891854681,0.009673712397295815
1067,0.017941200564028655,0.015642049746107504,0.05219624368232673,0.8279661019396366,0.08625440406790043
1068,0.7128451186460653,0.006944889351138235,0.0036336113299823706,0.11861096060521749,0.1579654200675968
1069,0.00020686428334888577,0.24705503820264327,0.15911733656584395,0.0012783437255199578,0.5923424172226438
1070,0.42161667850028794,0.028510615833319024,0.016917489951598728,0.47953665993195543,0.05341855578283896
1071,0.5791832414599568,0.2648099626103325,0.057993132245776714,0.031983263477551684,0.0660304002063823
1072,0.19815589807234987,0.44212818141234533,0.20233268524967038,0.014230158756301323,0.1431530765093333
1073,0.30943268063942847,0.002376532229472387,0.026765792535117922,0.45299656065444294,0.2084284339415382
1074,0.1289107493237247,0.005019462218356271,0.03674910710711528,0.6941998954483729,0.1351207859024309
1075,0.40303255711057084,0.006841880031028725,0.021027744174236626,0.5065731633403229,0.06252465534384088
1076,0.6518032502582655,0.09146679678660644,0.05729200824913855,0.07662593947713711,0.12281200522885244
1077,0.13011953723759961,0.003226168874270601,0.031305911295408176,0.6829083171125276,0.1524400654801939
1078,0.024497237847385535,0.008762457216254798,0.09536868353091948,0.7348867930272209,0.1364848283782192
1079,0.9503328451126887,0.005498137933804777,0.03273190602563743,0.0019425125437981228,0.009494598384071155
1080,0.22037412100003498,0.008438968018440383,0.029975569662381824,0.5412049803905682,0.20000636092857466
1081,0.12024984736584644,0.40468689981178146,0.2243797442191154,0.014566509656872602,0.23611699894638402
1082,0.08338803256623417,0.27511210217969256,0.25381036281202074,0.006926179247687401,0.3807633231943652
1083,0.9405231492649853,0.005239177077198999,0.010534563835998491,0.013439188744157499,0.030263921077659905
1084,0.009493879753019139,0.04320262884193896,0.05744281353660796,0.05538761176030493,0.8344730661081289
1085,0.28578480050173233,0.00367097615368906,0.015940266059339462,0.6191840108699674,0.07541994641527165
1086,0.14854996933373107,0.009546904232765862,0.04313612075607524,0.6244541942743593,0.17431281140306848
1087,0.19005961871291036,0.014556323084941127,0.04750299451558159,0.49944687752791433,0.24843418615865268
1088,0.07743506129401267,0.029044070821269807,0.046876616600700007,0.02516298977230179,0.8214812615117157
1089,0.014406158662568327,0.012392431690512289,0.06973369310334113,0.4845553588034379,0.4189123577401404
1090,0.001357925906780787,0.21182918079115745,0.12731394494883508,0.0010241192300656794,0.6584748291231609
1091,0.25206663908962174,0.0043933962382472855,0.02046856167009762,0.5814553279907426,0.14161607501129067
1092,0.4392926660701869,0.004356209746308689,0.011816659396904102,0.38223835510174314,0.16229610968485728
1093,0.1169100797404087,0.3407403893196946,0.21434257981021815,0.016785880117677288,0.3112210710120013
1094,0.05018046290607724,0.032225431922017635,0.0869841387456066,0.6776206328425537,0.15298933358374486
1095,0.14653606403845604,0.038444212665413535,0.022312009942850975,0.38261871141621134,0.41008900193706815
1096,0.3080159607704102,0.005793593122940512,0.02354419429887782,0.5877905443960769,0.07485570741169442
1097,0.0018225922345309479,0.2265877986314674,0.16992436387188517,0.002799595324785057,0.5988656499373314
1098,0.14308222618579344,0.006169210942144871,0.055564875157899825,0.754000687448657,0.041183000265504664
1099,0.007605699618907104,0.02566531393185252,0.12691569856181684,0.6158082620092509,0.22400502587817261
1100,0.1218136561144747,0.008079738926193467,0.02528630061991136,0.7255584023597913,0.11926190197962913
1101,0.0013955558381350238,0.09179685442364258,0.7165128120196804,0.020949423826308374,0.16934535389223376
1102,0.17438591254374436,0.011976994708875113,0.039205316589318744,0.604781778064107,0.1696499980939547
1103,9.44538772075919e-05,0.09436905655068986,0.17238248193915245,0.0009006030582484493,0.7322534045747017
1104,0.20104793102259996,0.006228507735229095,0.019742664889815496,0.5956063770232831,0.1773745193290723
1105,0.0008252995025375546,0.40488593079996194,0.5227585985467964,0.003002109718077141,0.068528061432627
1106,0.28779841443452975,0.008160990153663717,0.04824621350281137,0.383366528438692,0.2724278534703031
1107,0.26897618410417656,0.002004286996053874,0.02505648074207256,0.607142100753591,0.09682094740410607
1108,0.2991054296286171,0.0017053296207680776,0.02739182062192652,0.5441728164870283,0.12762460364166012
1109,0.7039059518605593,0.049524862363455234,0.0200101275469505,0.06943183916051522,0.15712721906851992
1110,0.00047648594506134024,0.30626453928145125,0.5895525518791727,0.0056420101330288104,0.09806441276128591
1111,0.7102941482535554,0.00544399710685783,0.003266206627701391,0.1989159653142489,0.08207968269763652
1112,0.06076833795064666,0.04020013701198446,0.045029541787156985,0.2699722675651781,0.5840297156850338
1113,0.6528049289578169,0.004894706451305218,0.0015328912763688128,0.2669793895784222,0.07378808373608692
1114,0.23825824646029425,0.01746329499484425,0.03908931433731235,0.5250885817357082,0.18010056247184106
1115,0.008857704368017829,0.0829440249840068,0.30181365885484746,0.2610195228539272,0.3453650889392007
1116,0.1623278751412142,0.007891252682110415,0.05190277727129424,0.5744925504079962,0.20338554449738502
1117,0.06196765990590235,0.021519361463411258,0.027576602582874227,0.1943205437667727,0.6946158322810394
1118,0.352708099825439,0.0016951455797377718,0.012628284254240747,0.5235701523446137,0.10939831799596882
1119,0.4086112275450935,0.009775701238609486,0.019193155126416134,0.38004797956144504,0.182371936528436
1120,0.2667181857107059,0.010458310305238956,0.023754418312750294,0.6300345712239207,0.06903451444738423
1121,0.0034135515343557883,0.22516956442760855,0.14510024895077886,0.006229900791291852,0.6200867342959651
1122,0.4857896212052495,0.01638761019143264,0.20580451517577786,0.023076471454664647,0.2689417819728753
1123,0.0038857211029130873,0.32464349220238986,0.5630466375354765,0.005190022037148982,0.10323412712207157
1124,0.6914274258571167,0.1379930448575932,0.011877972507579165,0.007410487664122823,0.15129106911358814
1125,0.4303534753748692,0.019489942825441326,0.05369929726666644,0.3097891131121383,0.18666817142088482
1126,0.4726282261397535,0.012653295008705734,0.04176980559872466,0.07954612364945005,0.39340254960336607
1127,0.022840615504016795,0.029488096087686606,0.05296635549709207,0.267126355774496,0.6275785771367086
1128,0.47387832900246807,0.0644814234313409,0.09570637423828428,0.3083320285778863,0.057601844750020434
1129,0.27453319965098394,0.013156540535095145,0.014754865497200436,0.38480066137895863,0.3127547329377618
1130,0.19024636913414142,0.005493647636599782,0.030978427906241727,0.6282189725024934,0.1450625828205237
1131,0.45669104434888386,0.006989732172818814,0.013630248865331119,0.47340789038808945,0.04928108422487669
1132,0.18547293481240656,0.20683266841633058,0.23583366501180522,0.018031687010457497,0.3538290447490002
1133,0.6705018553343364,0.014460752045372983,0.009036397538071315,0.017187193407768045,0.2888138016744513
1134,0.015950558533110903,0.15272228230880006,0.4796498253410413,0.14410735466513486,0.20756997915191294
1135,0.009531447095574536,0.38292601483019695,0.4995971782960258,0.0054700860138282795,0.1024752737643744
1136,7.061936995567713e-05,0.16675242175540228,0.16197465443451836,0.0011168511768907083,0.670085453263233
1137,0.10708240912082158,0.1656044153505017,0.1925281401716519,0.04295247847517445,0.49183255688185057
1138,0.7585717317949632,0.010028216454074049,0.0025669054917848272,0.1139879112070438,0.11484523505213415
1139,0.443356386288174,0.0018458243359943077,0.011793533716962441,0.4064680014640078,0.13653625419486146
1140,0.38178336913566796,0.0886489787831848,0.11764142943171252,0.2078020319515948,0.20412419069783977
1141,0.3290488963731847,0.05255170606601087,0.09768225680698789,0.24152213706958656,0.27919500368423
1142,0.7676311763914854,0.0022198823334874493,0.0025986535602131487,0.16418046301220102,0.063369824702613
1143,0.5133711775423518,0.0022409015413122377,0.014561583235891252,0.2658632219995301,0.20396311568091455
1144,0.010191703837971432,0.01553791748718824,0.11459760132439903,0.4764375250429838,0.3832352523074574
1145,0.0005528179619409782,0.007141593051097904,0.8344686024037343,0.024732206325675552,0.1331047802575514
1146,0.8390573936906441,0.0030213519318585316,0.0018655925257285574,0.08182881411274118,0.0742268477390276
1147,0.2006953762643312,0.005130627033364841,0.05026639555700678,0.5552736280303506,0.18863397311494637
1148,0.8433458584166782,0.01753487082404352,0.007168197893562339,0.020599078598530864,0.11135199426718519
1149,0.34361906306584056,0.006225253544129584,0.018966527194125008,0.4558903283825453,0.17529882781335965
1150,0.19125551713578132,0.028820301242634624,0.004819874244228048,0.14997239753345964,0.6251319098438963
1151,0.5454064165120819,0.03478274711852615,0.18859705123279027,0.015247738648020308,0.21596604648858145
1152,0.17759163909372308,0.009758019741820681,0.01681426326399172,0.6118086727173597,0.18402740518310473
1153,0.8313787450358849,0.02014464401639295,0.0947260011650831,0.011265786809806303,0.04248482297283269
1154,0.1464823485101439,0.32330282244558073,0.2505473680567331,0.015418106930942758,0.26424935405659944
1155,0.0965743134828357,0.008375450257445325,0.04001342967631702,0.6938339026688534,0.16120290391454872
1156,0.3820649365256375,0.015933262919638154,0.06794427049625447,0.20512009297575443,0.32893743708271544
1157,0.14540390072080978,0.008599062189569262,0.04722964545297916,0.7094243786910559,0.08934301294558589
1158,0.17590838428963654,0.004439391155451656,0.03396406100987365,0.6418153074533443,0.1438728560916939
1159,0.2673519880229002,0.0046036150346852635,0.03128887222374755,0.6291771995694797,0.06757832514918723
1160,0.03152473072530096,0.041233200049199024,0.034442092576410926,0.2950756895310564,0.5977242871180327
1161,0.3429825428815315,0.014033904386573854,0.024486409177711284,0.03951908891024058,0.5789780546439427
1162,0.9185057734857638,0.011142934990702836,0.01479624379351655,0.01371956948505289,0.04183547824496412
1163,0.003179117618890352,0.007244656443902223,0.10372572145361263,0.722662204003403,0.1631883004801917
1164,0.3952369438625221,0.009567398421974647,0.013700417132596752,0.5370448373658767,0.04445040321702966
1165,0.49901272099831634,0.006671517294507611,0.06577795452939854,0.35268470751743347,0.0758530996603439
1166,0.5642818296545178,0.016425123452788532,0.04134832586323519,0.2896888467935694,0.08825587423588926
1167,0.06325634181057675,0.1080310414164498,0.4068604281442923,0.15294992430240847,0.26890226432627273
1168,0.1505395724273035,0.004598890943507619,0.0319923511808249,0.6005549191270421,0.21231426632132194
1169,0.007972497425120748,0.0036410666594674144,0.08645629873845807,0.6039283560977277,0.2980017810792261
1170,0.0003682710611790699,0.2408957585449193,0.23667336987365356,0.003428922610948249,0.5186336779092998
1171,0.37221378493887347,0.005288388976713795,0.016082224415643307,0.5263344734263089,0.08008112824246047
1172,0.4561645402009196,0.044147343485482965,0.17232342661285724,0.039162678280315166,0.28820201142042506
1173,0.5674569589002219,0.007625743474352528,0.010200995187218388,0.19587786604576646,0.2188384363924409
1174,0.00015271547026980302,0.18037333181098225,0.18317987748318298,0.002337891897682455,0.6339561833378825
1175,0.587782319995216,0.005699103640807481,0.009909644691839978,0.3073564137293034,0.08925251794283326
1176,0.8470027832041696,0.015111733057196852,0.09807020882194271,0.008928493356694723,0.030886781559996076
1177,0.6131503467056442,0.029626446916776808,0.21270785021629077,0.03443375687768254,0.11008159928360574
1178,0.4392494400245057,0.005776821094396625,0.016990320430053774,0.42566417152724567,0.11231924692379822
1179,0.5826242205805161,0.028184195919888185,0.057684514318104896,0.1641039999360915,0.1674030692453992
1180,0.007463603138363712,0.38618282553724476,0.5334888484926416,0.0016862870794145354,0.07117843575233533
1181,0.01447119484091148,0.28296622512156294,0.5437404179265497,0.0014273052426371593,0.15739485686833873
1182,0.42218387674300173,0.005402610017515844,0.01937551104149683,0.37353603777016997,0.17950196442781563
1183,0.9806640481578559,0.0042493434309651785,0.003357592398419254,0.005840454967849261,0.005888561044910325
1184,0.8489762361173371,0.04984440378860456,0.036517199051040346,0.02219394874661302,0.04246821229640511
1185,0.805101140002319,0.03106358934208051,0.12321920707409073,0.006790349578250995,0.03382571400325872
1186,0.004096484972999584,0.17692035789900498,0.014290464470572115,0.04159313979899604,0.7630995528584272
1187,0.38283320713029206,0.003380369429290865,0.006182287731042851,0.3851690175537766,0.22243511815559755
1188,0.01293197675515568,0.015938461291655683,0.11243157073226866,0.5569562575805207,0.3017417336403993
1189,0.1898299504625037,0.003849328231055056,0.034001006000637796,0.7126062611218582,0.05971345418394528
1190,0.0002458462250744163,0.6306301164029867,0.13420110877445854,0.0005017933896742205,0.23442113520780616
1191,0.827346332396438,0.005617853378991958,0.0025394151495821324,0.10024411705032375,0.06425228202466429
1192,0.00017019920753722794,0.24706409836857338,0.1591231718221582,0.0012783906057874204,0.5923641399959437
1193,0.00877438409267814,0.017910204965597382,0.32957633367154887,0.34953773162868024,0.29420134564149547
1194,0.2590078207292309,0.0024147278651143536,0.031389232901718744,0.5486227973282558,0.15856542117568023
1195,0.011902132898720885,0.020870031974186215,0.1181617471225211,0.5931666255364019,0.2558994624681698
1196,0.20276498481009547,0.010716726052902423,0.012938900834340596,0.5630900713837743,0.21048931691888711
1197,0.20083097863679777,0.004471577760664522,0.016695569215820997,0.6258635012097667,0.15213837317694995
1198,0.2203212137174064,0.0022461776301638515,0.034043983277324066,0.6288067808365918,0.11458184453851387
1199,0.4810959862744912,0.13369762466201598,0.08380508468112187,0.2132255414223309,0.08817576296004005
1200,0.7173430408066742,0.009871770397806796,0.027733737421946854,0.1589379156563934,0.0861135357171787
1201,0.0019065074221379325,0.16052015956930768,0.4552319790392021,0.0023735627628967064,0.3799677912064556
1202,0.4643055267892847,0.028057892665119318,0.0494050892213103,0.16720572233337622,0.29102576899090954
1203,0.7795184869763441,0.020610095304539243,0.014830550150500351,0.0306028354913719,0.15443803207724424
1204,0.010241464251964325,0.43355244809245524,0.4712503015007606,0.0034248952391569137,0.08153089091566285
1205,0.0026127567879766006,0.20238881174930337,0.18730048512490244,0.003200012996046874,0.6044979333417707
1206,0.4109437946512043,0.006950142250271295,0.012175841192614023,0.3407423290054396,0.2291878929004709
1207,0.08142476999464979,0.10185002564015179,0.5531780771952605,0.14279162096781453,0.12075550620212355
1208,0.4469220818339577,0.006475630990566108,0.00543815883342795,0.2648235984072539,0.27634052993479435
1209,0.04363887652704341,0.024926516359023446,0.03816422570570035,0.5024575644417564,0.3908128169664766
1210,0.267532004414706,0.06411939765229614,0.19121644426696385,0.29565248113157294,0.1814796725344611
1211,0.5288664205537525,0.05205265743999637,0.059865653156465456,0.20046623259335541,0.15874903625643028
1212,0.9664847333360232,0.005126294718815233,0.006806995327558886,0.010182744689154795,0.011399231928447783
1213,0.3595703990272202,0.018161419040871922,0.01617215871217504,0.24189459261481167,0.3642014306049211
1214,0.0020139163543422614,0.29003611570262716,0.15833175797070526,0.0008304086712424769,0.5487878013010828
1215,0.9459342711559353,0.004197748923079912,0.03551590694093542,0.0034918752840293796,0.01086019769602
1216,0.2708468697197699,0.0034455830802734336,0.029362674364181923,0.5628658444677723,0.13347902836800232
1217,0.22411083378720512,0.048291594906565725,0.04942816949425051,0.4755866103958249,0.20258279141615382
1218,0.08445621394419857,0.4149587482312443,0.18181792196180058,0.007229289259375918,0.3115378266033807
1219,0.17546205218363584,0.0099356324906371,0.04750258440496173,0.5165738654290241,0.2505258654917413
1220,0.007054771864919335,0.02439310456793552,0.7248307568312072,0.0210113077592358,0.2227100589767021
1221,0.1970422135372221,0.00792092024479465,0.012265051875790588,0.5790149921231377,0.20375682221905494
1222,0.916195068391354,0.0071262889204263815,0.009965173127304994,0.04114673118994507,0.025566738370969545
1223,0.5081890875358556,0.002915914276129077,0.009678474922455271,0.4210271295523111,0.05818939371324907
1224,0.03809071479476783,0.17983683509611081,0.08740379365182402,0.09833653356481828,0.596332122892479
1225,0.004369663594534443,0.012889785309687268,0.026214913918475743,0.38107058748431744,0.5754550496929851
1226,0.5064591641262214,0.04298694344847584,0.09899803251387855,0.1311393263793816,0.22041653353204252
1227,0.19760365343778477,0.010552367099567783,0.032192537647118824,0.594502177208861,0.1651492646066675
1228,0.02450877145590302,0.013926356481907076,0.02857586564240132,0.21114502903025506,0.7218439773895335
1229,0.2955693479583923,0.01706712399959722,0.06441591704542898,0.3247599367378195,0.298187674258762
1230,0.8047133063728305,0.025366772453562957,0.02266686063481547,0.021317787759510275,0.12593527277928104
1231,0.8615374777821654,0.00267475533832565,0.0013492484290444462,0.09549003209740685,0.038948486353057754
1232,0.9644962372992405,0.006230954247073879,0.005469984381865045,0.011117857311470074,0.012684966760350294
1233,0.4117094897525455,0.03983469008530754,0.07232394119628201,0.37220684114499697,0.10392503782086791
1234,0.0011414909334466767,0.37970408960745095,0.34352132384857226,0.0010075945409528614,0.2746255010695773
1235,0.2086378098985332,0.009660500015598691,0.026030760057035234,0.7147190217326548,0.040951908296178216
1236,0.4292190636771115,0.005718515921578125,0.030230175638855945,0.30514549057981016,0.22968675418264423
1237,0.2766737292405409,0.006598102077888485,0.02355301009364955,0.5139203479995511,0.17925481058836992
1238,0.6993425974826822,0.011635161584926544,0.03717735698690735,0.17737255865275844,0.07447232529272538
1239,6.158143904281753e-05,0.48330886818093016,0.21293331951405586,0.0006996977859644825,0.3029965330800068
1240,0.3118402128715029,0.006147523685867571,0.025238532495222454,0.5565049401211656,0.10026879082624139
1241,0.471028679636288,0.034878713572342124,0.11472084817706135,0.323040731881044,0.05633102673326455
1242,0.1677264746401565,0.12739970273873996,0.0639998879985447,0.07468758162599509,0.5661863529965637
1243,0.007190096008220324,0.2689010177710363,0.061359307173263516,0.2949656892575227,0.3675838897899572
1244,0.02649211418164746,0.030162523648493957,0.02967826364446364,0.6872001451666427,0.22646695335875222
1245,0.002803057177560513,0.012064529435145016,0.7951096791888035,0.03157981068109585,0.15844292351739517
1246,0.008682819070308309,0.09279866674027926,0.27027909558385105,0.10744546829990463,0.5207939503056568
1247,0.44306582342318834,0.006692250476383826,0.013018834696762674,0.469242835594986,0.06798025580867913
1248,0.4254888929341917,0.01619204678620577,0.22044613422673695,0.12224864359165835,0.21562428246120727
1249,0.6025911528707123,0.020862119895731994,0.030707525254493568,0.12695431274098096,0.2188848892380811
1250,0.03777735345287371,0.12970315216122655,0.12144993616597113,0.06260692048137383,0.6484626377385548
1251,0.21521917208046715,0.008111755970105309,0.027907188486647715,0.6799716821791448,0.0687902012836351
1252,0.8969333981978023,0.015359412296134566,0.013254993442073777,0.027407063385484588,0.04704513267850468
1253,0.4161154932347178,0.009054070492586098,0.002777271270327934,0.49630221458963114,0.0757509504127371
1254,0.00027816772309289086,0.5758229501392793,0.1187256010118228,0.0006125205960712392,0.3045607605297337
1255,0.3716167978391344,0.006129521212311881,0.008707025366808768,0.19184181159957123,0.4217048439821736
1256,0.3151806961060057,0.004806686218554686,0.022987075795873942,0.44493610112733945,0.2120894407522263
1257,0.4957471954679456,0.0028269333660537097,0.01160463728015024,0.41124496729589927,0.07857626658995115
1258,0.002493927698313101,0.21711211034723926,0.2365380850213137,0.0036692013623216596,0.5401866755708123
1259,0.23909188039313467,0.0032230464309426143,0.026686804194452823,0.6618190654527072,0.0691792035287626
1260,0.7110740232914209,0.04849407591618806,0.18598633363560588,0.007058401932324646,0.04738716522446049
1261,0.09641366106304955,0.004857902177445111,0.020126964281935063,0.7167870701501278,0.16181440232744257
1262,0.2864715852293848,0.15535975069933006,0.08324149121757317,0.3204819730605887,0.1544451997931232
1263,0.32844637632845525,0.010052499035113792,0.030873460492793985,0.47182704528268954,0.15880061886094746
1264,0.18642820502729224,0.06924311744472313,0.19772687903534297,0.06412617163309446,0.4824756268595472
1265,0.33641418592920025,0.003964846683639858,0.03190199842580374,0.34812300391886386,0.27959596504249223
1266,0.019266977605279574,0.04633024502540271,0.058985949073130366,0.2666372561341098,0.6087795721620776
1267,0.5454230522599933,0.005771033997924682,0.012712455741840784,0.3592583983292348,0.07683505967100644
1268,0.39693049822093235,0.0062571924301070255,0.021568473328717173,0.49041444004464285,0.08482939597560041
1269,0.6756511952444555,0.09092937075959569,0.05756590617227773,0.019608950780108398,0.15624457704356257
1270,0.33172818803197995,0.006369022364667101,0.02442941759746319,0.5542236093127705,0.08324976269311914
1271,0.43461187786174654,0.006937969325632765,0.012569921749545653,0.37437673455381826,0.1715034965092569
1272,0.700703323796813,0.02412421945576147,0.17420385730589863,0.03987338729325289,0.061095212148273945
1273,0.15147948352187857,0.006357752344683108,0.026684515634707518,0.7025835307898654,0.11289471770886537
1274,0.25234101643759793,0.005886265643653251,0.03690538390497889,0.5459294297466529,0.15893790426711704
1275,0.21231663944157167,0.03912230579663178,0.1124754204898962,0.33763001121768693,0.2984556230542134
1276,0.36111719329422254,0.02268862995907619,0.08665376578087014,0.2187958804104861,0.31074453055534507
1277,0.1677354590962334,0.3975161292942177,0.2597919949002222,0.01780229848631421,0.15715411822301267
1278,0.017142467903425686,0.02452055889167065,0.04660682004469335,0.3214459169165952,0.5902842362436153
1279,0.004444465536520038,0.18758822390985522,0.7007286738748871,0.002089647839968701,0.10514898883876898
1280,0.6666843119839047,0.02255818798553198,0.04161499199927327,0.1237497907611443,0.14539271727014566
1281,0.0800209877263624,0.15532262349571346,0.14715751464550314,0.25813165149897094,0.35936722263345006
1282,0.2797332348462322,0.009776762252399913,0.03485948146387931,0.4591238377672417,0.216506683670247
1283,0.02960397919826566,0.00853982936643562,0.07780638372440835,0.7802176549343828,0.10383215277650762
1284,0.36468926713526356,0.00944508279327112,0.015479311287878657,0.39041532659186834,0.21997101219171833
1285,0.2830427762800795,0.002872333199285518,0.022222285864005965,0.5662121007606034,0.12565050389602575
1286,0.003993551201604699,0.2994307965965077,0.5859454840563605,0.0031975567859277515,0.1074326113595994
1287,0.42425588684389004,0.006679381756658861,0.01635736257340785,0.36794652022841534,0.1847608485976281
1288,0.012346578707912677,0.03310691904820016,0.011143584893649326,0.5560412232296537,0.38736169412058424
1289,0.1649430668867563,0.006929911950202451,0.021992657737612033,0.7272480498607122,0.07888631356471701
1290,0.0013477649325356956,0.2154790779821498,0.1938129232626832,0.0009541740077045646,0.5884060598149268
1291,0.2688155707487518,0.006750215613697439,0.035551251433696064,0.5139554461887131,0.17492751601514145
1292,0.8020941733363807,0.030955055512725364,0.11988589997252562,0.006764988348689438,0.04029988282967893
1293,0.9710682162416944,0.003622984503114453,0.005190017262858306,0.01016095163708561,0.009957830355247197
1294,0.045471742423069374,0.017763356294238634,0.06273531313230228,0.5374375809294993,0.33659200722089033
1295,0.4461814126444594,0.006250049201060462,0.013849290510250415,0.49973833036194604,0.03398091728228385
1296,0.21702535806097642,0.005424734753293307,0.030144892001251748,0.4397199203619632,0.3076850948225154
1297,0.003575343845853717,0.3179097448421804,0.5553702525228279,0.00706993263586372,0.11607472615327424
1298,0.4983722289116581,0.009268700479109984,0.01633603641142241,0.442229518296051,0.033793515901758504
1299,0.008992369316813489,0.0250216272856798,0.082914262601349,0.5786115943605291,0.30446014643562874
1300,0.002665036201527086,0.5088699062432783,0.4353283083443075,0.0007292039225728037,0.05240754528831411
1301,0.03343920793515584,0.06700619822321956,0.027056192049488354,0.2706061757669705,0.6018922260251658
1302,0.3713167201117919,0.0345569401391107,0.02014318081893855,0.3761321100533651,0.19785104887679358
1303,0.2662835723480303,0.003927198709340909,0.02628156140540296,0.6207270006550996,0.08278066688212626
1304,0.5073072815981755,0.06592836246208265,0.21429706253668046,0.032043495604738945,0.18042379779832243
1305,0.4844390965888921,0.006766933001249507,0.008309914465732794,0.4406572409693418,0.05982681497478381
1306,0.8744467175251242,0.0032761031594709896,0.0018307018400125787,0.06707650876454332,0.05336996871084906
1307,0.43347375857332515,0.022770935437714034,0.1462801674308131,0.18226081294570187,0.2152143256124459
1308,0.6250778081252586,0.0016945682664082332,0.003713722574831446,0.15799416322025456,0.21151973781324712
1309,0.14676108275687288,0.010573159806220866,0.047627250473810064,0.6017215293644115,0.1933169775986847
1310,0.5337750419503705,0.02615332561285524,0.07821469943045672,0.07654803634790407,0.28530889665841347
1311,0.6880771540783331,0.012438689832930127,0.003199656309928498,0.2258218494980443,0.07046265028076396
1312,0.20316428861769675,0.009459077920082723,0.034111344078379485,0.6830510660586245,0.07021422332521655
1313,0.0026277632967771254,0.3254821506971556,0.11671986082278836,0.005318059259218791,0.54985216592406
1314,0.00389896857568321,0.0668312561124335,0.3215174578588855,0.13065846802432896,0.4770938494286688
1315,0.337054470706819,0.006155735460935651,0.0077973342835231906,0.4530531827924373,0.19593927675628475
1316,0.7708455889152542,0.13575956994524446,0.03010055091832757,0.008717350177007602,0.05457694004416614
1317,0.00043464360663478203,0.15570496091505395,0.002748965827372692,0.015271294690213308,0.8258401349607253
1318,0.3461901965116707,0.007800142475738408,0.014363079904611257,0.5445861410347277,0.08706044007325202
1319,0.5887673771823659,0.0038768452282878932,0.005389687657342964,0.30766109510712336,0.0943049948248799
1320,0.18033616939685526,0.001623621751715747,0.039305642702326435,0.567261755484804,0.21147281066429852
1321,0.6156294345726965,0.04977713244257411,0.04230383060588663,0.12011647129952797,0.17217313107931484
1322,0.42570642613365106,0.005396440397511697,0.008448062950881192,0.49877003156316174,0.0616790389547942
1323,0.10718607913030338,0.0013468193402350653,0.05820081328894585,0.6572089301330128,0.17605735810750303
1324,0.3720493858347822,0.3216203486441048,0.03957557267358747,0.012033037773427992,0.25472165507409766
1325,0.022287808805823987,0.020466530523535895,0.11298415715717268,0.7103094719391388,0.13395203157432864
1326,0.40286121433937155,0.024193427120082146,0.30577021076535654,0.022732894892486408,0.24444225288270333
1327,0.033778666032537805,0.06759386739000438,0.289370570589058,0.18990143262595044,0.4193554633624493
1328,0.6060670553521007,0.04229352626353265,0.025665028774049466,0.09656453915313486,0.2294098504571823
1329,0.8672452966168159,0.0353642408930878,0.030952035758885058,0.016423903735825484,0.050014522995385606
1330,0.8533126724930092,0.06246445111717231,0.02375954265942412,0.018681636745641546,0.041781696984752786
1331,0.002764625699083731,0.2635220532076009,0.26997823364036777,0.002538944011699579,0.46119614344124793
1332,0.3557561621177615,0.009869303848268927,0.01638483097760562,0.5686551373802825,0.04933456567608134
1333,0.5661199355806281,0.005179311956938848,0.004768890804148882,0.14413135935376223,0.2798005023045219
1334,0.7926456542188814,0.0034483048610969794,0.000743508015460983,0.060288480908785524,0.142874051995775
1335,0.34719219423786096,0.06979927715444627,0.09000052126740539,0.2536197082660279,0.2393882990742596
1336,0.3634341940489187,0.005477063526774209,0.016730868261218276,0.45845793024063947,0.15589994392244935
1337,0.011586870153894648,0.01330251759114549,0.11760054147047667,0.5388871528610237,0.3186229179234595
1338,0.3801100601024365,0.03083840612034179,0.006369523238399903,0.5078510398635353,0.07483097067528656
1339,0.22243588951347507,0.014901470039706715,0.014333846199683399,0.573468137523166,0.17486065672396883
1340,0.021853051109556255,0.043958479541891575,0.0397365174220846,0.5159794379506178,0.37847251397584986
1341,0.008100966667784381,0.04860160004379784,0.27813294964340124,0.10040477395720962,0.5647597096878069
1342,0.27631504680958097,0.003671741359755745,0.03308095020271282,0.6011936176990962,0.08573864392885427
1343,0.100530262238697,0.31553595281901403,0.2354661900631538,0.007745238875711915,0.3407223560034233
1344,0.03082213752056823,0.009737603254059975,0.04020412567220057,0.4666972706291438,0.45253886292402745
1345,0.24548813637533254,0.007490843103680725,0.02721602045751898,0.669149296724738,0.05065570333872977
1346,0.27259102693070136,0.00578440025459192,0.021788205331160115,0.609478914047095,0.0903574534364516
1347,0.4073168517221918,0.0016681229960875195,0.018363767533516453,0.5162199662131122,0.056431291535092055
1348,0.39312782181401246,0.011278924942056259,0.008296050950048586,0.5116778225604186,0.07561937973346418
1349,0.8038487841358422,0.02598955663354809,0.03570472975635389,0.021100992536005284,0.11335593693825058
1350,0.9248630126890348,0.011114134891989652,0.01313424698619461,0.012746911362617788,0.03814169407016302
1351,0.28990703922163397,0.18347130383557797,0.13401099871443575,0.2764875098130916,0.11612314841526049
1352,0.054353169757553624,0.09193296557445158,0.5711154151300551,0.005802148187023365,0.27679630135091626
1353,0.20345985553642465,0.007326476065919882,0.012983242136311843,0.5650197675157651,0.21121065874557848
1354,0.2834707233205737,0.0358646078998502,0.17498294016927532,0.36034652463001154,0.1453352039802892
1355,0.10665811343952844,0.05084105729362741,0.007558959436513189,0.14989858550483584,0.6850432843254951
1356,0.023198435111469424,0.8176609474279997,0.10046168896983224,0.0018980753824113196,0.056780853108287344
1357,0.21703034486939657,0.0062905047533944125,0.01921929154616457,0.7154440507292638,0.04201580810178062
1358,0.28913055637608104,0.003999718693829,0.016916147242658375,0.6355041711837339,0.054449406503697714
1359,0.2801323060155895,0.008572924483004027,0.04091882866058347,0.4692899155342085,0.20108602530661443
1360,0.011088680742250006,0.37320305996354536,0.5014232341969093,0.0030327602488788717,0.11125226484841656
1361,0.020733023937312207,0.011840434786072445,0.03052275925813341,0.545138280699543,0.39176550131893895
1362,0.35499394450617616,0.014769263313934553,0.07619043627001454,0.06491183833795588,0.4891345175719188
1363,0.004850131772573238,0.017603671121793084,0.19326853573177363,0.5291544955032392,0.25512316587062084
1364,0.22001530953811033,0.005612549377726184,0.033146497589200914,0.5773434319203872,0.16388221157457533
1365,0.7264922747848098,0.008625999192697813,0.0068558334519814865,0.015936932241880215,0.24208896032863064
1366,0.26766779533367246,0.00676979678398549,0.012615818992071278,0.586444860009,0.1265017288812707
1367,0.014470827695035816,0.011027527867105374,0.07736678734252955,0.4631843196506271,0.4339505374447022
1368,0.6544173009726743,0.002561075612928686,0.0034499252629979714,0.14385170398885666,0.19571999416254246
1369,0.7163643770001952,0.01354818578153552,0.022440359903172884,0.20916459632016954,0.038482480994926974
1370,0.20848704207444757,0.10381250847969471,0.24332680023698453,0.016021262754583026,0.42835238645429013
1371,0.04125443026246659,0.05653217600674848,0.7044867872261503,0.020666890349394184,0.17705971615524038
1372,0.11215732771664023,0.19968032771887217,0.49754436095759624,0.027368314018854367,0.16324966958803705
1373,0.0007502309881634188,0.11978333704448095,0.4415925096650153,0.0013461799064153287,0.4365277423959251
1374,0.03782291352103896,0.07017447231256634,0.5696762283800483,0.00564655608425996,0.3166798297020864
1375,0.4985032803839193,0.0061963224767190165,0.010112213586839686,0.35086257662931997,0.1343256069232021
1376,0.012416420917310668,0.05320641330782297,0.3441291376559227,0.07865464531187362,0.5115933828070701
1377,0.00019876485485699147,0.1692689218358196,0.4740076184491713,0.0023488204334729686,0.3541758744266792
1378,0.8268998093509146,0.011862770907986448,0.02168957855340253,0.08120879419918224,0.05833904698851413
1379,0.0008102075542971042,0.39226765542730907,0.51259187103242,0.003924810419388475,0.09040545556658532
1380,0.3958926269585965,0.0063337075519323445,0.005341642076735697,0.516558227526917,0.07587379588581837
1381,0.46375066861984615,0.026386122038253152,0.13580932467731982,0.14684515885239213,0.22720872581218876
1382,0.30088842097788293,0.005695960019913059,0.00600893136276122,0.6443968814139165,0.043009806225526255
1383,0.18508611305362296,0.0014120784826263603,0.030437418665958515,0.71510623567331,0.06795815412448222
1384,0.934925854557952,0.03803961704519065,0.01174517100760833,0.006352837811018199,0.008936519578230809
1385,0.8598982483350345,0.022638577999346845,0.018664699067460568,0.04224198899200571,0.05655648560615251
1386,0.6289842439199561,0.00504745833002652,0.006105604433271145,0.12725376904540325,0.23260892427134308
1387,0.320456005254148,0.007068778986994984,0.03363191762324565,0.42589395905552735,0.21294933908008398
1388,0.2925840671416105,0.004486872712323871,0.0432409596033976,0.38075153885332785,0.27893656168934017
1389,0.13781303038557804,0.006271296678669487,0.04118161466328452,0.6640887680739567,0.15064529019851117
1390,0.0008193594892654463,0.528296492267343,0.19418844320010387,0.0011926350278872685,0.27550307001540025
1391,0.18847395900847222,0.0037770174809184554,0.03708302863300796,0.6874612821103939,0.08320471276720746
1392,0.19432729834625448,0.12812201933879605,0.1533674120676987,0.4318650169373263,0.09231825330992445
1393,0.12894367950007124,0.062136696602670495,0.46956797419482615,0.10010035688484148,0.23925129281759056
1394,0.8259345008910092,0.011492066879091435,0.019918928278799538,0.1046909492568253,0.03796355469427461
1395,0.2892241502505773,0.006077875206569308,0.02694124454166705,0.6424903815877281,0.0352663484134583
1396,0.5361616362651147,0.004059062259906477,0.009581405000282936,0.3689550243171683,0.08124287215752753
1397,0.5368255494505247,0.017359485066139813,0.04250477294834064,0.08148682044815961,0.3218233720868351
1398,0.0007288131497786533,0.14649992033542833,0.3243688439735636,0.001186400505196521,0.527216022036033
1399,0.21076082488907333,0.008477700507275593,0.017922464057767772,0.593726221849018,0.1691127886968653
1400,0.33727360743726925,0.001594522588585066,0.01838874186207937,0.4549514220468172,0.18779170606524911
1401,0.32862303620135325,0.009318700122595402,0.02285115833819688,0.5728947373156621,0.06631236802219238
1402,0.0009386633116647324,0.269798533884157,0.2172568677552671,0.0008904878987540443,0.5111154471501572
1403,0.15421800329701804,0.003634885923761904,0.040730312881788924,0.7255862410738433,0.0758305568235879
1404,0.853204672218313,0.048212312916633915,0.023436420730065813,0.03848273269651829,0.036663861438468975
1405,0.8173215140013184,0.14030937887038167,0.015797083433841903,0.004386057249215591,0.022185966445242313
1406,0.01683871327596605,0.03826057403553326,0.6767716729721993,0.056689426519695024,0.21143961319660634
1407,0.7704110725124904,0.015571047494992883,0.010238132037328759,0.053510147848191913,0.15026960010699614
1408,0.6051543000330164,0.0056624268194649,0.009995124942749902,0.32956657727946503,0.04962157092530371
1409,0.006191638908092465,0.36945823695783864,0.5337211070826012,0.005411202940183396,0.08521781411128417
1410,0.2558794312584914,0.007022744776639706,0.014895324016929976,0.5781667859697628,0.14403571397817622
1411,0.15458200007853756,0.0038735453889719887,0.03962794516347032,0.6005837981270448,0.20133271124197544
1412,0.25012509303971475,0.0038181151866946185,0.029851361167735114,0.6696488437738263,0.0465565868320292
1413,0.7424769190424112,0.005240090494403709,0.001190006371763115,0.15498741057968068,0.09610557351174126
1414,0.5285922503486061,0.0052906975844797905,0.01258158027259652,0.37014428481842426,0.08339118697589326
1415,0.5242534323158708,0.010094649745998246,0.018691769832151133,0.025485390430260203,0.4214747576757196
1416,0.05151817705988281,0.03231155714593423,0.022661795570905984,0.7459651098289134,0.14754336039436364
1417,0.41076525455978063,0.007830388485872515,0.02533941748707161,0.46598910683662553,0.09007583263064964
1418,0.4306234115317889,0.003090690915936935,0.012192450220483595,0.5046539381496907,0.04943950918210006
1419,0.5826503490847275,0.010447169439132759,0.011244087960114793,0.2881047086450425,0.10755368487098264
1420,0.05454940409969297,0.05936803561503997,0.0503112985825798,0.039660164085105025,0.7961110976175821
1421,0.19853086194661296,0.005728396316143456,0.023035444323415512,0.7116381376278765,0.061067159785951584
1422,0.3173664784874028,0.00542030209465936,0.008972358098978539,0.4741150819850791,0.19412577933388023
1423,0.00010718333356660105,0.1479425187863181,0.13863072546705407,0.0010084128800801678,0.7123111595329811
1424,0.24138756884338136,0.004352392306709549,0.0323430336757144,0.4766004690504265,0.24531653612376814
1425,0.5231657916701251,0.019824953199490798,0.04808133253825491,0.1939866798305789,0.21494124276155022
1426,0.24243881854297838,0.03888284165613087,0.10957926490469405,0.4434358629046833,0.1656632119915135
1427,0.19773028476769489,0.0044068903398242435,0.03748954302844392,0.5732762889349401,0.18709699292909682
1428,0.0031642100421818567,0.03578857361535597,0.6074602074773786,0.009941564364326418,0.3436454445007572
1429,0.5170530517211828,0.005815834264435104,0.007715775364221637,0.39804124746912817,0.07137409118103244
1430,0.012443620097373079,0.00791998103570623,0.08531948913501093,0.48191397150088844,0.41240293823102137
1431,0.0010102846028550428,0.2595271177334732,0.16712801537004424,0.0021330248626530842,0.5702015574309744
1432,0.41840937898795416,0.06044688482955211,0.07919459684394482,0.3518254766708299,0.09012366266771885
1433,0.5458960926851795,0.013152535006151942,0.21529687939275277,0.026416480165764512,0.19923801275015132
1434,0.5467012625293982,0.02074356713774692,0.043158745332667205,0.2374185171101288,0.15197790789005883
1435,0.12679039069827383,0.25851392351350105,0.4512472637764095,0.045044427093325144,0.11840399491849045
1436,0.3105974813962511,0.00307575652912336,0.030348906225046643,0.6116587731374168,0.04431908271216197
1437,0.16051729977963144,0.004395287880604172,0.0312818709682216,0.5717903191979571,0.2320152221735857
1438,0.04030631723286438,0.04983696719316484,0.6950770324010458,0.03143063250176135,0.18334905067116358
1439,0.7489069578242724,0.1688648559283827,0.02235547069123601,0.012049755691530842,0.04782295986457816
1440,0.5628736602348864,0.015043199584664454,0.009374594854715245,0.2550976713672324,0.15761087395850157
1441,0.0019367946298878994,0.28031029944193386,0.4167422318008871,0.0015375794927894508,0.29947309463450184
1442,0.359561898958921,0.015866858876060735,0.035218506562625256,0.42191754299490253,0.16743519260749043
1443,0.06066280780121088,0.03837621961185329,0.0464042095540969,0.03371755443716557,0.8208392085956733
1444,0.004188926192978468,0.02078705344208866,0.6263119505335691,0.020604277466027478,0.32810779236533627
1445,0.823718493460587,0.09196263454702085,0.03131958170597717,0.013563419667513442,0.039435870618901525
1446,0.2805777430627079,0.009763462147114276,0.014248454126779771,0.40171133195281,0.29369900871058807
1447,0.1988281209043923,0.011225214826048008,0.047062057981734094,0.5488719753311153,0.19401263095671026
1448,0.004855542147584592,0.7610688180801756,0.2076673943057058,0.00020879717364840302,0.026199448292885622
1449,0.5837146228461947,0.012749622749300816,0.005678378636838793,0.18598764770630247,0.2118697280613632
1450,0.7955587473601915,0.08645243452088783,0.03420721775374283,0.02156047280862883,0.06222112755654887
1451,0.7697236862293408,0.016835364552025278,0.01656386666487776,0.041690594044388754,0.15518648850936745
1452,0.0006342804081461601,0.2797506806086317,0.2233821029103474,0.0012772468998025433,0.49495568917307203
1453,0.0033907691846054573,0.06447159200907428,0.03374972422542338,0.06749374086054255,0.8308941737203543
1454,0.4113498190114523,0.02649151524485753,0.14778287693066228,0.1684895902028818,0.24588619861014607
1455,0.2091838526065814,0.007469264687414605,0.03685703380534736,0.6585735095328965,0.08791633936775999
1456,0.02851761489361635,0.07694814798634453,0.039136858373030006,0.05202363170060187,0.8033737470464072
1457,0.6821471830651299,0.01934504044684817,0.030342186841731057,0.18497671943422267,0.08318887021206828
1458,0.3166611764165813,0.004902179102814781,0.02371996874190244,0.5083796481516226,0.14633702758707878
1459,0.15709774417804417,0.04390913651510381,0.03344581508242154,0.59859105515395,0.16695624907048046
1460,0.7992465681891507,0.005774986537528695,0.0007728288271871569,0.10062686617007725,0.09357875027605594
1461,0.0028573356772732873,0.34431193947865324,0.09283978050337291,0.004615504856289881,0.5553754394844107
1462,0.17086390355566347,0.007128565520364046,0.015358972102311777,0.7042100715583832,0.10243848726327755
1463,0.1736681627113785,0.05012722947575223,0.03451192272568539,0.5373045667942361,0.20438811829294776
1464,0.00039684359106346154,0.32676946604331114,0.18343822451815253,0.002043884627079178,0.4873515812203937
1465,0.10160637298763521,0.003820137282789738,0.03314655819169162,0.6689273709905573,0.19249956054732623
1466,0.21713624046119412,0.004267949602515839,0.017203957490816588,0.5757773159711171,0.18561453647435627
1467,0.27587312112890866,0.004745924402366912,0.026015572072248756,0.5815716948929582,0.11179368750351752
1468,0.8709197806819332,0.021029339934918942,0.01906084026741547,0.013989273354161514,0.07500076576157082
1469,0.7905384810126092,0.001836862103602214,0.0025177604293184215,0.12801275047846528,0.07709414597600495
1470,0.5191693231644536,0.009146135143159366,0.011682103214278813,0.33344075158374714,0.12656168689436118
1471,0.46091942249053913,0.006146922360457909,0.026311935110531173,0.4202249229387877,0.08639679709968415
1472,0.1478747705332656,0.058145892457049715,0.022999944642811902,0.5445643763128357,0.2264150160540371
1473,0.023387050048289188,0.061899664083239735,0.2542662602763414,0.12523242149690295,0.5352146040952267
1474,0.010074176187911621,0.019667713733248472,0.06494860689611154,0.5261939313889342,0.3791155717937942
1475,0.03834987651796398,0.05308598131520506,0.045791117500275966,0.025572326621355584,0.8372006980451995
1476,0.15117166580877925,0.004066995591262932,0.0277587743846787,0.6131770801655722,0.20382548404970685
1477,0.6790945270314556,0.017931872198055344,0.049700760096698694,0.12292953916686693,0.1303433015069235
1478,0.7872221613284375,0.01775638766916189,0.11272061689793424,0.023200234634178384,0.05910059947028803
1479,0.3289651735179876,0.022011562917344143,0.020447159401933736,0.4458831345639104,0.18269296959882425
1480,0.0018083720390607934,0.5184474268428727,0.04259539797519963,0.005016034420110639,0.4321327687227563
1481,0.002816859777007698,0.03856401793690904,0.6307710104863989,0.016242313051474635,0.31160579874820954
1482,0.5299806220526763,0.0037665336608216048,0.007666888577184529,0.41626800207778764,0.042317953631529945
1483,0.39024225079179903,0.027561788032930995,0.048945895030896476,0.4070624529130476,0.12618761323132593
1484,0.2204651646716076,0.0028238145372545824,0.03909104340193779,0.5396316913834263,0.1979882860057737
1485,0.0017317874192580443,0.2637538371967804,0.644273888459883,0.004019954276886363,0.08622053264719222
1486,0.16409180296505882,0.00447861276588938,0.020755856188309024,0.76006236118324,0.05061136689750277
1487,0.09100471367253003,0.004780005787604099,0.03480015197628975,0.7070865288849102,0.16232859967866597
1488,0.49851151478947836,0.007205602514215044,0.014667367940665237,0.37812294680840514,0.10149256794723621
1489,0.5068986231418815,0.007637786910130144,0.01250079738441024,0.29807495307928733,0.17488783948429087
1490,0.00022404194178875431,0.19251423461169068,0.1723301697100745,0.0010694363941172117,0.6338621173423289
1491,0.5279589806912638,0.01736740596821221,0.190023881447659,0.022477775707212995,0.24217195618565204
1492,0.25102030225635913,0.14522116194550932,0.13576651241366922,0.2822789161859537,0.18571310719850864
1493,0.11141662649854554,0.47814176795423396,0.16965745944318134,0.006628764268256944,0.23415538183578216
1494,0.7107693375106561,0.02684812802555925,0.017928967259238877,0.06074211862224717,0.18371144858229874
1495,0.0040844195175449745,0.050188157423396086,0.6901237221572295,0.01286852120062579,0.2427351797012036
1496,0.024883452289793096,0.13381332776233734,0.1025227766239241,0.06878427451459576,0.6699961688093498
1497,0.9298574254515473,0.011015842683828969,0.014570455473379495,0.017022446425482958,0.02753382996576129
1498,0.11506513536477292,0.02545536539693389,0.01965050316079187,0.2400686473372574,0.599760348740244
1499,0.02724380067153901,0.0519960403309957,0.033318530340486444,0.36873546584519,0.5187061628117888
1500,0.5002854689648866,0.009849630134458769,0.005489772740399518,0.36907975208712074,0.11529537607313448
1501,0.267677745664869,0.08517060883419975,0.1417160958816865,0.20286915254550777,0.3025663970737369
1502,0.3281535483616787,0.09932187452950285,0.27883630080509614,0.018613445043991077,0.2750748312597313
1503,0.1968020009691453,0.007633064672205723,0.04651614840086756,0.47685263722302734,0.27219614873475395
1504,0.273003395945704,0.005814355768434033,0.035175181777896955,0.6356359928845968,0.050371073623368255
1505,0.2913601717362621,0.003563033930425911,0.06329593573288782,0.5820125247487947,0.05976833385162929
1506,0.031100777065103943,0.04658501260453158,0.09640094959308691,0.7325442233931169,0.09336903734416073
1507,0.024913012609649624,0.012831327991679653,0.040822761879147344,0.28775603746122064,0.6336768600583028
1508,0.6846337773287721,0.029551686545037235,0.04286390176880858,0.06967493271150212,0.17327570164588008
1509,0.012125270915386272,0.040236516970645,0.1369920614776218,0.4162769922592741,0.39436915837707287
1510,0.13525079877372115,0.0059840601196645875,0.049800992472765315,0.672585437911625,0.13637871072222396
1511,0.00016439772927917965,0.198578688963742,0.2137434230433041,0.0024496280222570973,0.5850638622414176
1512,0.3369708020464325,0.009378489759682735,0.0391669891385927,0.47870290186523856,0.13578081719005353
1513,0.9329889083272748,0.01052187769331741,0.01351896051699203,0.012161971464592924,0.030808281997822692
1514,0.009190668438537247,0.12187617336115798,0.6712077928962652,0.011666322264590242,0.18605904303944923
1515,0.16226316719947964,0.0037659800025235356,0.04221154841800895,0.5907017315962999,0.20105757278368808
1516,0.03715732057375794,0.5295832909640327,0.37632570972859153,0.0008856481436408016,0.05604803058997704
1517,0.4529354983188738,0.0015637056057535498,0.006973376508920668,0.27189856280977,0.266628856756682
1518,0.09311278158642523,0.311474825130856,0.45413280447141513,0.04047471024562048,0.10080487856568315
1519,0.37752855392275697,0.004975029396265022,0.027516907944256413,0.4150135007526419,0.1749660079840798
1520,0.3010367203334698,0.024948553078317757,0.01900637174386719,0.531373202614965,0.12363515222938028
1521,0.08330154543028931,0.11172996788061054,0.28434792855274865,0.18034710880595145,0.34027344933040005
1522,0.3583433032206139,0.007063600265529785,0.024712180653517674,0.5472064583756864,0.06267445748465228
1523,0.00043003668665501834,0.1070594304087932,0.18650040374883156,0.0010540216585586354,0.7049561074971615
1524,0.3962158091638121,0.005713052948340945,0.020223045896261584,0.5025153220014361,0.07533276999014933
1525,0.5936550185947641,0.02512037656010986,0.226903350945696,0.010623468596808803,0.14369778530262134
1526,6.125614611704186e-05,0.38234288393771954,0.21532566657900376,0.000862131947958235,0.40140806138920127
1527,0.00467733725954481,0.09838717476137056,0.018923005123808682,0.11109505921931821,0.7669174236359577
1528,0.5790104942810699,0.0015642342347710753,0.016104692638675505,0.3788458312307607,0.024474747614722736
1529,0.5793181779415326,0.06969058952554472,0.054888791594438116,0.1995848415930039,0.09651759934548067
1530,0.31406777862162577,0.0070121206720440395,0.031054684975747246,0.4771906663821489,0.17067474934843394
1531,0.00036575762451751493,0.07047140455537976,0.7754978869353079,0.020839139580081895,0.13282581130471285
1532,0.45828028119732384,0.03409012801578205,0.007113019070445992,0.028485057464329607,0.4720315142521186
1533,0.007727268937717966,0.019277504302356762,0.14127801042910906,0.44544581304839154,0.3862714032824246
1534,0.00342655742553717,0.33447407353548014,0.082678590113261,0.013588507422089127,0.5658322715036326
1535,0.08528728055740499,0.07705762263468176,0.15039172247197935,0.020335773982277754,0.6669276003536562
1536,0.23566677584358192,0.008932185699195625,0.02968253198992617,0.44377466172244523,0.2819438447448511
1537,0.28794100609875645,0.06619610174136195,0.11418182742364176,0.329049555555734,0.20263150918050585
1538,0.3982096160987846,0.006328371137838028,0.021156415343433876,0.49546630043079665,0.07883929698914698
1539,0.5547634276650761,0.035419981235233884,0.05453234640608194,0.13202726797186215,0.2232569767217459
1540,0.1552048843102258,0.005365768900417074,0.03815174292536035,0.5301889758611944,0.27108862800280237
1541,0.6520163676957648,0.014071260039070433,0.007999979529310407,0.2135526702151881,0.11235972252066627
1542,0.2899951467511008,0.013268661557703584,0.02423100851800459,0.0370625140237282,0.635442669149463
1543,0.0033276605692093616,0.20250960179138847,0.03042655344787146,0.4750227500354819,0.2887134341560489
1544,0.565867760490717,0.0029937311759006394,0.011053923331199223,0.3724699520276397,0.04761463297454334
1545,0.8081526801995209,0.0920404804661274,0.03313973260750197,0.016647716806758407,0.05001938992009099
1546,0.6716649903216376,0.007214875217783399,0.00829869282309411,0.24792773598617152,0.06489370565131324
1547,0.012225009954932777,0.01391491153594307,0.11088825667155267,0.4608817654440648,0.40209005639350676
1548,0.4040180172485026,0.00651519815919608,0.020307819237345735,0.4188068051500424,0.15035216020491315
1549,0.337119514308718,0.035470757307814,0.16596796966808672,0.3639692840228367,0.09747247469254462
1550,0.11536934992407227,0.002205992945125075,0.027157533187646538,0.7040304408040781,0.15123668313907807
1551,0.0024074383812951764,0.05015730853853285,0.7379448033388624,0.02491421956827804,0.1845762301730316
1552,0.1376525688150814,0.00914218809863804,0.07631518484915188,0.5870303807241493,0.18985967751297944
1553,0.6691577044389242,0.010134786043027064,0.0034236786523136643,0.24967326565660486,0.06761056520913031
1554,0.4685717842919206,0.0038707434112722735,0.009066437777772527,0.455827755706166,0.06266327881286878
1555,0.29370967044947194,0.005947568324396126,0.023580466515609088,0.5943701074706591,0.08239218723986362
1556,0.02845767543544429,0.01684766631159327,0.051950407813138574,0.037128543649491134,0.8656157067903327
1557,0.5420185929438125,0.006622514885354674,0.014298700864296058,0.3381186583131977,0.09894153299333905
1558,0.177299019863052,0.002909744246299356,0.03800771536468841,0.5879186172392332,0.1938649032867269
1559,0.9664291756196336,0.007040122588624646,0.006172761068911917,0.008260539982096441,0.012097400740733302
1560,0.5598786600638715,0.25226992551159577,0.07384577092008196,0.08225992622701028,0.0317457172774404
1561,0.3372406073378537,0.0065296147102658665,0.0320657132827997,0.5833187471449175,0.040845317524163295
1562,0.2113294963787758,0.0025399500295103386,0.035800590447698184,0.5976076538283172,0.1527223093156986
1563,0.5127343680989189,0.041298049965436054,0.05597099184273833,0.2457820114299715,0.14421457866293524
1564,0.19922695752649416,0.008239157669476492,0.030793323757458257,0.583704435460601,0.1780361255859701
1565,0.4906916602176397,0.07138010590343309,0.08182235413401556,0.27200396540521493,0.08410191433969663
1566,0.535492083908139,0.006065675677284507,0.008351216173986506,0.2229908054516687,0.22710021878892128
1567,0.008174306189647502,0.015746250580410674,0.1156662271489476,0.6491198498063712,0.21129336627462286
1568,0.15604485392175,0.09805590850769436,0.14490507173629913,0.18165068397098202,0.4193434818632745
1569,0.7931982797523782,0.07924256791388912,0.03643471135396043,0.037974552316650124,0.05314988866312222
1570,0.19717575899856526,0.007691566602578141,0.048980185138709886,0.6007123587840065,0.14544013047614013
1571,0.6462386854931284,0.02981307904260464,0.07521899776875943,0.1384023825685913,0.11032685512691628
1572,0.20345527418662587,0.008410505148322858,0.03296357863878228,0.5289333260227086,0.22623731600356042
1573,0.0024779363097092093,0.12466579738107399,0.24077604660250052,0.0022874491042711277,0.6297927706024452
1574,0.7838823453421825,0.0028233393939777265,0.002715788571064148,0.13510919043539554,0.07546933625738007
1575,0.010573642072122,0.0636069454209433,0.3123488569588602,0.07884180073834963,0.5346287548097248
1576,0.283333188407279,0.004268824154271719,0.008958986998117513,0.5991283645943338,0.10431063584599788
1577,0.21431367185037103,0.41434392623268435,0.2029039366732599,0.012196690730043504,0.1562417745136413
1578,0.0021261622716453503,0.20270430856545849,0.18487719077599402,0.0023528077416507956,0.6079395306452513
1579,0.001543587928180907,0.2821750990240236,0.0347141442590835,0.00366854652862231,0.6778986222600897
1580,0.4883872976471299,0.005021770704493501,0.00955741297172845,0.21788215653610848,0.27915136214053965
1581,0.9652993103565543,0.003651834286833358,0.007992184417902502,0.010763148238854636,0.012293522699855286
1582,0.0003627390340855655,0.3791076638877786,0.21614222202401628,0.0009312975776052272,0.4034560774765144
1583,0.27233313037229,0.008130582891583474,0.007494126302333634,0.5843930014381514,0.12764915899564142
1584,0.0001912159429684223,0.17918451292649046,0.19842876256534764,0.0012412904221586652,0.6209542181430349
1585,0.0034946491255801854,0.03485144963818094,0.6293405322966612,0.005414939006046292,0.32689842993353135
1586,0.4677261091447415,0.0038655827877704992,0.011026893494525729,0.36183457635903093,0.15554683821393125
1587,0.9667833530236538,0.015465245851297984,0.007378644016975485,0.004582127239949149,0.005790629868123548
1588,0.8643579613845851,0.010311964290530572,0.0038659875054828153,0.014343798843192182,0.10712028797620922
1589,0.0006080587910117367,0.2967015251169523,0.1504191144838435,0.0018808651159256703,0.5503904364922668
1590,0.01651740132906877,0.20907495024375003,0.598673291919029,0.0011869852600886795,0.17454737124806355
1591,0.010662013497836033,0.4162266017582568,0.48940560783966375,0.0013991149383104284,0.08230666196593295
1592,0.012086223408447843,0.057591095511711404,0.33202416694508424,0.12627299014698598,0.4720255239877705
1593,0.29471447704555226,0.0036722855944990532,0.027742787150853487,0.5104876867160332,0.16338276349306194
1594,0.0059088626064958405,0.022668658286993777,0.6003126960862948,0.0133022925478009,0.3578074904724147
1595,0.2766617210488515,0.008083163140295177,0.03208285238868894,0.5701119847998627,0.11306027862230182
1596,0.1919903481615303,0.008312827869050446,0.04426488299944045,0.5590364038704754,0.19639553709950347
1597,0.45985436940029756,0.004735103320592646,0.012187284111407197,0.27218752150928965,0.25103572165841287
1598,0.21716214413802343,0.0056149985397055974,0.06376181235861796,0.5599919063725973,0.15346913859105568
1599,0.7963054455578049,0.11316594618968809,0.026328499916742812,0.013264895972105692,0.05093521236365853
1600,0.0115568576216101,0.09765702024679163,0.25771155398007406,0.06904058565004144,0.5640339825014827
1601,0.3788581974202887,0.006681255728090907,0.023428013926628136,0.4773045944348608,0.11372793849013162
1602,0.5593883494582544,0.030590257777359107,0.05146680352408668,0.16854090909797956,0.1900136801423201
1603,0.09722021862009443,0.0698492068175444,0.06106771615054168,0.050383561139941115,0.7214792972718784
1604,0.30635418830169747,0.021348918601335046,0.15570082103746125,0.0937398918887294,0.422856180170777
1605,0.5849275084625778,0.0058821764778327025,0.0042021377252097125,0.34563798671452184,0.05935019061985793
1606,0.2558589514870129,0.008296007938494195,0.05076066107521512,0.45356736796499225,0.2315170115342856
1607,0.7378639491222375,0.001477765325914021,0.002892783461080467,0.1819634262438676,0.07580207584690052
1608,0.6692942135007617,0.015853070480045466,0.03766721823409706,0.0718528547573817,0.20533264302771423
1609,0.9744540858434324,0.002742213523963988,0.005830801951385701,0.00853810503403765,0.008434793647180505
1610,0.006139238956154488,0.2950594833067167,0.2470809032879113,0.004133900152260688,0.4475864742969568
1611,0.414260775635381,0.005771095693292603,0.017836566865247178,0.338895528282358,0.22323603352372107
1612,0.09709478904950936,0.005263907791193163,0.029117181545253366,0.6770521571265602,0.19147196448748388
1613,0.2993895978280064,0.007474100098482343,0.02907910391481739,0.47938180296238114,0.1846753951963126
1614,0.650693775252676,0.007513904842266827,0.006624617174758627,0.3159731944985004,0.01919450823179815
1615,0.9833610606967353,0.0029195830629184967,0.003878983628851987,0.0058663588401022945,0.003974013771391911
1616,0.5888099882700446,0.017432813736104964,0.008818075027003054,0.28748235862965815,0.09745676433718922
1617,0.8007665096931933,0.022211163162232494,0.01214359514760917,0.02574529254629758,0.1391334394506676
1618,0.10099304827214624,0.002620230958047554,0.018418911830857407,0.7377096542329283,0.14025815470602046
1619,0.5284151990813878,0.04182226881222695,0.02703028167602155,0.10816543058304928,0.2945668198473144
1620,0.05501768959164275,0.7058632725867816,0.13028944931868436,0.002236045645006924,0.10659354285788453
1621,0.0027887169108649274,0.28710876634616833,0.18075238103755292,0.00220456605476053,0.5271455696506533
1622,0.8761895675715572,0.053137999561786685,0.021139897808371787,0.019032709005468402,0.030499826052816002
1623,0.9295170029971985,0.014665249795268927,0.01553132600012214,0.009257441018030372,0.03102898018937994
1624,0.39181165834919185,0.007361746141581964,0.00816039669588429,0.39436957309796844,0.19829662571537346
1625,0.8638653786522414,0.033104494631369795,0.014145546845654632,0.042323538320711146,0.046561041550023025
1626,0.3595054917237564,0.003440454201844057,0.016595629448187505,0.5634395109012361,0.05701891372497594
1627,0.5772735460444828,0.013283956630225833,0.006687164871606716,0.24167105609257972,0.1610842763611048
1628,0.00031152890966658386,0.6353429933133847,0.10856638672166354,0.0005324549212163136,0.2552466361340688
1629,0.011410145807537636,0.14337881770077052,0.0032578140967928185,0.03153766867454487,0.8104155537203541
1630,0.32950343802277093,0.012224047221373015,0.0379170779284015,0.44158473430615325,0.1787707025213014
1631,0.006578192193617806,0.12739945832900637,0.3563558619550701,0.10557543164168522,0.40409105588062055
1632,0.8967245355812408,0.019446936956800796,0.018201440906244627,0.014957591620745253,0.05066949493496841
1633,0.9117918667008531,0.006965714445289607,0.0035429363930773354,0.013844347365078117,0.06385513509570173
1634,0.7330853730852874,0.14658884279361162,0.03659179922038199,0.030600195849410674,0.05313378905130845
1635,0.4041250420788058,0.12379674641270091,0.07084514156850151,0.32331369014259737,0.07791937979739433
1636,0.44255429588830636,0.005023870098526029,0.0032093248337788116,0.5024424757459526,0.046770033433436206
1637,0.2589721750458913,0.005153215964843951,0.01873975776912771,0.49977431352226703,0.21736053769787012
1638,0.00039964749838870817,0.2418414683658886,0.2568377756927232,0.00372106442261999,0.49720004402037954
1639,0.33414026157297533,0.003007805895543701,0.01613887411673784,0.5077372335668584,0.1389758248478847
1640,0.42512575633412947,0.022962562971161258,0.07485345890232123,0.2957282192499447,0.18133000254244327
1641,0.8237697152523236,0.0033203953591078575,0.0020419192580536944,0.10445629210261495,0.06641167802790002
1642,0.3938381951406067,0.04901261296411752,0.136373664945521,0.2903240324116008,0.1304514945381539
1643,0.20191086291683255,0.008069821628444503,0.03162832614200605,0.5405899829167049,0.21780100639601208
1644,0.00045794721781801465,0.3023560946595122,0.16626851559028458,0.0010052001865322835,0.529912242345853
1645,0.007196041928984164,0.16413146920926056,0.16913806758938854,0.012033968847226564,0.6475004524251401
1646,0.7476503134553028,0.011002177886006225,0.01004773448578734,0.02854321296154109,0.2027565612113626
1647,0.24928418381928644,0.011095228187177971,0.04503612424758729,0.4408813328146342,0.25370313093131397
1648,0.28589397006837675,0.03694189462815276,0.33591016038232485,0.0427772881210635,0.29847668680008205
1649,0.485316789133328,0.023480467361316353,0.050114561215354354,0.2740506503846479,0.16703753190535348
1650,0.0018731252588322378,0.2853293131232821,0.21896625423657173,0.002345684976007527,0.4914856224053066
1651,0.1410534578567844,0.009695472510050868,0.05911684797062721,0.5830330193565194,0.2071012023060182
1652,0.0003409426751939071,0.14856002724173567,0.1521796157216269,0.0007950542641006187,0.6981243600973428
1653,0.7232547756252402,0.08644827331014342,0.15011671247537622,0.00736907735995258,0.032811161229287386
1654,0.15455053331190383,0.004226001959093747,0.030225944002603953,0.6142550942454335,0.19674242648096493
1655,0.32694416722610214,0.006038595229422191,0.015461769765202589,0.6212524869740277,0.030302980805245402
1656,0.444211923003788,0.007598607277932603,0.017100549689373096,0.45995050036196755,0.07113841966693864
1657,0.0030078719424997406,0.3512539849407783,0.017160767735274994,0.0484760187059688,0.5801013566754781
1658,0.01617585961984321,0.012752813247800419,0.10402549662258632,0.49642768933446285,0.3706181411753072
1659,0.00011718027317802909,0.6868989556993383,0.11054368485515197,0.0003221809857408118,0.2021179981865909
1660,0.39698635762599355,0.004266831676550541,0.016920769052430028,0.42829141621928024,0.15353462542574567
1661,0.9505321001943918,0.008832895902065797,0.009988584057922358,0.015978319819910634,0.014668100025709304
1662,0.7686390831625147,0.003134767916307428,0.003100702767233302,0.08806957525444216,0.13705587089950233
1663,7.607862378252069e-05,0.23489308864989342,0.23294643713662,0.0010839832663339392,0.53100041232337
1664,0.15798861354513533,0.008122382515271443,0.050375531511569024,0.5916173208724926,0.19189615155553152
1665,0.02988406089007785,0.3466355218934808,0.519089475474943,0.0010084504428444217,0.1033824912986539
1666,0.18015567063015175,0.08619121961797861,0.40398767204556063,0.11310477306191831,0.21656066464439064
1667,0.2522519521087375,0.03462819291973144,0.09259960949660588,0.36101126677517226,0.259508978699753
1668,0.03446051285345527,0.09469069024392492,0.6607715373230735,0.0031864571347923836,0.20689080244475386
1669,0.3530017674937024,0.0053052962520271345,0.018716328032724716,0.4321556195899101,0.19082098863163574
1670,0.23997465691454622,0.00777652364377946,0.05194527403071766,0.5291453947191785,0.171158150691778
1671,0.8245743662010191,0.10016934967647685,0.026759992483418638,0.012388275673810586,0.03610801596527463
1672,0.28032856897714226,0.004808965547564624,0.021904144904106592,0.6384218258614323,0.054536494709754184
1673,0.031167020515600313,0.016759802711554618,0.09213085485389341,0.7742784587576242,0.08566386316132742
1674,0.33132073605828327,0.005997760320143688,0.017479483563150443,0.6089290932371384,0.03627292682128427
1675,0.2652389137887962,0.00409947790535721,0.018858862869025255,0.5642900586581907,0.1475126867786307
1676,0.3013676760928871,0.006127919120424598,0.0363799994713057,0.3565831672995498,0.2995412380158329
1677,0.38282930452535596,0.001653864262468326,0.017607523915881138,0.42545606084550003,0.1724532464507946
1678,0.36315049405707533,0.0038348018604346676,0.026277246500930135,0.3466281224328407,0.2601093351487191
1679,0.04040848128606689,0.7154902442507763,0.13599568257871558,0.005737886711429563,0.10236770517301168
1680,0.19411294240052485,0.014113248500757288,0.1357825146281497,0.5737341443776278,0.08225715009294042
1681,0.18629740758634336,0.009895827787123295,0.04467546444106429,0.5602507261171367,0.19888057406833232
1682,0.01677602322482115,0.25321012770620305,0.5560470613696036,0.0014596098794204962,0.17250717781995167
1683,0.006071076396511985,0.010070474716813606,0.10470019911148354,0.5749990144247947,0.30415923535039613
1684,0.2412266922806073,0.006273306942448641,0.04363301345554407,0.4773085993554377,0.23155838796596223
1685,6.737588521181844e-05,0.22464413104563596,0.15111904737891357,0.0010844842984856359,0.6230849613917531
1686,0.009040280945610239,0.5147887007389623,0.14114885175184216,0.007392190201341783,0.3276299763622434
1687,0.023041715399348347,0.051967822838297074,0.1980927769405513,0.1135580845001612,0.6133396003216421
1688,0.25360699199012304,0.005849542163849217,0.030700538213792813,0.5924583932789224,0.11738453435331248
1689,0.1813774553468439,0.0017030133717239916,0.019323077608785433,0.7311973831389785,0.06639907053366813
1690,0.47256570596736275,0.07973739944697518,0.03762778587009284,0.20965334605003766,0.20041576266553152
1691,0.6077296895866302,0.006124895017807969,0.005005582020549514,0.3020301455003677,0.07910968787464463
1692,0.4158946119835805,0.04590115164945914,0.066013269289091,0.2692980992726778,0.20289286780519147
1693,6.977282205229067e-05,0.20466320016142578,0.1528324316298347,0.0011384011708270069,0.6412961942158601
1694,0.24836784822089997,0.003370367388954351,0.03581469896126605,0.4950596840615465,0.2173874013673331
1695,0.9279708599055195,0.013169969092209783,0.014286314364169985,0.010649527698957332,0.03392332893914322
1696,0.09433152936163078,0.10771398473679053,0.03956559530416616,0.03275636647733994,0.7256325241200725
1697,0.31898514162105374,0.006325523993055853,0.019966172627181186,0.44845541916565057,0.20626774259305866
1698,0.23484734326220535,0.0031920475638184,0.02777672552148876,0.6491794747394087,0.08500440891307894
1699,0.3000270588478427,0.007754801124745905,0.02127244383812889,0.04343587025141447,0.627509825937868
1700,0.29629426620852145,0.0036526264852466484,0.029874770754225437,0.6058133902020024,0.0643649463500041
1701,0.9558568104977295,0.014872555436606502,0.007565842929545578,0.004190056733837505,0.0175147344022808
1702,0.7216921043398442,0.020001420436730664,0.05179913365269579,0.09043462159672448,0.11607271997400478
1703,0.2479309752464129,0.41647617216656246,0.12329230065010958,0.14103031297809565,0.07127023895881934
1704,0.13038595601121042,0.4295150792287952,0.18063951891972774,0.006504165417773117,0.25295528042249354
1705,0.9166633781865939,0.03462017972160293,0.017437164280625292,0.00965491319432257,0.021624364616855088
1706,0.8761367538537176,0.011712425975348266,0.02691193304591915,0.016149878964992682,0.06908900816002232
1707,0.20125396523546765,0.005632383973615098,0.04409648895148194,0.5567876786093306,0.1922294832301047
1708,0.6830772788726988,0.2032623821508998,0.032243895071827934,0.020347950987279824,0.0610684929172937
1709,0.020148366526764064,0.010272129896044415,0.0560699447377262,0.5095595307142283,0.40395002812523695
1710,0.1982394106212605,0.0077140965367931014,0.02269908963718866,0.5917302994319721,0.17961710377278567
1711,0.005712792901564805,0.05033703232110616,0.6507767348749027,0.014187074496529334,0.2789863654058971
1712,0.4424795522627728,0.007941049174936814,0.020173156202701895,0.4347485121953875,0.09465773016420102
1713,0.5957807109638601,0.007401991935107383,0.012905612276230742,0.017328473165759917,0.3665832116590418
1714,0.609253826425439,0.017112539143441668,0.010540639513378388,0.02326141993529812,0.339831574982443
1715,0.3904903770334258,0.009450820185196161,0.013626111809318376,0.5301045993580593,0.05632809161400032
1716,0.31759271018769747,0.028944886944820877,0.06497334888844183,0.2867249991744693,0.3017640548045706
1717,0.2580915877045539,0.10697828009092841,0.09199423758919927,0.3188298383228662,0.22410605629245225
1718,0.6273893556768915,0.01268563320659044,0.0094159990342428,0.014818257862338303,0.33569075421993694
1719,0.05158987896739763,0.056847961979780925,0.046466841763816075,0.036597643377821745,0.8084976739111835
1720,0.26240183397799033,0.005730495152190245,0.021271251804006273,0.5670198607356195,0.14357655833019356
1721,0.631528966810099,0.0991903464670721,0.1356121889288118,0.02480336328065842,0.10886513451335872
1722,0.920790676291113,0.015075968897455595,0.010551302207227591,0.010468572518049342,0.043113480086154475
1723,0.725191382977526,0.011322352419885502,0.023020239805903925,0.15670480491258454,0.08376121988410017
1724,0.48448431455198304,0.006560440745564962,0.005612911890965752,0.34476766239011697,0.1585746704213693
1725,0.9664549400045357,0.005633638986185167,0.005535090421526707,0.009065506873360165,0.013310823714392229
1726,0.0031975420657341935,0.25844885744110974,0.6347366597636934,0.0060744214485659205,0.09754251928089683
1727,0.4708682536553385,0.011688940453431801,0.00895579137950256,0.3410575956936353,0.16742941881809179
1728,0.790161284289885,0.01388790322259251,0.02991169926775592,0.04585620340239101,0.12018290981737562
1729,0.3407170504976209,0.05359054450203745,0.11287076181240459,0.3049521503263996,0.1878694928615374
1730,0.20035909579017738,0.06734166436492714,0.2360128888145964,0.01723955859210277,0.4790467924381962
1731,0.00691482897874728,0.4004466403825291,0.45739235995441024,0.003689555599736805,0.1315566150845765
1732,0.003865083563465241,0.38576438560890713,0.48851920505973345,0.0030199927316326676,0.11883133303626146
1733,0.27751833634685674,0.005248382142475351,0.030461464910620167,0.4063619937767223,0.28040982282332555
1734,0.40171057061286947,0.06665741191442989,0.06949809908375729,0.3767387596736785,0.08539515871526492
1735,0.49236618873668087,0.0026328777726986195,0.009388737686744093,0.45784334134896487,0.037768854454911543
1736,0.19937102575638407,0.0028253400303892375,0.043550740630595386,0.5248925223161218,0.22936037126650938
1737,0.8515914956511821,0.0032857940267927784,0.0015372266475049527,0.10277074887660476,0.040814734797915496
1738,0.36675059158212286,0.01229348434880865,0.009266795947229131,0.38707194458265204,0.22461718353918736
1739,0.783461613262858,0.10671690374611717,0.04136064649599147,0.018341117227627896,0.05011971926740564
1740,0.15661794389064598,0.006740717278666055,0.025931716675595993,0.6694307172047201,0.14127890495037174
1741,0.005003248787137039,0.18092230603501788,0.6150055227046112,0.04899964557035669,0.15006927690287722
1742,0.33473334080692857,0.03762294864678228,0.0696287189128096,0.1975483456098861,0.3604666460235936
1743,0.1753374857776164,0.007014960650713729,0.03501389645140403,0.7005406221589284,0.08209303496133746
1744,0.3767367007923048,0.21079710407755636,0.10586653391250825,0.1489952339399407,0.1576044272776898
1745,0.2835170303252992,0.008713229541893871,0.013068084216329672,0.4512840961347837,0.24341755978169363
1746,0.0014035817372538423,0.2894440789847795,0.5973722551648712,0.0034710406266043057,0.10830904348649108
1747,0.0004246706251075363,0.3632124248991386,0.1870224855545527,0.0008702367526275089,0.4484701821685736
1748,0.010973530396766643,0.050415877398356436,0.25074613018921293,0.05278287222234003,0.635081589793324
1749,0.0005194815414796645,0.15567549170064732,0.12673557515577205,0.000877484429106175,0.7161919671729948
1750,0.3413870826014783,0.0059887660216908,0.011174875347246127,0.45028794411865697,0.19116133191092774
1751,0.11754375135579609,0.024775668814536612,0.3286204875764756,0.1346412370651458,0.3944188551880458
1752,0.38974813818347737,0.0015922398863646215,0.01661207982363652,0.5264914547677984,0.06555608733872322
1753,0.8192058516490696,0.10045350356309454,0.029644337910827986,0.011769772767741042,0.03892653410926674
1754,0.01833713244841371,0.1330786018057498,0.1990827915569184,0.15699362294945743,0.4925078512394605
1755,0.04646290665780211,0.6948645246933337,0.14212668955863716,0.003369174230954189,0.11317670485927285
1756,0.6562201590142553,0.0018219055493979286,0.01221611759308444,0.30429061344578334,0.02545120439747916
1757,0.8835699633705982,0.0026733060287199846,0.0010328331725987436,0.07029706363299487,0.042426833795088166
1758,0.0849994905415374,0.0074528312846437765,0.02346756253817375,0.7428646396091347,0.1412154760265104
1759,0.36436997748527655,0.010598147438207028,0.0956620031754471,0.23301086939587567,0.2963590025051937
1760,0.16800170471982123,0.005342044866255147,0.03756716054613091,0.548939766064218,0.24014932380357484
1761,0.7698258061822579,0.013345853973997485,0.02312440581953166,0.14406776774679642,0.04963616627741647
1762,0.28424726573081033,0.0251432284200576,0.15260958712404094,0.08774255265419656,0.45025736607089456
1763,0.009079811213128869,0.014100397419639012,0.1180879939794416,0.5023731862676852,0.35635861112010525
1764,0.005330708786525645,0.08752950129716489,0.011005629345905718,0.002854714980243064,0.8932794455901607
1765,0.7973947373421857,0.020396493392095066,0.12166887859788841,0.01896906699740047,0.04157082367043042
1766,0.9167380022475368,0.012323602616293748,0.003366485015803708,0.016301644353570663,0.05127026576679518
1767,0.029701453177561347,0.041675165361027694,0.02778428999438834,0.25936929225689453,0.641469799210128
1768,0.9199246228585116,0.025733739099187712,0.012654900279012952,0.016091592375839594,0.025595145387448153
1769,0.13371048840379796,0.0022088843614627373,0.02415363318085949,0.6408524740910246,0.19907451996285522
1770,0.21127881394476253,0.01037938439319078,0.04750408299880738,0.5461373307678173,0.18470038789542195
1771,0.5466063285572461,0.013751035432283584,0.01072456568852305,0.29493022082957265,0.13398784949237452
1772,0.6007780868927963,0.04013116849255063,0.002851584657894714,0.31462176790357094,0.041617392053187395
1773,0.5065196738851977,0.0049025299798048675,0.01319607943412341,0.4440906860529181,0.03129103064795581
1774,0.3845908427429819,0.006358462985320423,0.03480214857024435,0.37817608537326414,0.19607246032818926
1775,0.9187502623101209,0.008718044327151321,0.05331528012574594,0.00497024728765912,0.01424616594932282
1776,0.7817724295430162,0.01841369641927305,0.018853364154365348,0.08836537288218942,0.09259513700115612
1777,0.4842048931197521,0.0017653588228342242,0.007805001533905522,0.3183695565642496,0.1878551899592586
1778,0.21164064028528984,0.0050086378675769355,0.025361820273719738,0.709014514053722,0.04897438751969162
1779,0.0032277084453876123,0.02957060830777824,0.04051032101429974,0.1441017743711138,0.7825895878614207
1780,0.016062026146768407,0.16546004381385948,0.25805146236550563,0.0030071496682129474,0.5574193180056535
1781,0.5269119199589806,0.0020011016612408792,0.013570060297785463,0.4206653964864176,0.03685152159557558
1782,0.15987162513230557,0.006518663977008998,0.037744019098344544,0.5647837419012868,0.231081949891054
1783,0.28465448927235837,0.004361727423750867,0.02063424986661199,0.5290594518129276,0.16129008162435118
1784,0.7784562168563861,0.00457979596838727,0.0029051507926833083,0.15397333733778953,0.06008549904475389
1785,0.4588268972296356,0.17446847963681195,0.025868472315098607,0.0810050456836235,0.2598311051348302
1786,0.21846850521015596,0.09370407149508365,0.08321606644205529,0.41437915555577187,0.1902322012969332
1787,0.6129599813063346,0.07611213815700753,0.059221165791405364,0.14049522703961465,0.111211487705638
1788,0.9846924522351821,0.0031163498200230833,0.003151481964653878,0.005311926655842898,0.003727789324297985
1789,0.34128652492500994,0.02325820780672517,0.12370497625116302,0.3384690238043367,0.1732812672127652
1790,0.956988548462265,0.005555781542867086,0.010878003637184669,0.012990068284190909,0.013587598073492406
1791,0.8977472971304743,0.016163092802896725,0.015488511090288658,0.02927394234197104,0.04132715663436937
1792,0.5050859555233633,0.022906716542869094,0.07084899662345005,0.19111031022221825,0.21004802108809925
1793,0.1855860014422099,0.008447236366661117,0.04535856614637145,0.5337857004092367,0.22682249563552087
1794,0.3437714381540183,0.0944981148044493,0.11005459925453295,0.19725468281107722,0.2544211649759222
1795,0.6767795589369197,0.015467816275697181,0.19193729736029894,0.014275828505485217,0.10153949892159883
1796,0.0681584144752973,0.1351783326650118,0.24638167141000755,0.08046300795607353,0.46981857349360967
1797,0.21682405012351533,0.010909798993665128,0.05351473563172911,0.5411432474348342,0.17760816781625627
1798,0.36782606130275103,0.020691555945526643,0.003640030299483171,0.2824039881305879,0.32543836432165135
1799,0.38147903799092187,0.0039019767868988327,0.027323020703837582,0.38402510375853904,0.20327086075980272
1800,0.8840186234009731,0.009785090831850514,0.012469644786052758,0.05829245949157286,0.03543418148955076
1801,0.026714647991826882,0.02629041954508957,0.07868517993007143,0.7409240889650922,0.12738566356791978
1802,0.49403569796330665,0.07327246659163568,0.08066683310279922,0.1379553292964999,0.21406967304575844
1803,0.33857590245238156,0.008886586405165126,0.009708744402189792,0.5257534654415998,0.1170753012986637
1804,0.014919933859616291,0.022094118635825385,0.5952115653826573,0.009246864977242695,0.3585275171446584
1805,0.0011393526461172877,0.12417703825181074,0.199145570400528,0.0009804275371675885,0.6745576111643764
1806,0.1665629677810162,0.005682234236376631,0.045873150730052555,0.5841702704190679,0.19771137683348677
1807,0.34579652262361976,0.005496445805262543,0.012546108419782443,0.5474292402609764,0.08873168289035892
1808,0.1802361516752553,0.021136511466768152,0.23349292092245338,0.13775078690635406,0.42738362902916904
1809,0.0004023965548491605,0.0901139373786363,0.15876748863027856,0.0011676098241037293,0.7495485676121322
1810,0.9720639969037383,0.007776446912058167,0.006463370437935189,0.004007886864534854,0.009688298881733582
1811,0.24399830585129414,0.002843596800208611,0.027916154083444868,0.6704500590463762,0.05479188421867615
1812,0.46382766461410835,0.025218782498755175,0.13741556873098143,0.2995344247939636,0.07400355936219134
1813,0.21450265918370773,0.2936564662721121,0.24014492781664956,0.008088734872616037,0.24360721185491463
1814,0.4179344556318346,0.028420393900560212,0.06552564345884736,0.1086993757775676,0.37942013123119034
1815,0.9243140095125947,0.0322440604907822,0.01249009202386122,0.008501604574104392,0.022450233398657492
1816,0.3870353552531456,0.01162049499525247,0.02511065404299583,0.439068926854332,0.13716456885427403
1817,0.2323000300613932,0.0016693636310149028,0.024523714449915305,0.5085805173453459,0.23292637451233078
1818,0.3196985757790681,0.14319552999125146,0.12684907000924725,0.1605752375905589,0.2496815866298743
1819,0.9850839855256242,0.002643012965124201,0.0029633541889937916,0.0048398173917143916,0.004469829928543301
1820,0.6377161255766546,0.010908654500524128,0.006155105374728297,0.2640359012049343,0.08118421334315877
1821,0.13096349568885984,0.5367557151259352,0.1551119320027613,0.011430939606794699,0.16573791757564899
1822,0.023232250836537013,0.04718833128663953,0.6914210985869198,0.02788544375122008,0.21027287553868354
1823,0.009325192139396647,0.01561197479833644,0.11116662359696342,0.7478731292340847,0.11602308023121892
1824,0.06484643563676606,0.04499223575053911,0.026661174406865877,0.3361750094891759,0.527325144716653
1825,0.5122811112757887,0.01982672873906705,0.04892328716646964,0.24363173044872932,0.17533714236994546
1826,0.6134281572811444,0.07516042421286254,0.2285403731019268,0.012109863785164529,0.07076118161890155
1827,0.0011511479198577635,0.3799471743167426,0.5225084593255522,0.0034451029487232387,0.09294811548912424
1828,0.9868450538008382,0.0034380751486434956,0.002406542122987103,0.004157338465723848,0.003152990461807258
1829,0.9750109639556719,0.002774564230640264,0.005152944896056562,0.010490669334154322,0.006570857583477186
1830,0.09600840644181641,0.24129004888084438,0.2661807509357433,0.007086054234524305,0.3894347395070717
1831,0.16948872619800193,0.004002537884672411,0.01295603352855341,0.6662259947706803,0.14732670761809186
1832,0.02315471208818466,0.5345186683872402,0.3713536432114857,0.0008525668957191935,0.07012040941737033
1833,0.24440692767199337,0.004846243366414629,0.029233791362276548,0.4100969522254488,0.3114160853738667
1834,0.3972369069151039,0.00673495686068678,0.021114004743937712,0.44737786705455024,0.1275362644257215
1835,0.003402653982789098,0.44633019331042667,0.4475555622961796,0.0032526895148605166,0.09945890089574419
1836,0.39994414450865945,0.2265832923270371,0.20568145421178408,0.016442647612019846,0.1513484613404995
1837,0.547116339531521,0.019204574816645108,0.04834620563298233,0.2799129826429632,0.10541989737588835
1838,0.010985047722359262,0.014784658088873302,0.26149447160015243,0.07844578189053977,0.6342900406980753
1839,0.4827928104615916,0.002056906274324457,0.017021528947213135,0.2699120873419483,0.22821666697492238
1840,0.3493921132735954,0.09949765452606721,0.12818926670948227,0.22350338922264434,0.19941757626821077
1841,0.025327630926645025,0.029997404292125645,0.1028066027872598,0.7648344776679654,0.07703388432600412
1842,0.004631004828367485,0.04941310693135123,0.027657803619813078,0.1514065382405775,0.7668915463798908
1843,0.8723838292373525,0.009812153112279757,0.005740859574178854,0.015925578140695718,0.09613757993549313
1844,0.09475455606768596,0.06273802535606673,0.006298529158384329,0.1083274002402447,0.7278814891776182
1845,0.7864032355696858,0.01229322913399882,0.012237677597652026,0.06649974409028306,0.12256611360838011
1846,0.015635080061000162,0.18568043270453513,0.607613596341115,0.0012047111378135824,0.18986617975553627
1847,0.015350694531459473,0.016388826863512024,0.10442205913400804,0.4572314184401045,0.40660700103091596
1848,0.005455718470222257,0.34678741931133467,0.20171732470040085,0.003323401461047505,0.4427161360569947
1849,0.4603663867261088,0.004335337752521477,0.019934203700801914,0.4541191738309884,0.061244897989579564
1850,0.43610745409658636,0.005103689326867454,0.00732036780268338,0.2778874271845935,0.2735810615892693
1851,4.366025639171975e-05,0.4558892906774598,0.04388283869081891,0.00012408746972899904,0.5000601229056005
1852,0.0054473083016984315,0.3073268773642705,0.6203269303104971,0.0050861525659202204,0.06181273145761366
1853,0.700131691670725,0.003228831567780315,0.003330836182676866,0.10200689748134602,0.19130174309747197
1854,0.46249298349648604,0.005987723916132785,0.012716789572337864,0.4264784128200446,0.09232409019499876
1855,0.6878103463003435,0.04320933070793483,0.028909770862576414,0.06332588084386466,0.1767446712852806
1856,0.19433377496158316,0.005350738956248726,0.03737284608474453,0.5539592625597203,0.20898337743770326
1857,0.19112400201356597,0.009976042490474086,0.03386665233633429,0.6727755419829267,0.092257761176699
1858,0.022414561286767602,0.010947365667170281,0.10484730620066107,0.44292141816815767,0.41886934867724346
1859,0.5816119844251346,0.10945516076911851,0.21366324659357688,0.004966598805080625,0.09030300940708948
1860,0.00038764071987317373,0.20677139422032578,0.13877829739396308,0.0010232417657556466,0.6530394259000823
1861,0.0004368693429281111,0.19792502207684748,0.11628388523995427,0.0008697450767610908,0.6844844782635091
1862,0.30646882305693,0.009494469429790202,0.005706944172848546,0.36523900015323785,0.3130907631871934
1863,0.38844714120079205,0.00427562748576857,0.019542838028530383,0.4449815654222416,0.14275282786266746
1864,0.984312839942548,0.003426685387204672,0.0032477408354963846,0.005195275072104552,0.003817458762646368
1865,0.43871064553584455,0.08872155240742373,0.09141763627211957,0.19630954217623378,0.18484062360837844
1866,0.5957404285626027,0.008388069843546196,0.00854424910358288,0.16516855633413866,0.22215869615612965
1867,0.0029714855074696924,0.5430784579085612,0.40597178026185743,0.0006965099167787932,0.04728176640533284
1868,0.9489034848185842,0.0049650585842375946,0.0026375817109362933,0.012601655848653049,0.03089221903758879
1869,0.0832008264413789,0.36148277459670397,0.24335200886322259,0.008233453514385907,0.3037309365843086
1870,0.020214108934366388,0.4750177428391593,0.42215404146544677,0.0008798724294867471,0.08173423433154083
1871,0.10218648540539145,0.020377008600174558,0.577776481332349,0.10287739228188715,0.1967826323801978
1872,0.37420946092570934,0.009770244886122279,0.00670161224127326,0.5691902063966647,0.0401284755502304
1873,0.8509139768348335,0.005754470545969296,0.002445919136413998,0.10189318012910906,0.03899245335367409
1874,0.2623256722217768,0.04222538983586217,0.09854497628205783,0.3668765436005093,0.23002741805979401
1875,0.6843117113224747,0.09324066450056594,0.05757655093673658,0.08432163581839362,0.08054943742182905
1876,0.38898996589013685,0.005401082140869355,0.01341475864933031,0.5580771936009198,0.034116999718743594
1877,0.013652909040796983,0.022140956696905568,0.11131254380533143,0.5877012158622361,0.26519237459473005
1878,0.2993207947407234,0.006341186396123902,0.02170161438119,0.6452398187860858,0.027396585695876878
1879,0.9580872850575873,0.007076201648719841,0.008211194338500092,0.005926041990163583,0.020699276965029115
1880,0.32725313989625443,0.036327272542964736,0.06626994618497191,0.24449823827374176,0.3256514031020672
1881,0.22627687444998482,0.0060414527677810454,0.011125538335332396,0.6498642832426483,0.10669185120425326
1882,0.16694968208853242,0.5294341131287068,0.17843023893392745,0.0021521495917246644,0.12303381625710848
1883,0.413004763480669,0.04350160547037676,0.026165662935392475,0.05081466793234845,0.46651330018121323
1884,0.9194431759562526,0.009666746658091691,0.010804086233199325,0.037811371384700844,0.022274619767755643
1885,0.7756833432120492,0.008448317531658017,0.007642609968655589,0.027645995036694578,0.1805797342509425
1886,0.7240244079822091,0.11796544931897082,0.010735085766874548,0.006140953024201075,0.1411341039077445
1887,0.1725399953998656,0.005958672511502615,0.06653721807250432,0.6214354530400928,0.13352866097603455
1888,0.35363325535825735,0.0043998258753582785,0.020716596919479014,0.5602102071207746,0.0610401147261307
1889,0.3348366656682772,0.00924761865339071,0.03566588939109771,0.5436185312627531,0.07663129502448125
1890,0.23657336795917164,0.19446020986524873,0.42944168659566995,0.02362220508120362,0.11590253049870608
1891,0.4632222888969626,0.0033367081061333034,0.018012210041654063,0.3183914459173619,0.19703734703788817
1892,0.28639442699458306,0.0073188804757784625,0.02671155770120229,0.4712853441522953,0.20828979067614078
1893,0.925086373326741,0.005478290899864809,0.00925663906100211,0.03398859925206448,0.026190097460327702
1894,0.027085300430026066,0.0218776746439332,0.014958910034703744,0.7585160809904227,0.17756203390091435
1895,0.917865911264533,0.023132262939301554,0.01827440751167112,0.013039828249375983,0.02768759003511853
1896,0.20392382512141685,0.084071810158743,0.19368031112904366,0.015185396300697464,0.5031386572900991
1897,0.2749043875913348,0.00672343473184602,0.007940997679132296,0.5632027339083715,0.14722844608931546
1898,0.7793485185296267,0.018186360176740947,0.011505395751915667,0.02436364473379055,0.16659608080792618
1899,0.5064256669432976,0.013345031254416547,0.011336880096500634,0.3408791559997348,0.1280132657060504
1900,0.0002110597645528111,0.18822893307754615,0.22236299431193904,0.0019848213376879613,0.5872121915082741
1901,0.05191583987764843,0.6932226598849351,0.14716075125270672,0.004302091940157143,0.10339865704455259
1902,0.7899395809846073,0.005539982523178359,0.004110778884651093,0.1382027966848349,0.06220686092272821
1903,0.02018557602847235,0.023356034619989544,0.35361798453646515,0.16538829273253683,0.43745211208253615
1904,0.09071953950828882,0.0052133645857057615,0.009393166440389296,0.7452695981675361,0.14940433129807995
1905,0.208943620485058,0.0027146348941311385,0.02221531876941353,0.7249159322458133,0.04121049360558394
1906,0.33094653237765437,0.0055861078039496255,0.03249498247068052,0.442172707582742,0.18879966976497356
1907,0.7803288555137196,0.08620758043900968,0.03049018782927355,0.028227625416856448,0.07474575080114061
1908,0.48755209282606976,0.015229718980093305,0.03890459448408092,0.39777277154927837,0.06054082216047767
1909,0.0003459722087234951,0.36527078742849134,0.11572686517428238,0.0009031845802413993,0.5177531906082614
1910,0.3310087455933279,0.006433810885141488,0.03425096799075228,0.5791539782153013,0.04915249731547697
1911,0.37288791692877377,0.007519613037451727,0.026831226549933068,0.4089397814520492,0.1838214620317922
1912,0.0030684958114108934,0.2097760094929333,0.7174127408555959,0.005146739315283735,0.06459601452477623
1913,0.007015103659675573,0.36288872842133,0.5698623382602102,0.002879627254562828,0.05735420240422141
1914,0.46658471641014115,0.006557984002202569,0.007993517155926584,0.4772088645522644,0.041654917879465354
1915,0.014164752851252996,0.016657302964452544,0.07097420072344249,0.4770689331906783,0.42113481027017363
1916,0.009662971621907657,0.006960445337815731,0.12924177774594656,0.5512875441316093,0.3028472611627207
1917,0.022071368531230515,0.015611768205970575,0.10181814301509552,0.5118953841883307,0.34860333605937266
1918,0.10623376951449047,0.1163429702176494,0.6700070692044255,0.038058749967556614,0.06935744109587805
1919,0.8180257676353763,0.012585189811846581,0.009031523842366829,0.026065527502707207,0.13429199120770313
1920,0.968448767618374,0.007300547521488582,0.007808914623634249,0.006875410718071657,0.009566359518431582
1921,0.10566076018281387,0.009403748192606294,0.03709774020161375,0.6556800104653447,0.1921577409576215
1922,0.32386695393933385,0.0011994746111199607,0.016610752975899448,0.6017399724840712,0.05658284598957557
1923,0.00016096062877843592,0.16263163564031144,0.2137439657800166,0.002296609562792566,0.6211668283881011
1924,0.10953308813015433,0.008120981254727641,0.03372183052654584,0.6623025400981044,0.18632155999046768
1925,0.0344512813523131,0.20329139715044742,0.10431277730948678,0.1914079133202833,0.4665366308674694
1926,0.014976206841498755,0.04777591116448772,0.33058685043633584,0.06885137491259609,0.5378096566450815
1927,0.2549305395401573,0.013268941248466936,0.024380670591835865,0.6020011172829538,0.1054187313365861
1928,0.019099033991957923,0.008286578208933875,0.05715352298741893,0.6875412542007576,0.22791961061093163
1929,0.8808711711976487,0.03213436531591229,0.02282225983315951,0.013110853918253654,0.05106134973502581
1930,0.40697801578997533,0.005096974393154263,0.02334930177171312,0.3945159982349402,0.1700597098102171
1931,0.42655701014580577,0.18528561621422399,0.08677107548288153,0.11721987641788037,0.1841664217392083
1932,0.8956890833045686,0.0303052751895175,0.0161261334076943,0.011638275721340728,0.04624123237687883
1933,0.3730383028919191,0.006793326384214717,0.024254566486137365,0.382444024041683,0.21346978019604587
1934,0.31551534420767235,0.007889898788218004,0.12982327774353103,0.3844041386033252,0.16236734065725345
1935,0.01989734023520864,0.46102819683456836,0.44249898184036435,0.0015444079396200719,0.07503107315023878
1936,0.1802564745221281,0.0044788099119450284,0.011896938537334586,0.6277056544371621,0.17566212259143024
1937,0.056179381659765236,0.1060431177941752,0.29176154102029944,0.09744788807499828,0.4485680714507618
1938,0.0226462455176884,0.035001187094271254,0.21553626689188232,0.1293529888883842,0.5974633116077739
1939,0.025171012918717185,0.027450179326514945,0.04532991779592055,0.4383394832910273,0.46370940666782007
1940,0.3733206571463943,0.004452441354765113,0.014565558638621443,0.4082654271885562,0.19939591567166293
1941,0.38881960709792884,0.005752810338334857,0.03545403124572633,0.5018962268427781,0.06807732447523188
1942,6.62130599310225e-05,0.35629811081919877,0.18036889090431982,0.0011243281569776067,0.4621424570595728
1943,0.40637074187137007,0.11674787201814966,0.10599763497290624,0.19082917247493592,0.18005457866263808
1944,0.8523719161993388,0.05863527458697045,0.02736826612613354,0.02133695763183901,0.04028758545571797
1945,0.7217269649750059,0.20780235235615455,0.021861086737677636,0.007745251227428212,0.04086434470373372
1946,0.013575942489055552,0.05618475177313497,0.204616205381949,0.0790783065903128,0.6465447937655477
1947,0.2091632292412057,0.004534853820456858,0.0203711898783543,0.7224899655564816,0.043440761503501506
1948,0.0453995747792191,0.10893611660324104,0.2652348065059581,0.16381418227680705,0.4166153198347748
1949,0.648372977498679,0.0027670113925688912,0.004740564694793929,0.2969690542431644,0.047150392170794087
1950,0.44804969096841724,0.008180331568209687,0.009033191644237323,0.4452298438445798,0.08950694197455586
1951,0.7047012398234269,0.005446475862718063,0.003713714044641872,0.09246029984613158,0.19367827042308153
1952,0.0005820893955358207,0.09329280536264792,0.41365262682751774,0.001244258252634999,0.4912282201616636
1953,0.0035771050230463826,0.16383815513186442,0.16165274464382373,0.0067725642885136375,0.6641594309127518
1954,0.36260169001099535,0.004784645106621124,0.014393733476332882,0.5685641548714266,0.04965577653462411
1955,0.30666364755537645,0.012177193927506382,0.033478038208047886,0.38863083532685216,0.25905028498221705
1956,0.2352891441365871,0.008158662287493339,0.021827248870597067,0.6813366356134625,0.05338830909186001
1957,0.39029758955410404,0.008011228455321987,0.013622249757244485,0.2971940159671826,0.29087491626614687
1958,0.3080854465291357,0.01190564698493507,0.0364861197904358,0.39513582861225627,0.24838695808323724
1959,0.7149145866625624,0.010054306836152136,0.004043844892794086,0.12762852918958698,0.14335873241890462
1960,0.9537275320711114,0.00841073887977688,0.010110847672532905,0.014005616648185474,0.013745264728393271
1961,0.02440559239722763,0.04296750411702099,0.23211556691172114,0.06295988870529123,0.637551447868739
1962,0.006453925756636718,0.2234366741005922,0.6138538710110327,0.006344115367714255,0.14991141376402412
1963,0.26526091920392697,0.033780471730404375,0.33030334037641745,0.2426555600058238,0.12799970868342733
1964,0.08621180332226576,0.012718203747124558,0.013527454925953473,0.13846198660237496,0.7490805514022812
1965,0.2849714760690382,0.08020296688420676,0.21621419037889728,0.02630002409541633,0.39231134257244155
1966,0.5067097552380084,0.004250244933553581,0.005752593726528353,0.25201566698186756,0.23127173912004206
1967,0.34824011649346936,0.005805810012063605,0.020425327052497125,0.5318703306520008,0.093658415789969
1968,0.8954100104073668,0.03948709147519531,0.01578479810580259,0.004061333310891926,0.04525676670074363
1969,0.988658275061813,0.001976288446920246,0.0023713929426195227,0.003873012834208587,0.003121030714438605
1970,0.6488228830025516,0.01613989511901513,0.022851361344952817,0.20948666077165537,0.10269919976182507
1971,0.11525299197878394,0.00829360003236236,0.021246295574562316,0.7324614136314965,0.1227456987827949
1972,0.9361366946846874,0.009526057939752183,0.011788402950377594,0.013090492841731596,0.02945835158345089
1973,0.449955734875088,0.0910264690988907,0.08760690110782755,0.2265787716813754,0.14483212323681843
1974,0.7442323701362493,0.012741239928654441,0.02329940171059701,0.15744690247633059,0.062280085748168595
1975,0.37344032105006086,0.0035689180766113274,0.02069949860720031,0.40591417153701076,0.19637709072911685
1976,0.9516716341511174,0.012056783676193235,0.0101432435637987,0.006172099476284579,0.019956239132606187
1977,0.0013612875925896975,0.1688296868114635,0.038217324406193603,0.0037781240995548877,0.7878135770901984
1978,0.5252303125011465,0.016801260985602463,0.05470651671923733,0.09240227640755633,0.3108596333864573
1979,0.10231636846351931,0.00879941020017501,0.024634666867915402,0.7173341245904926,0.14691542987789766
1980,0.8088538953574804,0.03660362979137795,0.03684676966599665,0.024708556240361647,0.09298714894478334
1981,0.06746058515194281,0.04797355763438082,0.007439231138142427,0.1360259353146504,0.7411006907608837
1982,0.7614494406149218,0.019464348581605524,0.015532213816044005,0.03751541208527822,0.16603858490215043
1983,0.4889423251781718,0.021883109111586967,0.04512357607427232,0.2776696979745005,0.16638129166146856
1984,0.08218716178514703,0.2828697186278484,0.05710213639303803,0.025972601385366202,0.5518683818086003
1985,0.8932439966861278,0.016933636440756284,0.015183537467639698,0.012752422039783272,0.06188640736569306
1986,0.25897488743534247,0.19091733205528535,0.1076637256286947,0.2957539054878995,0.14669014939277802
1987,0.04402028676818712,0.12264453426701466,0.612135158211508,0.002930534395501024,0.21826948635778928
1988,0.7909501043513245,0.00319951459884081,0.0030077962605786924,0.09633959673750915,0.10650298805174688
1989,0.0011424310376501312,0.3101851545470706,0.04225252878850826,0.00413471461517886,0.6422851710115923
1990,0.9168951533266668,0.027579296328417335,0.017869379532020828,0.00970951569344194,0.027946655119453254
1991,0.8198598821787065,0.06786858430434738,0.036092946948878234,0.01921736359201877,0.056961222976049164
1992,0.3842427214888302,0.028228432257030037,0.05717689201606152,0.22737429704636852,0.3029776571917096
1993,0.21833016111555767,0.004460738643893889,0.01006257278482884,0.460739077954417,0.3064074495013027
1994,0.6767795589369197,0.015467816275697181,0.19193729736029894,0.014275828505485217,0.10153949892159883
1995,0.1704289846944562,0.004814039548506547,0.029897374963759785,0.615795010214564,0.17906459057871357
1996,0.261070042864775,0.0017408286189540632,0.013763452346583353,0.5953960499105345,0.12802962625915312
1997,0.07368376537076744,0.010456449415451367,0.022899202812894634,0.2556864008519879,0.6372741815488986
1998,0.27481620584329713,0.006438838024960486,0.023227856775257554,0.5995015633412747,0.09601553601521018
1999,0.25112157752894704,0.0021109697444495097,0.03582063855815533,0.5424318075014061,0.16851500666704208
2000,0.3734513033738378,0.004980763555469593,0.021331126016937527,0.5505248935502882,0.04971191350346685
2001,0.027419367384683403,0.40128325728931585,0.4919461604560318,0.002770264299746814,0.07658095057022224
2002,0.022086409033752096,0.06586266315177677,0.05443907216791437,0.03418690486773093,0.8234249507788258
2003,0.8367107770322826,0.02313872285447179,0.004379019484105249,0.012984540479493344,0.12278694014964706
2004,0.26217927400124785,0.0027459223109270402,0.031170498385012447,0.3877958414358585,0.3161084638669541
2005,0.19385555038643748,0.002559992141661581,0.02713464265328554,0.7271225708801107,0.04932724393850489
2006,0.41114094676118856,0.026709681248164936,0.11020159383520309,0.31057599520377255,0.1413717829516709
2007,0.728278855147091,0.01920388896712041,0.05437832760640289,0.08561718580634729,0.11252174247303856
2008,0.24764622550328313,0.009989552549857193,0.036485401486198644,0.5144442745881357,0.19143454587252537
2009,0.2695448207231665,0.006355790301145491,0.0075067756352845925,0.5774147723962603,0.13917784094414318
2010,0.2661754336304023,0.02231500232984227,0.07987673526087474,0.3474300604697703,0.28420276830911034
2011,0.9890403086935605,0.002011226973657961,0.002355446633418378,0.0034256408519389068,0.0031673768474242336
2012,0.154601666558164,0.008807492327810678,0.0184567647986014,0.634737398771557,0.18339667754386682
2013,0.4721231854707199,0.0028290183870046753,0.007631619970373105,0.20434704317851132,0.31306913299339095
2014,0.5876644125727831,0.005552360941359087,0.0043902362791203445,0.32261181941728584,0.07978117078945154
2015,0.068904097490478,0.011972191391254092,0.024109803339761218,0.5517337123576385,0.34328019542086835
2016,0.7617281278901522,0.010162631991050906,0.001170028266988323,0.14462664882902418,0.0823125630227844
2017,0.6120065672501555,0.006192710582674634,0.003670772431286779,0.13972351454070753,0.23840643519517554
2018,0.18146140997268667,0.0018994773254423062,0.026100957342963728,0.586702348271961,0.20383580708694635
2019,0.3111992844967427,0.024155882888105974,0.05749890746253779,0.32002041681668647,0.28712550833592704
2020,0.18488462933245775,0.007144852246360904,0.016148686059776398,0.6354127044494849,0.15640912791191997
2021,0.25292550043158174,0.0028502125878923108,0.03535377052039465,0.5853695764629477,0.12350093999718359
2022,0.25963565406315936,0.03205230406332837,0.12985165441034624,0.35099695330851627,0.22746343415464967
2023,0.26247184254016653,0.0044248444817772715,0.04585067738375715,0.5499541520283321,0.1372984835659669
2024,0.17054541572083218,0.005844619903819971,0.021359620445422153,0.7519492836932222,0.05030106023670356
2025,0.5156921348384853,0.003120252808522204,0.007528825636323244,0.4120373256012762,0.06162146111539315
2026,0.942521894613649,0.0050520061952443,0.007759528337435402,0.022616822035683215,0.02204974881798809
2027,0.0011676044577180445,0.11656899370226978,0.688146932551248,0.012210180205196411,0.1819062890835676
2028,0.2979381604105682,0.01051323392121624,0.030196774306884916,0.4871589496290737,0.17419288173225694
2029,0.009396535840154529,0.02939942031997418,0.14855614959391855,0.4853851670665605,0.3272627271793923
2030,0.7835334131050783,0.012159441354333882,0.02155689714982322,0.14335365681760603,0.03939659157315863
2031,0.6608263198185537,0.015557250766875542,0.012532352057744516,0.023514920188854236,0.28756915716797204
2032,0.0012511071604609423,0.27800982794458123,0.1799132253928026,0.001146685812115759,0.5396791536900394
2033,0.5543318811625771,0.10165403410605302,0.07664053587352683,0.15956742355081785,0.10780612530702526
2034,0.00034941457099207777,0.3632397704458927,0.18703656610844405,0.0008703022710354013,0.4485039466036359
2035,0.26275388593156135,0.006369594895405948,0.023367196228426448,0.47505459258995303,0.2324547303546532
2036,0.30939169327506166,0.004456939292704118,0.018849885979055275,0.622101508038292,0.04519997341488707
2037,0.028938471323835598,0.33731791903467784,0.5054896384262699,0.0020678099524229737,0.12618616126279367
2038,0.0425467557006634,0.28574942347448934,0.5190040279107238,0.0014127626533851879,0.15128703026073828
2039,0.18784017176074475,0.005136721928742372,0.028695832282305052,0.6689786750562071,0.10934859897200083
2040,0.28327410596146724,0.0020361702581128695,0.028933074102073016,0.5635086555530829,0.12224799412526403
2041,0.7494299744297288,0.05773729511246223,0.021354391480023608,0.036614792219452484,0.13486354675833298
2042,0.0011136118250778862,0.1962926401371988,0.21430556607258688,0.002112728120778631,0.5861754538443579
2043,0.6281717997128029,0.04102511287970833,0.04626749432292213,0.11269807395037101,0.1718375191341957
2044,0.17202083371089522,0.005593852314165748,0.025975741038051305,0.6494138316250374,0.1469957413118502
2045,0.17538506811992305,0.02081877330125485,0.03122159520218385,0.6223957264636891,0.1501788369129491
2046,0.284618195003086,0.002145776430723664,0.018182281292765376,0.5476964969636997,0.14735725030972519
2047,0.30097706115511186,0.009361561391434282,0.03521309382434855,0.4369359080529762,0.2175123755761291
2048,0.4039402980203935,0.014972422430091819,0.009944085160151134,0.5076035907932362,0.0635396035961273
2049,0.01068021317183489,0.2192653901915752,0.6442331448345908,0.007354898692638265,0.11846635310936096
2050,0.21069862052884014,0.00416485312111914,0.01222750428725713,0.5432996869796881,0.22960933508309544
2051,0.002774043570028395,0.08995646283985095,0.06973703898966167,0.05209196407592799,0.785440490524531
2052,0.1825534047773464,0.003535631311004796,0.06541280257509753,0.551608786712039,0.19688937462451228
2053,0.35394091051071097,0.033144935226868406,0.38450762403741356,0.1416828015138015,0.08672372871120554
2054,0.7279351860978043,0.010214178152990938,0.02846970830618318,0.16618346214133822,0.06719746530168341
2055,0.21016077946552172,0.010855489145749745,0.08049268353911357,0.618339795262896,0.08015125258671908
2056,0.004736004927210195,0.018809038777433076,0.10106872434945466,0.7005517923873541,0.17483443955854794
2057,0.4679079634459511,0.004590114813417937,0.01707843051605985,0.44155576371293404,0.06886772751163707
2058,3.0210379805985653e-05,0.7239948599277535,0.10038451541449618,0.0004164641130495571,0.17517395016489495
2059,0.4692986783753936,0.005555412878849619,0.006039324364343198,0.3241064221209891,0.1950001622604246
2060,0.8694647276941335,0.02083567604136622,0.0067630057975871846,0.028170603369949806,0.0747659870969635
2061,0.4103399993258107,0.006610394206299255,0.028368182916931148,0.4091428714480313,0.14553855210292774
2062,0.09765995923462709,0.09622712260501358,0.1557450412034854,0.015556473488534318,0.6348114034683396
2063,0.15676486323748104,0.4528419718606785,0.1666508615399885,0.006000485258998954,0.2177418181028529
2064,0.4218529416260229,0.008739088610292886,0.023074867588506208,0.47650068395371653,0.06983241822146145
2065,0.3474692856408683,0.0317342997814258,0.06709266310761108,0.22959404701866276,0.324109704451432
2066,0.007648201445263742,0.01184220269772662,0.12451152946383283,0.45814860167646426,0.39784946471671256
2067,0.02205484438327473,0.028779855543551468,0.04973456342964735,0.6284387952106192,0.27099194143290717
2068,0.03744117095775514,0.669357408262007,0.16233213031721622,0.016547754604702522,0.11432153585831924
2069,0.013262025831265662,0.016293588546104708,0.09350603087124491,0.5304195942983442,0.3465187604530406
2070,0.8549806727299603,0.009345783188863678,0.014620778937303226,0.08347898462560006,0.03757378051827268
2071,0.5114275904180051,0.05927563246259932,0.02418024779848351,0.03738304830678279,0.3677334810141293
2072,0.3933046237282878,0.03375319558706294,0.05388659501226025,0.10677763883638883,0.4122779468360002
2073,0.27084733386506343,0.15295546617650463,0.12354737283888698,0.28336826303689505,0.16928156408264997
2074,0.39963129999591873,0.0021688102507835677,0.012743577665719222,0.41748233044140176,0.1679739816461768
2075,0.29534741686474236,0.002832838064207362,0.018165588111752944,0.5150733400914275,0.16858081686786985
2076,0.3727673508875165,0.00732542855313628,0.013476586996067718,0.5627064374189649,0.0437241961443146
2077,0.00044969245755907826,0.2603315631167399,0.524321202839263,0.00303574093848433,0.21186180064795374
2078,0.2756745875362013,0.02313704266925796,0.08867215032116299,0.13086163359784939,0.48165458587552834
2079,0.485263827736226,0.01776005069114471,0.044012945323466064,0.26034665869052687,0.19261651755863632
2080,0.3287081415180369,0.0026783621294776557,0.020690369929283123,0.5295616597995194,0.11836146662368298
2081,0.2663200848626146,0.029597595235489934,0.1269304064870893,0.4835411180433326,0.09361079537147364
2082,0.17526580048693233,0.00784710905497025,0.023869594151556848,0.6248412825856327,0.168176213720908
2083,0.6302193655907936,0.01997437818442655,0.022450606082779434,0.08116477544121617,0.24619087470078418
2084,0.01160391127352277,0.015074167124901307,0.10330070438346302,0.791205422281178,0.07881579493693504
2085,0.3097956446358366,0.003270193988620274,0.03161310241541341,0.5859376721712994,0.0693833867888303
2086,0.9327289143929032,0.009510737222617858,0.01117032070589725,0.014666361446053216,0.0319236662325285
2087,0.34821906114359974,0.012594418123984943,0.023898875411054177,0.5348170030983775,0.08047064222298352
2088,0.8282825974348744,0.0027815121889167944,0.0019555763641762544,0.1266594011517789,0.04032091286025353
2089,0.00011619412562423498,0.16778634209626292,0.17039703863070477,0.002130672334545325,0.6595697528128628
2090,0.7923429333985688,0.00403385610497598,0.0034339146670842335,0.09859186936163815,0.1015974264677328
2091,0.03471908713721182,0.013864048714194494,0.02198434326210693,0.3525517664426584,0.5768807544438284
2092,0.000524052287650178,0.14345413561821044,0.1395736126483584,0.0011213300563471238,0.7153268693894339
2093,0.953966188510568,0.007143139842753898,0.007478982342513147,0.006803771118133615,0.024607918186031173
2094,0.0034164967960081754,0.20845086896715495,0.01363934674744729,0.036746267580155666,0.737747019909234
2095,0.26389761465609657,0.0030117752961340005,0.03643080748922975,0.4273022339104511,0.2693575686480887
2096,0.0012759681941647307,0.2750570036171709,0.13391113803432392,0.0010150695694798122,0.5887408205848608
2097,0.31843754552766035,0.06062485942560313,0.023379236401134894,0.5524735261289482,0.04508483251665351
2098,0.0046000107853262934,0.286383693384516,0.57410921962923,0.0061528145797939094,0.12875426162113376
2099,0.01449073257575826,0.05596090079551122,0.6188331820439621,0.00734359272002662,0.3033715918647419
2100,0.5278710893373322,0.05410298916253626,0.08032612026819747,0.23874744297306694,0.0989523582588671
2101,0.0061233293649772345,0.04669540560655415,0.595154517692965,0.02426082857208724,0.32776591876341626
2102,0.002385174034397293,0.12441270161021664,0.07153015655634985,0.06272794230276517,0.7389440254962711
2103,0.7971510119257603,0.08080013542834298,0.03653642710596504,0.02182910649476576,0.06368331904516572
2104,0.0004914805781409155,0.09928043131603402,0.7449295638866744,0.022551235369928414,0.13274728884922207
2105,0.022921948968701603,0.006887013825892561,0.04605184545398793,0.53472319991473,0.38941599183668796
2106,0.9642503471483674,0.006574500569141216,0.0065646996337380015,0.011063186275330544,0.011547266373422873
2107,0.14452800671851682,0.006988925286780431,0.031981555006120196,0.6003522551905899,0.2161492577979927
2108,0.5716230986394608,0.042670115792569144,0.2157125520997955,0.015038418879211809,0.15495581458896274
2109,0.48335317013109275,0.009680151883739692,0.007691691548174345,0.3794200754999808,0.11985491093701246
2110,0.0929887187249151,0.005343767127767807,0.009628118890328654,0.7639111200724251,0.12812827518456335
2111,0.7592582371030597,0.005446913898106384,0.0041300077065993986,0.11718393593341757,0.11398090535881701
2112,0.005567040450009882,0.03774435595027786,0.6024855969377647,0.01207810407164994,0.34212490259029776
2113,0.20205126795659253,0.004191320957582024,0.01297815122587308,0.5918408855501874,0.188938374309765
2114,0.5077676074593073,0.02505463556523331,0.04109157893810826,0.24306610698808898,0.18302007104926216
2115,0.022270273293658112,0.018391866988104133,0.038505709762126354,0.18447481934323495,0.7363573306128764
2116,0.3649476150698982,0.005792642154916958,0.035746028746560986,0.42357058491011357,0.16994312911851034
2117,0.21544081302503074,0.007664256050193847,0.04340912643387947,0.6043505218404576,0.12913528265043836
2118,0.2594550343877605,0.005751465991193668,0.03393544735693225,0.584112727678317,0.11674532458579649
2119,0.17976637892137334,0.006243795595337514,0.0060473897110146415,0.6777393950968347,0.13020304067543986
2120,0.5014392856655523,0.04221724052758048,0.07890540758314088,0.19933812342159024,0.178099942802136
2121,0.205912015246479,0.036950162132793424,0.07031296338656724,0.4006504588707342,0.28617440036342623
2122,0.5182188390888164,0.003860679047986064,0.012130661987285208,0.4000284916932549,0.06576132818265752
2123,0.40159123727706453,0.11528835840097884,0.13841286757098267,0.12327235475850043,0.22143518199247342
2124,0.45770505207292905,0.05472128696322989,0.017160464790580175,0.03321778749992877,0.43719540867333223
2125,0.34615658010852174,0.007861230056933148,0.015199486222150425,0.592074197967764,0.03870850564463066
2126,0.14455326364704046,0.005538250262387141,0.03211033227129561,0.63812145551698,0.17967669830229677
2127,0.8626267518470143,0.018587832145370044,0.022492680134781316,0.01796068994697978,0.07833204592585463
2128,0.01077281840692811,0.014400387634400356,0.24435742966320123,0.41616107934407326,0.314308284951397
2129,0.5499500246229985,0.0176552860433407,0.047355488965123024,0.33737356938980095,0.047665630978736814
2130,0.1645256985844236,0.018519701258042857,0.3333752089127046,0.10960184199121019,0.3739775492536188
2131,0.029884913768199114,0.09780724091976499,0.07825186905515813,0.03625330288455959,0.7578026733723181
2132,0.3821323830377399,0.008622298868456545,0.023625690896920955,0.42092083508247,0.16469879211441268
2133,3.591683998653407e-05,0.6649703983264568,0.1258152751936007,0.0006027770967564103,0.20857563254319966
2134,5.5983382989779216e-05,0.46024265391480024,0.1422321921509928,0.0008404245142267034,0.39662874603699044
2135,0.011344502671621726,0.33701761164195454,0.5378334921753305,0.0034862477235293493,0.11031814578756385
2136,0.5331746612553402,0.005714957800330638,0.00662331672719184,0.35909437327022325,0.09539269094691391
2137,0.37869979727651754,0.005992411793076584,0.014775432320912614,0.38315324889985436,0.21737910970963903
2138,0.8729751120893867,0.021272622406594097,0.01883186712729856,0.015302926293329046,0.07161747208339167
2139,0.046696497760656826,0.5957111963522096,0.30834392658607634,0.0007836596047381605,0.04846471969631917
2140,0.1557007054250293,0.041957014194696614,0.04636662207197388,0.5578690724246395,0.19810658588366084
2141,0.24817400636692982,0.007399607761585768,0.03226062664863766,0.6408191194389564,0.07134663978389033
2142,0.01816085256380171,0.02328369943166285,0.09102071349832377,0.7805451789674405,0.08698955553877118
2143,0.49323141114450175,0.04220333026145147,0.1414315556150064,0.1526965630128964,0.17043713996614399
2144,0.5244290930839475,0.004611798847846999,0.007825845071851927,0.40606942435419885,0.057063838642154835
2145,0.0032005876834205996,0.03364284617545365,0.5560369682695012,0.01569052878580651,0.39142906908581804
2146,0.37250483081074887,0.10007805507322894,0.08027991575062589,0.21035012841406778,0.23678706995132856
2147,0.24299885898805276,0.015159417102144744,0.03314831866045601,0.6334438862015059,0.07524951904784048
2148,0.42944270358676945,0.00661389991000822,0.015063841991365857,0.522694088688015,0.026185465823841382
2149,0.0026277632967771254,0.3254821506971556,0.11671986082278836,0.005318059259218791,0.54985216592406
2150,0.39226162308037377,0.021144570994308675,0.3359691654191307,0.09263585159937109,0.1579887889068158
2151,0.5386574159811737,0.012288320770266235,0.007336069713582122,0.28732273420617827,0.15439545932879967
2152,0.9501896155095908,0.005723409714099122,0.010806939824171463,0.007848067913936212,0.02543196703820234
2153,0.230024860607256,0.06089510621388518,0.009144767506719002,0.5212974424599522,0.17863782321218755
2154,0.9682431253958247,0.005130045065550029,0.00536039991433737,0.009715488834501435,0.011550940789786418
2155,0.2703222492536315,0.009072309866409495,0.009523416184113643,0.5195859389522826,0.1914960857435627
2156,0.347392604040304,0.06817593560375035,0.10314574590979018,0.1127833046625243,0.36850240978363114
2157,0.17796149096339017,0.11298413369016731,0.22105801691972538,0.01591556647907931,0.4720807919476379
2158,0.30781568406116355,0.007003671383439029,0.02671029975062555,0.4618902171578961,0.19658012764687588
2159,0.02968360131370912,0.7226608984652306,0.03536267538528273,0.0008774143956628537,0.21141541044011453
2160,0.7230606478666137,0.006747354350928651,0.005020085953090094,0.17791871760171044,0.08725319422765702
2161,0.5604528759591166,0.01207428428354536,0.007411156967899855,0.2664421192840252,0.15361956350541286
2162,0.4339232513315454,0.0030345708301578508,0.02116927561078614,0.4496690473949609,0.09220385483254963
2163,0.9304642821547089,0.009822062361527268,0.01206553769666956,0.014793326255897838,0.032854791531196165
2164,0.017853468572386268,0.0691105086118554,0.23385475277860052,0.08667457068928038,0.5925066993478775
2165,0.9552980441957988,0.004966667390283955,0.009002948897347056,0.01632133323773084,0.014411006278839338
2166,0.2836974651013902,0.037956836571599636,0.03903107007470473,0.5797853399092291,0.05952928834307629
2167,0.2721522205792718,0.05732550256606801,0.09547469727772541,0.3412364740304838,0.23381110554645096
2168,0.8424206801730529,0.027083628490236683,0.009095974581888277,0.0316979302960842,0.08970178645873797
2169,0.8008851541621906,0.018645892960930555,0.02990703964186636,0.016177196103624995,0.13438471713138753
2170,0.0060084554864279684,0.37355561100861495,0.4965355791606129,0.0035355256015476015,0.12036482874279655
2171,0.6596239299479636,0.007991669103412048,0.0038254228340226693,0.13691729492813584,0.19164168318646596
2172,0.9381322398288084,0.024768987595073295,0.010368764806050534,0.007057685254402201,0.01967232251566545
2173,0.35419543367089984,0.050260168300514975,0.10836618250474678,0.23082487397674065,0.2563533415470977
2174,0.3009516973086306,0.009796641745228641,0.02545261571939965,0.5668549442421925,0.09694410098454867
2175,0.40056990972006745,0.33848736204780144,0.06839340090019964,0.07131085497727728,0.1212384723546542
2176,0.24979219850317552,0.0046489322919817675,0.031563203420149226,0.624379565398361,0.08961610038633251
2177,0.4750533889081308,0.016134681909534196,0.03812953622792536,0.40431937086927044,0.06636302208513921
2178,0.3580198970072487,0.06689638237924125,0.16766602248294432,0.25982127464736876,0.14759642348319701
2179,0.6368754740785849,0.005148851319564088,0.0012970962601516261,0.12343443803833441,0.23324414030336488
2180,0.21411773533409859,0.006786898964101361,0.0059462396457396266,0.6574290072438704,0.11572011881219009
2181,0.7629773680523273,0.029148865593400786,0.038592037698610165,0.09480974534551899,0.07447198331014279
2182,0.30175084488673537,0.005120100536761867,0.020529174572519696,0.48481081054599984,0.1877890694579833
2183,0.6390738423030893,0.05259572593882174,0.047534288045404965,0.13230940641358724,0.1284867372990968
2184,0.24783379115370732,0.010995303626787642,0.03938531885954928,0.4606985548513658,0.24108703150858993
2185,0.17780568952333167,0.005557999779894881,0.04801995716508581,0.5951843009362319,0.17343205259545566
2186,0.037141601364982575,0.017400231912588195,0.04135454388346346,0.7725054167682766,0.13159820607068923
2187,0.7783521572293437,0.02443919890899289,0.009310767453019763,0.025849611007431623,0.16204826540121212
2188,0.18543214474885666,0.0038711618336740574,0.04111122488821254,0.5989272740839561,0.17065819444530061
2189,0.23278465305497148,0.02390570264965643,0.0964840490394144,0.35646643012606005,0.2903591651298977
2190,0.29884610614737145,0.0018863228437057532,0.0267993155468841,0.5918854717176981,0.08058278374434061
2191,0.2969511584977112,0.004132308950485676,0.028077282130817335,0.6281582671076289,0.0426809833133569
2192,0.2598152514455864,0.016364967418336297,0.02469074788096431,0.45460793221746204,0.24452110103765098
2193,0.5151810327634392,0.008708702019344795,0.001793080048042564,0.4198718112331821,0.05444537393599143
2194,5.3775643342168275e-05,0.4147812255685734,0.1464885198992096,0.0008655743915230288,0.4378109044973519
2195,0.21261275671430377,0.03178753773050405,0.16667527886579273,0.49936362114908733,0.08956080554031216
2196,0.33155875707353805,0.022505550734397087,0.11562657508433274,0.3593255875916997,0.1709835295160325
2197,0.3013298716295837,0.004833839786583004,0.019485041284641846,0.4595385758083017,0.21481267149088962
2198,0.19264959019224892,0.006972874901928906,0.03875097249347607,0.6650040895528255,0.09662247285952057
2199,0.0524450255674527,0.03870884965078043,0.052164891044771296,0.032409667192736295,0.8242715665442593
2200,0.019264846554929833,0.016955897232944012,0.11358163389859474,0.378052163771608,0.47214545854192347
2201,0.44139035568473844,0.009998265838587608,0.02153356397187806,0.42783708257727177,0.09924073192752407
2202,0.39284481483418815,0.09543985857897322,0.12687635361145516,0.31298964454104844,0.07184932843433489
2203,0.0004148107465368657,0.2879227589714663,0.2113107266297975,0.000849631781651581,0.49950207187054774
2204,0.04514223944893918,0.0709341377162751,0.6057950758419516,0.003245025165545457,0.27488352182728865
2205,0.015001457382093788,0.020277307305184022,0.09472867853620494,0.7890643737190393,0.08092818305747788
2206,0.16996161811525481,0.050768702488859854,0.033001940473643104,0.5746402558145275,0.1716274831077148
2207,0.7948987048101499,0.0047785533286626835,0.0029366275162234588,0.15086778589607924,0.046518328448884594
2208,0.004671537378093976,0.25276566686570917,0.6069562892583884,0.00396108157360724,0.1316454249242012
2209,0.11101361627461284,0.002103501190535631,0.024250082832799724,0.6814664863412057,0.18116631336084627
2210,0.17723323605981667,0.004254576235086085,0.015413417516655644,0.6833394223071044,0.11975934788133714
2211,0.801796731124944,0.0678727564406767,0.029002115104113584,0.024573938204347126,0.0767544591259186
2212,0.5556767169223739,0.03266610737718908,0.05835439023924946,0.147524286075892,0.20577849938529558
2213,0.3176186765291497,0.0023582103646844084,0.031741606498517434,0.43499686837552737,0.21328463823212102
2214,0.3094941015570302,0.004308814803291688,0.01107400737240384,0.5545754509222586,0.12054762534501565
2215,0.01011708305514061,0.13544084937015535,0.5293832803372059,0.1471682078598873,0.17789057937761088
2216,0.7433284222266333,0.02951377305003377,0.004959943726649574,0.15396308529843716,0.06823477569824614
2217,0.08106017499525657,0.3592170600784298,0.21722396607635186,0.005408613641537184,0.3370901852084247
2218,2.4334804663130504e-05,0.7620169290222408,0.09028964016287888,0.00037631992074529784,0.14729277608947197
2219,0.08074688371544876,0.015821867109083905,0.0190071533705279,0.16300101221441543,0.721423083590524
2220,0.3845889806044196,0.008071496590110545,0.03420739396204421,0.5088171709122413,0.06431495793118441
2221,0.18827021243803718,0.004573343488012654,0.034988878385997325,0.6207193311304733,0.15144823455747955
2222,0.8412583229829222,0.0771509299488076,0.027652638066289523,0.012932561449722617,0.04100554755225812
2223,0.8933011801580275,0.011694170153482508,0.017627254246167092,0.014295657216328963,0.06308173822599371
2224,0.24909852416672087,0.005552421784221149,0.032364713163047364,0.6006559332589015,0.11232840762710898
2225,0.21985047241490804,0.004520509721063791,0.04692915957980309,0.4837387157957992,0.2449611424884259
2226,0.9182981774678882,0.014354578830627782,0.0035176500189187856,0.01792787169309422,0.04590172198947082
2227,0.28374013066476583,0.02687133359400399,0.12628201730245436,0.37578499670151644,0.18732152173725944
2228,0.34988285189885643,0.00752422456642396,0.023213885153405427,0.5694449442202651,0.04993409416104899
2229,0.09265839360301194,0.6592183108209683,0.1399082991266012,0.004090074023881928,0.1041249224255368
2230,0.3228021151341885,0.0030842091025982867,0.019777506139940983,0.5200761136748273,0.13426005594844495
2231,6.176566933649206e-05,0.39524703694440816,0.17268570992420196,0.0009041576212054983,0.43110132984084776
2232,0.2905774924433425,0.008481335841955574,0.03051173318410966,0.43550582970435336,0.23492360882623872
2233,0.3015579288664348,0.003176651393333612,0.017988077446189462,0.4748323013971738,0.2024450408968684
2234,0.9664291756196336,0.007040122588624646,0.006172761068911917,0.008260539982096441,0.012097400740733302
2235,0.3362398725694968,0.06719689121659497,0.11373621792266952,0.2545847844726973,0.22824223381854145
2236,0.1765435510052347,0.05997603013082287,0.06091720584625699,0.5028225742442188,0.1997406387734667
2237,0.2716486838900068,0.008368984095343462,0.025386297733599614,0.5744774895019056,0.12011854477914445
2238,5.656284365787518e-05,0.385014804155926,0.1828975531348011,0.0009435919238256255,0.4310874879417896
2239,0.3504392499350313,0.002631414484145747,0.02431643764940073,0.40974273130769856,0.21287016662372357
2240,0.30565292530871785,0.012583218977986402,0.034919298752149636,0.5630554650152828,0.0837890919458634
2241,0.8256490760058891,0.011523283652132413,0.013475335680593205,0.031765191701978314,0.11758711295940676
2242,0.42164547261955676,0.004686951544644206,0.006052349948038299,0.2524336951816226,0.31518153070613814
2243,0.3387200096695824,0.004350021154450609,0.011298297726358854,0.30878069694327764,0.33685097450633056
2244,0.1647775901268528,0.0037942221344173096,0.04252810456463292,0.5455664781633451,0.24333360501075188
2245,0.2349154742969503,0.006361842637334535,0.0284528350809797,0.6625881678015486,0.06768168018318693
2246,0.002874609041276357,0.18211677591965164,0.22782794609646206,0.0026848211921117328,0.5844958477504981
2247,0.09751899832778203,0.04245882385841405,0.19701577108961787,0.09271702317119655,0.5702893835529895
2248,0.22664326336116045,0.00687645963748174,0.058077033005350255,0.502821674956492,0.20558156903951538
2249,0.00020554764674275745,0.12084712508589994,0.22456538103413254,0.001766725056398377,0.6526152211768265
2250,0.33628132921626636,0.004206754251512897,0.02791720570382273,0.4262066780824546,0.2053880327459435
2251,0.8708189595247623,0.014267859600763525,0.0199083670572563,0.03719074386369973,0.05781406995351797
2252,0.18374674311482575,0.015868092431785916,0.049466925624919555,0.5265791969451084,0.2243390418833605
2253,0.01085791159527817,0.017853950856710005,0.11999061818297463,0.5438440217347223,0.30745349763031476
2254,0.962980168994796,0.00804856383127281,0.008604953901612143,0.00864655129961781,0.011719761972701257
2255,0.0003901764916412119,0.39849249238628515,0.24401340613311676,0.0010666762546298135,0.35603724873432696
2256,0.4217588640911175,0.007391973586770328,0.018140111032535645,0.523637963658012,0.02907108763156463
2257,0.027411235223007212,0.20754894541533375,0.6167297303936073,0.0023955580892353707,0.14591453087881642
2258,0.36112857832277323,0.011857645256690197,0.010376102751333972,0.29761138859907776,0.31902628507012487
2259,0.24420024800094436,0.009419399096967599,0.025094946893408715,0.532218188854033,0.18906721715464628
2260,0.19163287409339225,0.0036050232020249204,0.013951115841869846,0.6491944416989905,0.14161654516372246
2261,0.7746217417991373,0.019076850754330545,0.006036775313745138,0.01866960659971724,0.18159502553306972
2262,0.3630974244852824,0.022957315357855286,0.1393666601047695,0.20333870653573693,0.27123989351635586
2263,0.02007159623087062,0.029846415800829775,0.03535506252888065,0.42471166663185633,0.4900152588075626
2264,0.0009988290223590373,0.35880782395856514,0.2498006580736176,0.00381099562384453,0.3865816933216136
2265,0.019161951101655528,0.012742743272350487,0.03326974174931253,0.6131698043973167,0.3216557594793649
2266,0.4358152079812511,0.014402397587823917,0.051011124145897854,0.08327420664323329,0.4154970636417938
2267,0.46490842527309023,0.004738554956881211,0.00883413323293869,0.4547340384108136,0.06678484812627632
2268,0.09766277140492531,0.13439098854330975,0.4902129740656111,0.08993461699584708,0.18779864899030685
2269,0.006055393328953834,0.41340187352966895,0.45776524191852447,0.0037692353054580054,0.1190082559173948
2270,0.00025242552846461904,0.15908604432186138,0.18851278323344592,0.001336914820206803,0.6508118320960212
2271,0.32428484325146695,0.010131529074249879,0.048933785365586284,0.3949275838433661,0.22172225846533083
2272,6.751662673087744e-05,0.22643343930707846,0.1523227225369415,0.0006347170871615678,0.6205416044420876
2273,0.5640699587254518,0.004006673681252474,0.007466007160208236,0.3312203094986453,0.09323705093444211
2274,0.3847048128512714,0.0020390244906244555,0.007401981905881577,0.5103314762860909,0.09552270446613163
2275,0.8441240863187833,0.016391775152675543,0.004581619374536126,0.015894497856754612,0.11900802129725044
2276,0.07354749469993421,0.23865862834686877,0.5676550373929261,0.003002755056979183,0.11713608450329178
2277,0.48885635898307167,0.0030855565260104736,0.010673093321547708,0.41348809811130216,0.08389689305806794
2278,0.17545101305667282,0.0036759201947339504,0.022192674644892944,0.7416424557035448,0.05703793640015549
2279,0.00016960177493061178,0.4570215413305314,0.178562953614874,0.0009036416177091787,0.36334226166195466
2280,0.11775706356593428,0.6636676669586609,0.1306479881921625,0.0054556639781378055,0.08247161730510442
2281,0.6751725565182616,0.014389698100055253,0.01984081697551215,0.04663868037315181,0.24395824803301927
2282,0.2969928476511511,0.002365889585234908,0.018366097107164987,0.5139693281701444,0.16830583748630476
2283,0.26646066068599883,0.00736471331505898,0.028748730319848443,0.5269078394639173,0.17051805621517652
2284,0.6428730127554892,0.01265894565175068,0.044057169208556415,0.13469276373369332,0.1657181086505103
2285,0.9355888675267063,0.011140864894584147,0.013932473474431314,0.009534387662700063,0.02980340644157802
2286,0.3712249717743831,0.004432117760757556,0.016471770946946525,0.47757115682757967,0.13029998269033333
2287,0.032370876019398934,0.18197842654831542,0.6032977277746167,0.002181653690079158,0.1801713159675899
2288,0.27159020600357364,0.025975479415570733,0.09046775875357584,0.21764080403672342,0.39432575179055634
2289,0.034733610123527214,0.013132408600867819,0.04299366211826709,0.2600608925807582,0.6490794265765796
2290,0.32166151569445706,0.11088979277010662,0.11043187973022787,0.3264400494362722,0.13057676236893626
2291,0.2473321489939386,0.008393776055750557,0.009473528104102574,0.6482613334966972,0.08653921334951106
2292,0.043673924355394564,0.05105115217300645,0.34958149488158224,0.21649207395879588,0.3392013546312208
2293,0.18618428714096738,0.11006816278985057,0.46541594096569205,0.08500779526266658,0.1533238138408233
2294,0.6969501573928102,0.024921315666014285,0.012440090940199723,0.08353132992500756,0.1821571060759683
2295,0.5381610700116086,0.0029688329158655516,0.013131701208203252,0.3790382820505354,0.06670011381378711
2296,0.8554003107876282,0.02152323756277426,0.023378392448968343,0.04437435633120247,0.05532370286942675
2297,0.3048968666775411,0.006019248162096759,0.026310360433855814,0.5922954922897496,0.07047803243675661
2298,0.02033401022263857,0.023660235643424198,0.09702424416349295,0.7707653042854646,0.08821620568497963
2299,0.4962749155124631,0.0032376709781624293,0.012381812818883071,0.3605467389386513,0.12755886175183997
2300,0.23159305064440758,0.007219912806573377,0.03541455273083361,0.6525143706316245,0.07325811318656095
2301,0.35741776021838406,0.15671716621971102,0.1569951334400518,0.20368532413794882,0.12518461598390426
2302,0.3658696905322541,0.057148748418939195,0.09623599382616436,0.23467734193504403,0.24606822528759842
2303,0.008033582999457015,0.20473866495362536,0.05436311315620963,0.15229420801145468,0.5805704308792533
2304,0.26435216388109894,0.016117609397670252,0.033578247681935194,0.46282517373370247,0.22312680530559298
2305,0.006608109771100359,0.018174883609829138,0.09843533753848786,0.6006652104854983,0.27611645859508444
2306,0.3965615692076451,0.005578331603813518,0.021480074051198266,0.39444005713623725,0.18193996800110593
2307,0.022774959034033666,0.007546632940314457,0.03764438102054561,0.220571563350114,0.7114624636549922
2308,0.06646201532868175,0.0303048274428709,0.4594199017902727,0.07385069781012474,0.3699625576280499
2309,0.00030945638392030175,0.5921273007145611,0.11563137408398651,0.000567104571103292,0.29136476424642865
2310,6.018271052327746e-05,0.23461781681336327,0.1365613310478864,0.0009362295491953778,0.6278244398790316
2311,0.0008637011723811642,0.19467188147017958,0.6715109932864541,0.00393025176357096,0.12902317230741403
2312,0.06715689637296689,0.03741107546402402,0.022413703594420426,0.21761288754775862,0.65540543702083
2313,0.37206816498954753,0.006720051070815619,0.02076189892401338,0.49446009483878695,0.10598979017683653
2314,0.4233896019138382,0.012909214579063431,0.017006332202462175,0.45915011732248057,0.08754473398215576
2315,0.40782370059114276,0.021926019934383936,0.007706269971589349,0.22329224885542176,0.33925176064746226
2316,0.3530284351660495,0.030043038384449477,0.024441637545081905,0.5276534850847848,0.06483340381963436
2317,0.07615481534745688,0.05439669602703635,0.621741807341542,0.004167304853164699,0.24353937643079984
2318,0.6474578028942717,0.07303488328866246,0.056910053409046105,0.08029738530195075,0.14229987510606903
2319,0.00047233808962328497,0.1341821771549414,0.14685526554410194,0.0008637181590622514,0.7176265010522711
2320,0.009907660441908949,0.09936838202010016,0.5146557565751108,0.14412184059111435,0.2319463603717658
2321,0.8312374033685719,0.03133517807151898,0.037182205285856446,0.02036575369874062,0.07987945957531226
2322,0.794908367130117,0.006191522721711523,0.003380968670907583,0.14166569904400433,0.053853442433259506
2323,0.3553958326066379,0.03708744536810661,0.0797463051220416,0.2187252747840924,0.3090451421191214
2324,0.40788329835789794,0.004215593200708235,0.019083904302055445,0.36606591306862507,0.20275129107071332
2325,0.0005576826779657647,0.5340440228027342,0.14433988755369903,0.001239372277860359,0.31981903468774053
2326,0.5493049202220606,0.007241708767522208,0.0015915338838027044,0.3756543075837997,0.06620752954281475
2327,0.00039717301134780633,0.13031075915424384,0.16965162481447832,0.0010249642763190373,0.6986154787436111
2328,0.2645156658682236,0.009135483418934644,0.030186749247049924,0.48218301606636876,0.21397908539942298
2329,0.8246513580779962,0.01857773053534721,0.035193111477012165,0.028746963434436258,0.09283083647520819
2330,0.5250508758390107,0.08252364072038815,0.09565114714714724,0.1742596049645573,0.12251473132889659
2331,0.4773753847295331,0.005533201773597358,0.008723137025082256,0.3177338670795362,0.19063440939225096
2332,0.10846547989566256,0.008419414649745145,0.026115185712938218,0.7327241957540204,0.12427572398763373
2333,0.3544590714601899,0.005270724873369664,0.024837390950413346,0.5479957035498995,0.06743710916612759
2334,0.31829415077299045,0.0035207529514137445,0.018589030124415762,0.5360214075411196,0.12357465861006044
2335,0.32118518271663093,0.393907462934015,0.06656230770807482,0.09735703467304324,0.12098801196823583
2336,0.28623800636885527,0.013310756935426125,0.035220412169911564,0.4652409151536445,0.19998990937216252
2337,0.35398338649856875,0.026014787906370143,0.03699934588325746,0.09543736387315307,0.4875651158386504
2338,7.390638466474642e-05,0.22414660228799874,0.11509747419733156,0.0009246895224548258,0.65975732760755
2339,0.42106062505950537,0.029692963412701303,0.05392745934120906,0.2953838870138057,0.1999350651727785
2340,0.812856066634659,0.003985255755174698,0.002105295435843616,0.09868946963041905,0.08236391254390364
2341,0.6967795316635115,0.030261148268354313,0.05152430016315187,0.09691298800226261,0.12452203190271978
2342,0.6085086644451702,0.03450738928989109,0.0495671063371608,0.16357085574048497,0.14384598418729302
2343,0.7421929470956042,0.06471359728520819,0.09076208857303926,0.01579604641942374,0.08653532062672449
2344,0.38165109799046926,0.0035964912122525253,0.013506310872277194,0.30874276801972655,0.29250333190527444
2345,0.5868892705914558,0.015542032440296743,0.06988996189330819,0.21475037863475932,0.11292835644017987
2346,0.007732315144320567,0.0216225433555667,0.7522807516310507,0.02039930979875738,0.1979650800703046
2347,0.11000539486007432,0.023233814192925306,0.04682464204048866,0.4351120473381375,0.38482410156837416
2348,0.001873431752875116,0.2940571141070312,0.6225454686598971,0.003789353387566457,0.07773463209263003
2349,0.07146301904216612,0.09588118731180052,0.09610497788465044,0.07012845230925832,0.6664223634521246
2350,0.00017602549029676568,0.21383919680289315,0.19636694488180215,0.001281594560678714,0.5883362382643293
2351,0.45508213634393735,0.11102779198500948,0.22874493297087473,0.03263604132600938,0.17250909737416903
2352,0.7927223081527357,0.12856429160663468,0.007552373903990624,0.025725708252829684,0.04543531808380934
2353,0.3517937067984067,0.003461348248324987,0.01978679741276378,0.5292917320978353,0.09566641544266925
2354,0.013051581763918265,0.03447980598343414,0.7119117960219764,0.02747076988865165,0.2130860463420195
2355,0.514522383144847,0.005673273832653835,0.008342613677680395,0.3597267690778215,0.11173496026699725
2356,0.20777091227595684,0.009080897013810863,0.03412026099771236,0.6446958169888711,0.10433211272364878
2357,0.5386307799554879,0.03765251993993482,0.05717959621023779,0.18869198091541686,0.1778451229789226
2358,0.23006061440739928,0.1909294007479321,0.2721511005697872,0.035633173223758516,0.27122571105112286
2359,0.807971535257983,0.08024788656047618,0.04147303749239052,0.022183707644447687,0.048123833044702746
2360,0.2750731836651923,0.0057048374686646,0.027835300111539778,0.40381575284266963,0.2875709259119338
2361,0.32203585352313846,0.00374353015003173,0.02825716882313534,0.4918483189697733,0.15411512853392112
2362,0.6901731590996593,0.0024021191048241024,0.0027656259160837994,0.10270782719482006,0.2019512686846125
2363,0.38008678001478785,0.005301731195383564,0.0030830289362678725,0.26823050282042266,0.34329795703313815
2364,0.9840484935712221,0.002009520000571748,0.0029494135163881828,0.006484523986477316,0.004508048925340422
2365,0.36069896976572985,0.009621998497146735,0.018896259753118323,0.49692140458866185,0.11386136739534324
2366,0.26819295731285625,0.0037478739021938176,0.03039532156412681,0.5126303612477727,0.1850334859730504
2367,0.004593813294306753,0.003837607299948071,0.11864757005097638,0.6481527423524001,0.22476826700236857
2368,0.8572163820734375,0.010779875415457833,0.02175121956511708,0.04781731574170829,0.062435207204279135
2369,0.49116576496695286,0.0059038005676691815,0.003646117096175178,0.44446162407345624,0.05482269329574663
2370,0.2780707343014026,0.023638646173902315,0.06367933359362482,0.3420923516558464,0.29251893427522396
2371,0.7328802648417366,0.028129522841608978,0.15609961747322174,0.005151891056237837,0.07773870378719493
2372,0.39213131559309256,0.0037525452993865923,0.017204295175797975,0.5142359943239079,0.07267584960781501
2373,0.0036810385319298094,0.07477122693001045,0.04505334922491015,0.06663557123495657,0.8098588140781929
2374,0.5430835740744282,0.03131475723960235,0.06148122568233151,0.15963990155491356,0.20448054144872435
2375,0.526244634049103,0.005138366001561822,0.013107038344819112,0.3058453947134344,0.14966456689108176
2376,0.45291101735457096,0.0031586756506962036,0.002035019291358671,0.29940779585837834,0.24248749184499582
2377,0.35049154301426044,0.006671206888711824,0.026057003136824183,0.5299891017613191,0.08679114519888435
2378,0.5520045447008758,0.029838439647265506,0.011158335726678391,0.34333873445482826,0.0636599454703521
2379,0.2963501505831317,0.008961136463170634,0.022315733670696666,0.5787005366950616,0.09367244258793939
2380,7.272723264329431e-05,0.3191334515389734,0.1432762213984122,0.001029778247630169,0.536487821582341
2381,0.5352914751550754,0.01267904803571301,0.09705775740279667,0.1483856330837893,0.20658608632262568
2382,0.019390851757914253,0.02690810025466993,0.08739631071964886,0.4996683547953588,0.36663638247240804
2383,0.15088399783258807,0.006463628631885394,0.09740504561970847,0.5607568634620043,0.18449046445381373
2384,0.5285879472569823,0.007263692982652458,0.00839843255497505,0.3996079209164561,0.056142006288934114
2385,0.02732975899160663,0.20438646480544548,0.5802947617037969,0.002685848856826488,0.18530316564232457
2386,0.35168547060530536,0.056034742924674454,0.17007743503048228,0.30934900338716903,0.1128533480523688
2387,0.900374143007286,0.05641008808786583,0.01702700441482034,0.008553501349047879,0.017635263140980018
2388,0.27471642421352777,0.006299975283863316,0.03712043179162171,0.5970061373621688,0.08485703134881845
2389,0.00547045038108568,0.2757218183054931,0.5972470629098742,0.003654233693489244,0.1179064347100578
2390,0.3990680345411148,0.02959404361943802,0.27578620538868087,0.18301462358713105,0.11253709286363534
2391,0.17998750676852293,0.00609918999400775,0.042896643308920894,0.7068021015663386,0.0642145583622098
2392,0.391104039291221,0.05749668876808822,0.09805311506004667,0.2214852634177127,0.2318608934629314
2393,0.1627264366423412,0.006835838153846775,0.044979729831952336,0.5696603586664915,0.21579763670536833
2394,0.23098715028424285,0.003427454127391687,0.03201447181766158,0.5036738298685349,0.22989709390216895
2395,0.01900568289753087,0.42571872317407045,0.4644796063497383,0.0016377194528210209,0.08915826812583932
2396,0.29470828809186633,0.003237454421225747,0.008624741049073952,0.36732445122250057,0.3261050652153334
2397,0.04064396248947325,0.21713271615475013,0.5582651388427691,0.0015551102770552981,0.1824030722359521
2398,0.03130036711359542,0.028255288146307418,0.05515019515776062,0.019648034697104494,0.8656461148852321
2399,0.6382806247408114,0.01804583664017023,0.03002147321816256,0.2375017087060004,0.07615035669485529
2400,0.7726588807845505,0.16332476924827943,0.018587256975576005,0.007288786994999436,0.03814030599659458
2401,0.2981303124949071,0.04205873078106393,0.1780246083684711,0.3245736127877986,0.15721273556775925
2402,0.5507640718681599,0.003057335565422629,0.0027092374053766495,0.37604032252168096,0.06742903263935975
2403,0.25192787530946487,0.006501771765324461,0.02904336097699955,0.5070718258029936,0.20545516614521758
2404,0.5802424991643008,0.0014324220968708569,0.015611535919731398,0.36966441869577205,0.03304912412332498
2405,0.32613177091064316,0.00701131559267389,0.00945058305648813,0.3883072823603743,0.26909904807982055
2406,0.4604239909533504,0.007077211721028096,0.012687577104649303,0.03739679428648359,0.4824144259344886
2407,0.43371566663724886,0.005194152711529017,0.02046586576095774,0.492419022142299,0.048205292747965325
2408,0.36692304753362454,0.00824900541444332,0.027761291492574374,0.364969582661143,0.23209707289821496
2409,0.00044015036047830367,0.13819827502567358,0.15951356858939642,0.0009898998874776819,0.7008581061369741
2410,0.26526091920392697,0.033780471730404375,0.33030334037641745,0.2426555600058238,0.12799970868342733
2411,0.3848584958402172,0.002467014017573125,0.02016291121624915,0.5522354079427502,0.04027617098321033
2412,0.2917597471238192,0.025085089943630515,0.025633246647244805,0.3555003735925867,0.30202154269271875
2413,0.005001440801141934,0.18297178386492213,0.6700577935546154,0.006367661641481805,0.13560132013783896
2414,0.21731834481974288,0.0029199669786599,0.030787366588311462,0.6848355694685258,0.0641387521447601
2415,0.47404071871743864,0.05165565713021987,0.06632536339926948,0.15152609203854403,0.2564521687145278
2416,0.9865386423307053,0.002396967430265945,0.0029241692503800027,0.004354837846310607,0.00378538314233787
2417,0.006839756574502462,0.0623191363697078,0.3644523766648698,0.06479665107978656,0.5015920793111335
2418,0.008802779165397087,0.03959791819581837,0.6672277615712617,0.010167233086506576,0.2742043079810162
2419,0.05814119703826549,0.07003546213505815,0.042206319000510535,0.24289420245883833,0.5867228193673275
2420,0.14567116409217548,0.008389881368024588,0.04706229614748226,0.5941629803954769,0.2047136779968407
2421,0.0035592284255595427,0.10512838259353023,0.752351044987067,0.008565878924933951,0.1303954650689093
2422,0.3227456687931559,0.038056534846742304,0.014354258554538398,0.5912675109922224,0.03357602681334103
2423,0.961698647655866,0.007794886284209285,0.007830124485599131,0.011713267702469379,0.01096307387185621
2424,0.2709093289617894,0.0064079544344458825,0.009768541458167437,0.4509073741793435,0.2620068009662539
2425,0.020150896438329405,0.013043024114425874,0.028705951902514945,0.5290980639181074,0.40900206362662234
2426,0.13754740340477606,0.0027857513050858905,0.014802160629222018,0.7171377818935876,0.12772690276732837
2427,0.005526925764673421,0.25313273939912573,0.6219140213412795,0.004306955988603072,0.11511935750631837
2428,0.4276077406845244,0.010088445710239285,0.020403598316013814,0.5031426416039503,0.038757573685272315
2429,0.2961801768906154,0.006952746734971244,0.03614952427236014,0.5813910779505737,0.07932647415147957
2430,0.9788484523852574,0.0028031541333822818,0.0042561561370257125,0.00866493385214307,0.005427303492191543
2431,0.8087294252705145,0.030125196989035846,0.02980574465672553,0.020341811407635576,0.11099782167608849
2432,0.8266328016166322,0.006107758552227291,0.017332125317404506,0.11444557928458614,0.03548173522914969
2433,0.9521880576135098,0.009076960557761471,0.009928846486882376,0.015083057751027355,0.013723077590819102
2434,0.19547138960042734,0.08303760711266155,0.2721197134772767,0.018047791165938687,0.4313234986436957
2435,0.6283927680355943,0.005472858473012863,0.008154863694848715,0.017233062399482944,0.3407464473970612
2436,0.00730113115327967,0.09809921352971034,0.743914973318066,0.021672498310169847,0.1290121836887743
2437,0.8345106322429064,0.018465456903357026,0.10190046513805565,0.01118703419880078,0.03393641151688008
2438,0.2736414872361253,0.0386823205692289,0.18321396952869742,0.3977457187218521,0.10671650394409628
2439,0.9681593702932847,0.004522582772771729,0.007472414575440609,0.008620600045425067,0.011225032313077815
2440,0.08166316683670151,0.015188421621991325,0.021161131558646618,0.24729307636562087,0.6346942036170397
2441,0.18311390028321953,0.0070490173136908245,0.025038406245426827,0.6080264598616429,0.17677221629601986
2442,0.2592981398893511,0.004163836856457213,0.015858443516624292,0.6094415284040048,0.11123805133356272
2443,0.2163905560461893,0.118171831266556,0.1809699594285114,0.016073644421419463,0.4683940088373237
2444,0.32997136434207514,0.00589533922478489,0.015536984393593993,0.5706203062801359,0.0779760057594099
2445,0.019045243346756727,0.053050857428048236,0.6332987170246738,0.010296955237709276,0.2843082269628118
2446,0.16974759490962543,0.010347222896869047,0.03519630731171416,0.5993931790270601,0.18531569585473118
2447,0.8484138408281925,0.02753132112271937,0.02638387117226613,0.01621750864728263,0.08145345822953944
2448,0.7141405263296392,0.016142235880877476,0.18729550905373893,0.006961835113995288,0.0754598936217492
2449,0.723428734601264,0.23485439107939787,0.016355111583284156,0.004304475611399149,0.02105728712465484
2450,0.4416951063531227,0.24303752884571536,0.1284097841261818,0.0884280699542629,0.09842951072071722
2451,0.0050966436148227505,0.005926185889875988,0.14487850152398307,0.5328932201932027,0.3112054487781155
2452,0.02067379934285821,0.47275676754444823,0.4027339089384624,0.0017788454720120092,0.10205667870221906
2453,0.02186631014642999,0.04443563197145265,0.06788997686113206,0.04865493647420685,0.8171531445467783
2454,0.3448526107810192,0.004519819673618692,0.017887119708216895,0.4108217755640109,0.22191867427313436
2455,0.455131204074708,0.006982983742995476,0.005942519904483795,0.2522509595613586,0.2796923327164542
2456,0.9364301749400196,0.009418730111077621,0.01219995660593537,0.012903511113560506,0.029047627229406837
2457,0.023987977129585093,0.44928288216074863,0.4489772618887387,0.0008346182076044458,0.07691726061332319
2458,0.3499440724375603,0.018420466528966502,0.03413141152872291,0.04033180378512113,0.5571722457196291
2459,0.001008647164865926,0.3208407600438018,0.2746328283680583,0.0033419718510169956,0.40017579257225705
2460,0.73048339723349,0.007993521123300594,0.05073963389426231,0.1154764168108307,0.09530703093811628
2461,0.3336178031956611,0.09278911037878455,0.20738577392781307,0.17358321155902226,0.192624100938719
2462,0.35816134211639955,0.003543198376382848,0.02472610974388114,0.5848147840348545,0.028754565728481892
2463,0.6007100819341565,0.023593986178555255,0.022843800288091926,0.07950356696334757,0.2733485646358488
2464,0.8890663327543262,0.016787559969169075,0.026154331242339086,0.009819217172315478,0.058172558861850084
2465,0.3425412562114986,0.005101671142510682,0.028315320724203636,0.5419527915815384,0.0820889603402486
2466,0.7978436529143785,0.036653526268912495,0.00840513745810985,0.026765814601662975,0.13033186875693606
2467,0.8570902045985059,0.054903097790788884,0.03182573531144812,0.014112921137712356,0.04206804116154471
2468,0.0003680205615151425,0.3022167358060192,0.6119437836930841,0.005223259769240989,0.08024820017014056
2469,0.8593369446970912,0.003217672126860929,0.002024913260989461,0.1011421656339,0.034278304281158564
2470,0.7960708678007722,0.0031400729190265418,0.0034711239529200246,0.13737030069585257,0.059947634631428603
2471,0.32697589045778985,0.08543916670840526,0.08785360703612584,0.2910109583912382,0.20872037740644078
2472,0.8334363341372868,0.06062388306543084,0.0812532407179874,0.00437814688269326,0.020308395196601603
2473,0.7492373590147657,0.008913680166975713,0.13237051299117214,0.043106908754469056,0.06637153907261734
2474,0.23565060948585015,0.015591670955712967,0.03253857434987028,0.5171748334774606,0.19904431173110593
2475,0.21006342047126758,0.0037608193167358987,0.035443064226456544,0.48516760711840873,0.26556508886713126
2476,0.000147816375696654,0.5631569508099803,0.1685321156406749,0.0007375375631789424,0.26742557961046914
2477,0.002897252030415882,0.014217377978943159,0.13193992645340497,0.6337974358464967,0.21714800769073925
2478,0.010962084746956894,0.24574738843650562,0.5975349450803674,0.0014524253431799274,0.14430315639299013
2479,0.28634908199729214,0.02810861070516647,0.07871000097365294,0.23602379322586076,0.37080851309802754
2480,0.26922556834014877,0.00647267567144329,0.031681438548265106,0.4436531464717937,0.2489671709683492
2481,0.47880579880709206,0.036018400693966515,0.15410150553199303,0.2623654998252362,0.06870879514171227
2482,0.28361986229729413,0.18044670420798173,0.18706883442702357,0.01776423927572236,0.33110035979197827
2483,0.19240626017148046,0.04309268114003316,0.08441973525009534,0.3513365642316769,0.3287447592067141
2484,0.00047283818851151304,0.08911059967361222,0.7286955222978038,0.012883223799158012,0.1688378160409143
2485,0.668394634256706,0.0033746365140325803,0.006112755313391259,0.26142283167343056,0.060695142242439694
2486,0.4038790903602965,0.004093263926613888,0.00412307526423289,0.4077669566058738,0.18013761384298285
2487,0.4566977792878504,0.0038554038978981285,0.02433714926959405,0.477119543588634,0.03799012395602361
2488,0.32971486926890214,0.005018004845664114,0.019431745584942168,0.5968815850201794,0.04895379528031218
2489,0.0002517488198871632,0.1614021143234713,0.1880074135184647,0.0012716036401763423,0.6490671196980006
2490,0.9063099520988287,0.009916019077352074,0.05508831353421858,0.0028706368759462515,0.025815078413654366
2491,0.2700598862884327,0.0040010570003738335,0.01424058998657862,0.34451760425788663,0.3671808624667282
2492,0.42824971767355824,0.002832328650212243,0.012271484797317373,0.5229693918030907,0.03367707707582166
2493,0.014039465278339616,0.02157663931342028,0.08987644022897023,0.6183755225848022,0.2561319325944676
2494,0.0010820116669932782,0.12811389012506924,0.17579899892836262,0.0015661142423747329,0.6934389850372
2495,0.9361750318974338,0.014800533443184783,0.012698779890834363,0.009833824631300465,0.026491830137246465
2496,0.861516237583656,0.0009317330388995097,0.0015489766407103507,0.08522236114912767,0.05078069158760664
2497,0.4813767877380426,0.006798272579660493,0.007082680085532808,0.32306714043967283,0.1816751191570913
2498,0.004339750835024536,0.3253883533631937,0.5485240065234582,0.0034520635073719513,0.11829582577095159
2499,0.001970800381824404,0.3985435226958884,0.19514737300699406,0.0015783619568150197,0.40275994195847814
2500,0.0018145614532454608,0.03790218985422906,0.6749224932408309,0.024911002329488383,0.26044975312220625
2501,0.38024671091780265,0.003726286014205738,0.018928648063054544,0.4764199756581359,0.12067837934680122
2502,0.20633924545074844,0.005967301693830871,0.028639643558537767,0.5059343214931536,0.2531194878037294
2503,0.6045354848202831,0.016853508465737552,0.010294865356126393,0.2698731964156038,0.09844294494224924
2504,0.8532989647833971,0.01688429863749922,0.025514347147174928,0.016920990375409818,0.08738139905651901
2505,0.523865897920266,0.02838699298570795,0.0647672462710023,0.2326364201461043,0.1503434426769194
2506,0.1414539907052141,0.005891692554165476,0.01894141526615491,0.7055278548070932,0.12818504666737227
2507,0.0063545303613275145,0.4416468111641756,0.4784852913125596,0.002611136926274061,0.07090223023566335
2508,0.397108164495537,0.003983236456068213,0.005985073129992353,0.33396097081883686,0.2589625550995656
2509,0.02299969142876697,0.4330760293840264,0.47919529046473636,0.0008248620326636545,0.06390412668980655
2510,0.9552980441957988,0.004966667390283955,0.009002948897347056,0.01632133323773084,0.014411006278839338
2511,0.35533804085664517,0.012145151257236449,0.020269267736449614,0.4995307330785046,0.11271680707116409
2512,0.24641066412343557,0.031208206778610866,0.03425807901614422,0.40365084209915514,0.2844722079826541
2513,0.006205449952893246,0.38473040639629186,0.5017280504684855,0.003462871585114918,0.10387322159721452
2514,0.000370824857617967,0.42690018129037555,0.17141124367498878,0.0022590608713026097,0.3990586893057149
2515,0.37879366266718845,0.0020982854604717134,0.02094170125775547,0.3848654932246848,0.21330085738989962
2516,0.23536663317941786,0.0038205606309478194,0.08168972675198644,0.5895510581506936,0.0895720212869541
2517,0.06410867037742249,0.06339976788638742,0.0898621241471513,0.036076049444425516,0.7465533881446133
2518,0.6111178444504148,0.00819874509724532,0.00537359042088548,0.29360382298651416,0.08170599704494029
2519,0.00942811482746578,0.015666858747301483,0.06938132446227387,0.577830325568539,0.32769337639441987
2520,0.10016797928259258,0.007184634320310872,0.018104586329118266,0.7304983149102678,0.14404448515771057
2521,0.2146711673826581,0.008939871123202103,0.027287448256544437,0.5831084797775947,0.1659930334600006
2522,0.45312190062878127,0.00667393657223211,0.018807649694037303,0.33932978294581473,0.1820667301591346
2523,0.5098569760220448,0.00810512667988621,0.007198273552763234,0.18658288820897323,0.28825673553633235
2524,0.0302528833601337,0.018351287073253803,0.03971028952839877,0.7196455445237341,0.1920399955144797
2525,0.03575310936742515,0.031132705860948955,0.0911299697824559,0.5082243434491004,0.33375987154006964
2526,0.3330392887154157,0.07340787462042657,0.031605422857467695,0.05745230830328277,0.5044951055034073
2527,0.3589829349757843,0.0041766801692882955,0.016681994491780126,0.4136324626374129,0.20652592772573442
2528,0.2476095285667112,0.006633750725978254,0.009240156233650446,0.6781066034841674,0.058409960989492755
2529,0.2272793659169298,0.007175822515767933,0.03304653849984904,0.4834468268203854,0.24905144624706776
2530,0.00044813838873510335,0.17437341740031617,0.11482131659346073,0.000938754350397165,0.7094183732670908
2531,0.018881287287709998,0.24084870363848268,0.6028938966849066,0.002627910686390491,0.13474820170251023
2532,0.006904927062859331,0.049605535341167975,0.7534738973680535,0.03459948142405891,0.15541615880386023
2533,0.7637374712878117,0.02222999419551203,0.15151956063324623,0.01385637734575721,0.04865659653767271
2534,0.026847543467543214,0.03396303009615364,0.3128903997024314,0.08910980963914891,0.5371892170947229
2535,0.3135220414674267,0.02878503545931177,0.02498548926621235,0.5724544479237251,0.06025298588332411
2536,0.28638216894000357,0.005473104069312856,0.021501349001431726,0.624732291408224,0.061911086581028014
2537,0.05717610264898379,0.017518439671561456,0.03688168664789721,0.23179326953414775,0.6566305014974099
2538,0.056534516278847424,0.031241048677241732,0.03144071526553219,0.20320240420423927,0.6775813155741394
2539,0.01023267056514136,0.24016436791418122,0.6503281288551294,0.0021264101412012976,0.09714842252434687
2540,0.016367658391970758,0.037701370363926366,0.04862304100235304,0.027633281984032972,0.8696746482577169
2541,0.6845807388870717,0.12276088529798065,0.01242672643466683,0.01380015720537662,0.1664314921749042
2542,0.9122832393789011,0.015483228049157373,0.01655920488194063,0.017953356083319136,0.03772097160668174
2543,0.6648999488512526,0.011697634686503335,0.005856871994870985,0.24631260235807534,0.07123294210929769
2544,0.9640727840024534,0.0066034350374085385,0.0056537702239325156,0.010999143842485867,0.012670866893719629
2545,0.7284673418438402,0.005413379446825224,0.0011791899987198082,0.1627234638980718,0.10221662481254307
2546,0.02217475047627822,0.18902288033470652,0.6847885940697209,0.00318821247603992,0.10082556264325443
2547,0.21499638657109282,0.005708810680535617,0.0257547906836326,0.5956081196693044,0.1579318923954346
2548,0.9668581746165504,0.005303270382702035,0.006654199512036879,0.009298471181340135,0.011885884307370522
2549,0.39161020837049465,0.00882444521874892,0.006354597816465707,0.5104836510126658,0.08272709758162487
2550,0.01986619477139609,0.011627808857569415,0.1470920291608869,0.6287672329288223,0.19264673428132528
2551,0.4894803495661242,0.006730547300261922,0.006802809120501473,0.2892387748684188,0.20774751914469375
2552,5.679882587298476e-05,0.1675482689570816,0.15639962929594678,0.0010880612643371773,0.6749072416567614
2553,0.3446755376721441,0.009368809653900596,0.007007333834997936,0.5729898029738021,0.06595851586515525
2554,0.6133555032402616,0.016694091277900502,0.04705227331358154,0.14741031008261563,0.1754878220856407
2555,0.4185067880812393,0.010975867594920936,0.02110867000560741,0.46452610184506293,0.08488257247316928
2556,3.0210379805985653e-05,0.7239948599277535,0.10038451541449618,0.0004164641130495571,0.17517395016489495
2557,0.2722508934502992,0.010205863271213953,0.02815204427884411,0.4125274801988079,0.2768637188008349
2558,0.8111256165377548,0.04926845711848739,0.008446917587894405,0.022805557121647016,0.10835345163421618
2559,0.43521184134948326,0.006739104683636739,0.01998252223676312,0.2839104608214729,0.254156070908644
2560,0.6818648526807473,0.014259428455288395,0.00501634385791617,0.15092992524576254,0.14792944976028563
2561,0.2788988664236546,0.0028459009691697208,0.027640127520670587,0.5297299473166768,0.16088515776982842
2562,0.28733827343406804,0.006686836471780267,0.03261820408914645,0.439969387888118,0.23338729811688722
2563,0.18732059164228254,0.007115023776475639,0.021076780381283522,0.5857268890233951,0.1987607151765631
2564,0.9275852458325867,0.01242690313491267,0.04420582713887304,0.004668453464226474,0.01111357042940101
2565,0.9678698964787422,0.0030362334501982053,0.006078494941229776,0.007395480722999572,0.015619894406830159
2566,0.0045263543152746,0.019975293272128568,0.036635225670426215,0.68219350624,0.2566696205021705
2567,0.007478475949594157,0.02690544493878959,0.14607184212407517,0.45976601805062867,0.35977821893691236
2568,0.24381875644163248,0.008432742077387059,0.036303075214517026,0.6379502597428478,0.07349516652361562
2569,0.30040776706896305,0.013346182479389292,0.12348407595742056,0.38637119069876114,0.17639078379546608
2570,0.8600197027534116,0.008482751588728406,0.018226023837029946,0.03447165334229573,0.07879986847853424
2571,0.7277985176934191,0.010923749389689753,0.023208122311130445,0.21074217181622495,0.027327438789535793
2572,0.19447338843143905,0.008865220497975505,0.033045513348786984,0.5821436412389379,0.18147223648286054
2573,0.28668080847571215,0.009898292368938107,0.07554191622302327,0.45501748090048955,0.1728615020318371
2574,0.9691871029464165,0.00542080478691858,0.0049056047700753265,0.007089510678892636,0.013396976817696821
2575,0.631031468746757,0.006330873192995886,0.006755236864382061,0.13636198149029496,0.21952043970557011
2576,0.23006061440739928,0.1909294007479321,0.2721511005697872,0.035633173223758516,0.27122571105112286
2577,0.2708489506109719,0.007090232523603032,0.022360173703284764,0.44515630308043885,0.2545443400817013
2578,0.20277917981924187,0.010542276091663328,0.021179158447763913,0.6995563350968467,0.06594305054448432
2579,0.2659057023061705,0.08190045798725945,0.10879963666829327,0.34732108597182315,0.19607311706645364
2580,0.3130037588352052,0.014431645306891012,0.06917344613557254,0.3054541581545466,0.2979369915677848
2581,0.5100905135135171,0.07150918536992648,0.0778094197500324,0.1227482335931552,0.2178426477733688
2582,0.10098344502070915,0.007958254015278105,0.08479832066820851,0.6432169478893499,0.1630430324064543
2583,0.8741188915477264,0.0327422780612386,0.02264029904937509,0.03341243918337526,0.03708609215828457
2584,0.20486791527311327,0.023905896361916642,0.025188069260785644,0.7010921705837689,0.044945948520415564
2585,0.31371737534949784,0.007834532007244165,0.03175163213488599,0.5027146409234526,0.14398181958491937
2586,0.19958884826544068,0.007804058020983558,0.05048910752419515,0.44052621024212635,0.30159177594725445
2587,0.00599464256514992,0.007372186960862794,0.1344252832192896,0.48046838683706716,0.37173950041763054
2588,0.0010651907625842567,0.910596928069891,0.026546556366067984,0.0004735380602324246,0.06131778674122431
2589,0.762260382938226,0.017667811566799748,0.010656985727789966,0.021373462316723945,0.18804135745046047
2590,0.0015886908154852805,0.07055179835162913,0.14546351055275206,0.0008826554107123967,0.7815133448694211
2591,0.2831373836911851,0.013377356870576167,0.33965615740098026,0.0425419858892863,0.3212871161479722
2592,0.8685385189921795,0.08702891152054684,0.016394109937920988,0.0038320562153070217,0.02420640333404561
2593,0.002732982560533674,0.23008789578500624,0.1542882858880149,0.0022870541693136475,0.6106037815971316
2594,0.012382764210049642,0.14596036060198755,0.6618860748926954,0.0013869516467238739,0.1783838486485436
2595,0.28685702927769907,0.003618697931010265,0.029178856105972786,0.4780217729701188,0.20232364371519923
2596,0.04094529876024617,0.8461620915829755,0.024167641132973948,0.0006412268263196868,0.08808374169748474
2597,0.8583930672825246,0.003411304644535086,0.001942188024607803,0.06407830002202149,0.07217514002631104
2598,0.5722973385006541,0.09298913924786441,0.12293794883089011,0.14683079379068595,0.06494477962990543
2599,0.21643915562112528,0.00424255163860911,0.04953831013150359,0.5782342063995529,0.15154577620920923
2600,0.4107006885855305,0.04804627154477833,0.09830592269073984,0.20031676021544023,0.24263035696351115
2601,0.3054793088311146,0.028211966619957788,0.021989163691657675,0.4324920292709799,0.21182753158629009
2602,0.21721483008062326,0.12926287061735214,0.2671245907185153,0.018275293188585267,0.36812241539492396
2603,0.02870209488685483,0.153227875813504,0.6447057456153802,0.0022928295989046677,0.17107145408535637
2604,0.2693679520919557,0.0034417298351872194,0.024418550963262207,0.6012067505415896,0.10156501656800525
2605,0.8771585074488113,0.07307083610478446,0.005157693166779157,0.0028906380916806536,0.04172232518794427
2606,0.01833243747856144,0.007448172007251383,0.09466058091989231,0.6830331605561702,0.19652564903812464
2607,0.3528690559364937,0.006988463033078407,0.12630233564133994,0.34152945532846146,0.17231069006062644
2608,0.3079134032531294,0.005812120675925428,0.01939883436253534,0.5867826059029739,0.08009303580543593
2609,0.19402747632375206,0.005150848717035023,0.04396889825391835,0.6012642474453889,0.15558852925990563
2610,0.1818456402786231,0.0030997654864553725,0.022612344802791284,0.6302696734450791,0.16217257598705115
2611,0.02374242383568907,0.019929851177935304,0.05330268620300735,0.2443516418687191,0.6586733969146491
2612,0.4614373825963926,0.008567937815462608,0.01237629916240662,0.42550501211450364,0.09211336831123447
2613,0.24434487110811637,0.007004691742042364,0.035931534215689245,0.6649295024459975,0.04778940048815445
2614,0.45280348756231126,0.004682302499393051,0.011179278382576029,0.37782662401397293,0.15350830754174669
2615,0.9431340283152575,0.017454608179804845,0.01410392836288671,0.007663518116744743,0.017643917025306096
2616,0.7340034626575604,0.043354688982734986,0.16493908355335474,0.007101071235664964,0.05060169357068484
2617,0.02015920081772283,0.020430157229227752,0.029592183632130623,0.5085622911312265,0.4212561671896923
2618,0.16435128314856495,0.008614651696892997,0.02610202543622546,0.6598741229899989,0.14105791672831758
2619,0.1874090121338641,0.005099065010780915,0.010363724979579202,0.5921969329593483,0.20493126491642746
2620,0.49557907761685077,0.009637971142020764,0.011890198556613227,0.3579252253729162,0.124967527311599
2621,0.0001434128485227644,0.35115299809731304,0.15624123417880573,0.001044150630049927,0.4914182042453086
2622,0.3098779397321827,0.003344940716210236,0.023519474022169223,0.44406567938660274,0.219191966142835
2623,0.3684407721156685,0.0023505116759701124,0.02934856639377304,0.5133694980673376,0.0864906517472507
2624,0.9417903360768647,0.014485967755188815,0.010808793992399373,0.00765259982782387,0.025262302347723208
2625,0.20509614718577662,0.003578148558753063,0.02572770903514472,0.6901748893834916,0.07542310583683402
2626,0.0031732330658526976,0.022521474060466697,0.6042878242070668,0.015605793224579495,0.3544116754420343
2627,0.3041833315752711,0.04657320735817889,0.08835887593751865,0.2700025134990193,0.290882071630012
2628,0.5327770053318827,0.12137729270929948,0.2423019923865947,0.00978097847689707,0.09376273109532612
2629,0.4231221854801426,0.029262056148953944,0.023397804335562603,0.07948024311367193,0.444737710921669
2630,0.08168169722235881,0.09266732394555521,0.5698803275889038,0.053038400447628246,0.20273225079555396
2631,0.4288047441479798,0.023663651006923875,0.11734600776527465,0.25105931546477683,0.17912628161504482
2632,0.8265018503185203,0.013511809128479789,0.10003373625649303,0.00822780697106191,0.051724797325445174
2633,0.006006207125368691,0.026221940935382944,0.5854271633971431,0.01959922313870384,0.3627454654034015
2634,0.3798572376273993,0.0038198828771776718,0.014319539736880655,0.5435388099360366,0.058464529822505794
2635,0.2766084700193241,0.03643426631271602,0.024439393622732224,0.50963678660338,0.15288108344184767
2636,0.9649254373389231,0.0050647664931674375,0.007504672078802491,0.0068499047032085396,0.01565521938589865
2637,0.16178153823089336,0.004154791519624901,0.021225292297619266,0.7610823315505281,0.05175604640133455
2638,0.9444207133493056,0.006433454034340284,0.010578219473484134,0.012199787866427841,0.026367825276442377
2639,0.6024456863487851,0.011438223632486814,0.006181037881702954,0.276443989799867,0.10349106233715817
2640,0.7806932001956498,0.003646935013619039,0.0012129205539765581,0.1671228475238716,0.04732409671288307
2641,0.33403949664507815,0.022671745383589105,0.00925059285257131,0.3821906842811555,0.25184748083760583
2642,0.010347703966362014,0.11668093590996632,0.1130569552650712,0.4846660189823155,0.27524838587628486
2643,0.01253225870490974,0.01678781703184984,0.10630440805659849,0.501743123401362,0.3626323928052799
2644,0.8907566453142475,0.03299754697841847,0.02134142887404237,0.022140475638467376,0.03276390319482428
2645,0.22243982446679791,0.006164652765192273,0.04968902940523378,0.5514145206590957,0.1702919727036804
2646,0.0007613984945163736,0.408919767107421,0.22921777918321296,0.0028239738871838286,0.3582770813276659
2647,0.0020653192972227767,0.33044826301100866,0.38125681087045615,0.0011670558793526033,0.2850625509419598
2648,0.019802140750685836,0.0684422095410405,0.7251357472521042,0.007858901911746879,0.17876100054442248
2649,0.8460131664599538,0.019177845984667197,0.0753455531311509,0.009677087876504007,0.049786346547724056
2650,0.007796283774780779,0.22062168579376304,0.235773910355021,0.0025867021278790617,0.5332214179485562
2651,0.9149722163902013,0.01670628284471751,0.014795104647258814,0.010097356464565341,0.04342903965325708
2652,0.0005789483661232921,0.29284917741320327,0.22027063891930987,0.0011389048337939885,0.4851623304675697
2653,0.7524517498381478,0.009594127288929458,0.0034217240357004345,0.18907640059900344,0.04545599823821892
2654,0.37822606542629855,0.0070034781737966295,0.020216848526555684,0.4470912405284069,0.1474623673449423
2655,8.004148997280838e-05,0.1489674602707524,0.16911744491518999,0.0009088025541236028,0.6809262507699612
2656,0.16156236702180246,0.007690015557838829,0.04536375905276246,0.5727393311075099,0.21264452726008656
2657,0.5208472161480991,0.008075836233305567,0.004434004757348114,0.277135608395054,0.1895073344661932
2658,0.05502662494650232,0.01352014484723277,0.026920430991087454,0.21761792420563184,0.6869148750095456
2659,4.14321406088387e-05,0.7917621705048156,0.07754132587250082,0.00012532609928891364,0.13052974538278594
2660,0.24283720514654397,0.03563756020014747,0.07344549731644963,0.3473255744601108,0.3007541628767481
2661,0.04959609756426589,0.024751268204328665,0.02273978549031779,0.23469374879034144,0.6682190999507462
2662,0.9487121281544506,0.012804616514719263,0.010910577299824462,0.005181272404766429,0.022391405626239386
2663,0.25895950670445717,0.0040659511274119785,0.01977314141142669,0.5615097771125007,0.15569162364420353
2664,0.3635937817817662,0.007250349770746589,0.008445706009583982,0.38103054589583124,0.23967961654207195
2665,0.3972797082502811,0.007099582466276307,0.01947361698067578,0.3353706765186394,0.2407764157841273
2666,0.4049205078698228,0.007314581802015122,0.017476315272841585,0.3830010132861169,0.18728758176920338
2667,0.20528413559888367,0.006587143773588279,0.030422617907237035,0.6384614037109367,0.11924469900935446
2668,0.4710157734805641,0.006615106069154498,0.01018906151974767,0.4268298584888615,0.08535020044167224
2669,0.16041184267979872,0.005523831319540026,0.02146326798343102,0.6218128127875593,0.19078824522967103
2670,0.41049556297924705,0.02218374833720043,0.06856063927263653,0.2069808771124508,0.29177917229846523
2671,0.1888042461848299,0.18407214334711272,0.1462678210018505,0.09039548309576638,0.3904603063704404
2672,0.41437234803179646,0.027772845132636087,0.1352093647454205,0.17588866840700004,0.24675677368314688
2673,0.1594124418011461,0.005143576838781756,0.0263015959817525,0.6031130242993293,0.20602936107899036
2674,0.4744371938462964,0.0036005069006386113,0.004588037076353056,0.36754328636868133,0.14983097580803054
2675,0.31881975743878965,0.07949322084771823,0.49898603403108405,0.006401070724537734,0.09629991695787024
2676,0.027321992121157802,0.5470602588530379,0.3671281843499858,0.0005396003419096511,0.05794996433390901
2677,0.5506924694927897,0.025938602486466164,0.2395825129066317,0.04441882957337741,0.139367585540735
2678,0.0005190323953889705,0.22595037063708184,0.26319571428835153,0.0033804174070121624,0.5069544652721656
2679,0.1962613684397866,0.0027278447796522686,0.023345205504161293,0.7326925382586585,0.04497304301774135
2680,0.0032651517194860384,0.3058767465966671,0.5675148463017183,0.0036503083738388007,0.1196929470082896
2681,0.0002485964592518063,0.3989451901821217,0.16111944244490603,0.0007481172517671815,0.43893865366195334
2682,0.016236553352765005,0.037108692971217085,0.6673497940030374,0.04993964534910164,0.22936531432387894
2683,0.9607280894726407,0.00588808024487632,0.007672860030052906,0.013460475043568614,0.012250495208861475
2684,0.505450086884936,0.009525902709360315,0.006014907370707643,0.3404218080093694,0.1385872950256267
2685,0.1815560731182644,0.003713112476976101,0.04793897247596609,0.5586847224654292,0.20810711946336405
2686,0.022860362845517013,0.009279466599257316,0.03831796351108187,0.2697056348996092,0.6598365721445345
2687,0.3615664688690619,0.009551664283655946,0.01719038902697974,0.560815625090194,0.05087585273010827
2688,0.294544384680335,0.13602103458976156,0.18116717072870903,0.2806596498449202,0.1076077601562742
2689,0.34081179570699965,0.03364272507932764,0.12393843383019072,0.35070770629909026,0.15089933908439176
2690,0.005193200577530305,0.3650680257832712,0.5253293258404922,0.005918581526321017,0.09849086627238522
2691,0.0025745490607342403,0.14494814126771197,0.02452107980110862,0.039695782459291194,0.788260447411154
2692,0.3245711180469401,0.0149939530618966,0.004522807877863401,0.3570949712513937,0.2988171497619061
2693,0.3598126700746743,0.0041419713339817706,0.018901391246741683,0.5324146974949424,0.08472926984965988
2694,0.0904171469460732,0.19558466354798262,0.09434726422243589,0.05831168184992772,0.5613392434335805
2695,0.19548398477031548,0.008580382086936622,0.04599199457479119,0.48284384820234705,0.2670997903656096
2696,0.00022833698390630565,0.2533806704880487,0.1908801387433699,0.0012165839750459281,0.5542942698096291
2697,0.7119545174075478,0.025486672253185377,0.03628250543412466,0.06640671922874294,0.15986958567639922
2698,0.8359678230129413,0.06133863907276851,0.04162387587367586,0.011066697443873796,0.05000296459674052
2699,0.19657676652827907,0.13221074719765177,0.25925233921384033,0.016890086131262534,0.3950700609289661
2700,0.0015886908154852805,0.07055179835162913,0.14546351055275206,0.0008826554107123967,0.7815133448694211
2701,0.8556779172372377,0.024572061646299957,0.026720193250827487,0.019014415642565164,0.07401541222306968
2702,0.5603709145203842,0.021982997708686385,0.04926630161272697,0.2934083585484691,0.07497142760973347
2703,0.5181595992326188,0.007521564007427964,0.008231931043827658,0.40472513695622647,0.06136176875989899
2704,0.0035432841355836947,0.025649005716483427,0.6723970052634181,0.011544499957714255,0.28686620492680065
2705,0.0001628078851942812,0.2558925870864941,0.14562702034823596,0.0009478711424410587,0.5973697135376346
2706,0.2874801274473157,0.009172188188813563,0.012417044916253906,0.5233044068873323,0.16762623256028453
2707,0.28912120543551695,0.006206089069433935,0.02508811103956083,0.44534511556221357,0.2342394788932746
2708,0.15073732133080545,0.011162907697659912,0.051404255408467645,0.6701262558124274,0.11656925975063971
2709,0.0007258016664819356,0.09620482747262209,0.12376669993259581,0.0009040143698015313,0.7783986565584986
2710,0.1984304696567874,0.0062692425149555794,0.022911436980227573,0.732058919504759,0.040329931343270356
2711,0.16385124197234516,0.009015677622352936,0.01973663182326049,0.6112269074187197,0.1961695411633218
2712,0.007849445593371295,0.015133735906726621,0.14967076129335555,0.5107892218321164,0.3165568353744301
2713,0.4258585664442996,0.013717362303954182,0.006430219726631651,0.5159123047224472,0.03808154680266739
2714,0.988560647459436,0.0017610134577795138,0.002508407743736139,0.003023245957964582,0.004146685381084006
2715,0.0001720386163538859,0.7504941635970984,0.0702738330658745,0.00037703787679593267,0.1786829268438774
2716,0.9250474076938816,0.0048743494429232806,0.008893193862623225,0.04601713035068096,0.015167918649891025
2717,0.5886236312489528,0.005941400716680761,0.01034855452198704,0.3243301849560437,0.0707562285563356
2718,0.3949502825664502,0.0022666481713660095,0.0346699487255481,0.4843810959309359,0.0837320246056997
2719,0.8765131019801852,0.05785137020872732,0.019270809093501,0.017521736887343334,0.02884298183024315
2720,0.8135455374693322,0.013311534119667564,0.008497627203184047,0.025334745192991462,0.1393105560148246
2721,0.013763039056018946,0.018917901332620973,0.05275846286144427,0.6825569251358619,0.23200367161405386
2722,0.546338901881729,0.005153019425628945,0.0036087165999723458,0.40903610160111026,0.03586326049155949
2723,0.003444888088893744,0.22101420139904454,0.3079049083283741,0.003992386900340356,0.46364361528334735
2724,0.09815046007140309,0.03733170481802023,0.3686504946014008,0.15698818254233815,0.33887915796683776
2725,0.0016891029191955656,0.44896646743014945,0.10513805626869513,0.005361993370958551,0.4388443800110014
2726,0.37066523976367416,0.007470588501624582,0.0070299356410197964,0.5565134181607676,0.05832081793291388
2727,0.4855446831668603,0.008018998740263818,0.008395857580635685,0.17715484247894023,0.32088561803330007
2728,0.015985088758602505,0.06849267743117186,0.06511490056256318,0.021227060382777527,0.8291802728648848
2729,0.6589754444087049,0.021611777766368842,0.030820422321402127,0.22476932534721714,0.06382303015630691
2730,0.7997159989407978,0.02043148473685829,0.016767724757875548,0.04126128737186137,0.12182350419260696
2731,0.9247093562599917,0.01063772047227447,0.01277578997632584,0.015597047866820403,0.03628008542458773
2732,0.09750728740540865,0.25518999741215487,0.23110579948598936,0.00773599892258334,0.4084609167738639
2733,0.04271185178141453,0.48063719804562544,0.4143275774442846,0.0013741345829451433,0.060949238145730375
2734,0.30434597937819285,0.031741525461560206,0.09118196193627431,0.49463536863068414,0.07809516459328851
2735,0.4871571111902601,0.005366648411366862,0.009640958103051763,0.1430193340530519,0.3548159482422694
2736,0.17914759214260748,0.0077997925696889564,0.02886905667001317,0.5480544597031731,0.2361290989145174
2737,0.3281139409271048,0.026104585855342612,0.13020208861799384,0.15587374496112993,0.3597056396384288
2738,0.31681594992427403,0.006633246257516493,0.026720005426202693,0.5672732360938918,0.08255756229811508
2739,0.004754707311326208,0.04629822461614651,0.7481002748604141,0.028664730233906487,0.17218206297820648
2740,0.2536776651408484,0.03951434146500028,0.10029514380593547,0.1778659983876978,0.42864685120051804
2741,0.3784082946053538,0.029158044955091188,0.09096375343204224,0.46696109751819165,0.034508809489321036
2742,0.017915577009531843,0.4708490186467266,0.2406663569064538,0.03420808447296291,0.23636096296432488
2743,0.5790709586085803,0.013352038265500472,0.03610775946855907,0.11860623155515797,0.2528630121022021
2744,0.005415394015512997,0.33300519046107474,0.5316811742256923,0.004094327459781355,0.1258039138379385
2745,0.9258105280195714,0.03161459382392397,0.013461662907767366,0.01063451434416591,0.018478700904571294
2746,0.1715281047844918,0.013730419382872982,0.0403258469951644,0.6578900165453995,0.11652561229207133
2747,0.4196675541896223,0.0033141019844502885,0.017742798370025892,0.38276871219948233,0.1765068332564191
2748,0.34278093156141265,0.0068142089736114905,0.025843847437045667,0.4741062567394383,0.15045475528849175
2749,0.3230885870198226,0.0796577473572785,0.08433949762770261,0.32036772850674894,0.19254643948844735
2750,0.13232916551596083,0.007414113138938597,0.04488301589238661,0.65274162462441,0.1626320808283041
2751,0.257924301215343,0.009579671337905849,0.015352058913620875,0.42447021073662283,0.29267375779650745
2752,0.5773674196898605,0.02108845130717377,0.008151400927778964,0.21096292564412247,0.1824298024310643
2753,0.5825170520544588,0.009059876212303626,0.011425280204649474,0.32425354265323963,0.07274424887534836
2754,0.28852962665008197,0.03871152443691286,0.06667733176639674,0.4243669982994181,0.18171451884719034
2755,0.016926538271942296,0.02453300176244146,0.06179073106250168,0.5187162045856476,0.37803352431746706
2756,0.016224589927041486,0.18873896676652682,0.6062389209741075,0.001348085164504303,0.18744943716782
2757,0.30529663683614483,0.0065174863280191685,0.02031317036669893,0.5145265547844061,0.15334615168473087
2758,0.018395668203389007,0.025490532354990932,0.5303710558967474,0.007589780809208643,0.4181529627356639
2759,0.00986857635031437,0.02931777872556726,0.13999452153478678,0.3759792599931548,0.44483986339617687
2760,0.01922337536441955,0.14068202269420316,0.24938455755364586,0.11368431083313357,0.47702573355459793
2761,0.5023447600950148,0.05769526161816225,0.08639034372897822,0.127539479563345,0.22603015499449963
2762,0.5778283244543181,0.003951382767579131,0.00947070315823986,0.3701638308517883,0.03858575876807473
2763,0.5748786221614145,0.0050209320997598745,0.020815910189297373,0.3583896204700432,0.04089491507948516
2764,0.5883898314918503,0.20512450018284226,0.15947850537466973,0.0025804690916991268,0.04442669385893857
2765,0.03855849704769076,0.031369929443959464,0.04809681670754386,0.02570656259618635,0.8562681942046195
2766,0.2146316802944878,0.013425115371188562,0.016341144531943252,0.5695907423733432,0.18601131742903726
2767,0.8152492781616254,0.023635638065983473,0.02566119213992737,0.022046807937695652,0.11340708369476808
2768,0.8581861664292153,0.0498211029762119,0.032311795028536344,0.013916474786889257,0.04576446077914706
2769,0.2631266427312065,0.20347297056493047,0.0929405175455703,0.27600473569689876,0.16445513346139393
2770,0.0047107762315639875,0.019537911083667668,0.07521359626765718,0.7058329172837751,0.194704799133336
2771,0.3516325399755982,0.006052927966229251,0.026374068073493333,0.4198987310632722,0.19604173292140706
2772,0.03189843919753193,0.00742465708461265,0.08947101245916891,0.7330815157789938,0.1381243754796927
2773,0.9380981832755122,0.009798154019167584,0.009584753265228747,0.008719430592810705,0.033799478847280844
2774,0.00038700061552034517,0.30956961484063206,0.224959941544943,0.003432021994575538,0.46165142100432915
2775,0.017581004609160067,0.3232487461312159,0.5516846001668775,0.001724790798784359,0.10576085829396227
2776,0.29958021911614446,0.002968699194835428,0.019657029826769375,0.47607045831997397,0.20172359354227673
2777,0.012789352410414935,0.2742060685365667,0.6049296699704839,0.0040761504356246125,0.1039987586469099
2778,0.7626847623124585,0.010737774510446649,0.14159451594407488,0.029344082954947625,0.05563886427807231
2779,0.02315371983846837,0.015147644901617848,0.06184794797943238,0.8154046480441187,0.08444603923636257
2780,0.2912118608135583,0.004222149143229382,0.026561956232815216,0.5107793004275977,0.1672247333827994
2781,0.01589285533359412,0.011797176464071009,0.07473787847384494,0.7724330943025999,0.1251389954258902
2782,0.7353455266559268,0.011259822483156998,0.005341224676003365,0.1626540678999031,0.08539935828500983
2783,0.5787058840836456,0.02973741566919818,0.04997586103437117,0.156864651779792,0.18471618743299303
2784,0.8772940835059441,0.010380029453357304,0.0026543822509207306,0.02791705864056471,0.08175444614921301
2785,0.25907794506212617,0.09685617914525664,0.08401312652641531,0.3443119245566964,0.21574082470950542
2786,0.8219526097009924,0.01953740973731847,0.09484428452959455,0.012181428602421034,0.05148426742967356
2787,0.5882638440767205,0.04323507300556383,0.026437905654777247,0.07931798940965114,0.2627451878532872
2788,0.013708808167219772,0.06528413089430873,0.586878563224245,0.007928763491612277,0.3261997342226141
2789,0.00046340182788350004,0.17145638213361175,0.18181043336638333,0.0009901627740114681,0.64527961989811
2790,0.24173462184399447,0.06966347357912599,0.1962829540375113,0.015483450192790156,0.47683550034657807
2791,0.964005567038169,0.00327573565624666,0.008139309352838896,0.011493373620194104,0.013086014332551297
2792,0.9616181992494399,0.006939891928614849,0.006703270679703142,0.011580003016235617,0.013158635126006403
2793,0.18299413172062784,0.051357075542050254,0.0446497902912217,0.527899575054272,0.19309942739182825
2794,0.011289913311305473,0.025332961417191952,0.0737933717056311,0.4676081627653485,0.42197559080052294
2795,0.7936649899699767,0.08040151201397833,0.03732500829823575,0.03475937655748959,0.05384911316031968
2796,0.15041644158331954,0.005320985996230779,0.013015520788988487,0.6242268532440802,0.20702019838738103
2797,0.39588408192515784,0.012387680085514174,0.008533180504626588,0.21078531833842146,0.3724097391462799
2798,0.1446882763768619,0.006760075724964652,0.026088365927597463,0.6654084004672461,0.15705488150332977
2799,0.19051961972710862,0.006549155226429807,0.052591857019660466,0.58506681616763,0.16527255185917103
2800,0.5953071657320727,0.004814256237846007,0.008126111139550947,0.2797297202556527,0.11202274663487774
2801,0.28108191777520336,0.038908750660638404,0.09027062133726767,0.24309609460465648,0.34664261562223414
2802,0.4971424021461197,0.005704617505708995,0.013402600360275074,0.3407294501147407,0.14302092987315557
2803,0.1589110286595095,0.00682217429980547,0.013834666804007188,0.599872228228291,0.22055990200838693
2804,0.21398695545766083,0.08115273187030195,0.10241436330994969,0.43244117193106224,0.1700047774310253
2805,0.34193968596066043,0.012667690757389188,0.01456561674372715,0.24899755436198878,0.3818294521762345
2806,0.03919922127271735,0.5361549546372649,0.3542209361230162,0.001532859021274739,0.06889202894572681
2807,0.04484861745206565,0.08436929854840679,0.08827813237182369,0.03556912403868535,0.7469348275890185
2808,0.6217584963096071,0.006552174878072373,0.004134498228724067,0.15165552029186682,0.21589931029172968
2809,0.39433887738889645,0.009523170061116432,0.00655991140070845,0.5102785459809389,0.0792994951683397
2810,0.1213833590862854,0.007296778019026385,0.06361029897902472,0.5682820409597144,0.2394275229559491
2811,0.3613244307697272,0.005331264509501311,0.01264364804227181,0.5928435121987935,0.027857144479706195
2812,0.0032890790833287253,0.33660228214060023,0.5775564803004469,0.003062008065014878,0.07949015041060933
2813,0.784787429146939,0.11841963422353169,0.03408818853237876,0.01670525278888168,0.04599949530826888
2814,0.1825990429115283,0.013829243304529606,0.01872747540634797,0.6743477961060883,0.11049644227150578
2815,0.2563422315444359,0.0219820111748049,0.08288619323130363,0.37100174970121275,0.2677878143482428
2816,0.6717286774998424,0.11301470991418432,0.0130739001210522,0.014518858036062487,0.18766385442885866
2817,0.0008097833459085195,0.18155006191733924,0.1962715816263274,0.0008618288568461558,0.6205067442535787
2818,0.9221034167870846,0.01428387688119365,0.013718683822409762,0.014993490933402957,0.034900531575909124
2819,0.2117948996586733,0.0031270852733844387,0.029352010782742462,0.6188488880379437,0.1368771162472562
2820,0.9698172253584374,0.004225123062425544,0.005631974295096194,0.006127891381224718,0.014197785902816071
2821,0.11703493893797182,0.36953526879766413,0.23414983654622862,0.01520077432602409,0.2640791813921113
2822,0.20967492457039458,0.012293286699468494,0.03221587305215682,0.5634999676196629,0.18231594805831722
2823,0.00040059803172802933,0.3382236929710576,0.18332451495342486,0.0007960209273806545,0.47725517311640886
2824,0.3318462020050452,0.005081250564085092,0.019529848870379368,0.5904259536346584,0.053116744925832
2825,0.31442639879121476,0.013182369667613965,0.0577219429315777,0.47508783242142844,0.13958145618816534
2826,0.27795314303007723,0.004866458350776612,0.03410166425492166,0.4649445709147317,0.2181341634494928
2827,0.19385424117706077,0.003754327851595655,0.023370440392235976,0.6143270562529561,0.1646939343261514
2828,0.15849075329117931,0.010492567697391899,0.07181510102403525,0.5281129017446251,0.2310886762427684
2829,0.20904448610213966,0.010741042265749644,0.05376016942662241,0.6598694264144591,0.06658487579102923
2830,0.5144740319330916,0.11866466070672202,0.27803696502401987,0.012698251219718903,0.07612609111644764
2831,0.5016898812671206,0.008639629806784874,0.054948919960241975,0.3641220486569629,0.07059952030888983
2832,0.02354527533279392,0.02641531720734695,0.08295579650316917,0.5763043242324067,0.29077928672428327
2833,0.3166342550815481,0.038654918256940916,0.07661157853874885,0.2528172892718901,0.31528195885087207
2834,0.8150439526536664,0.09291708668560189,0.03540028183675612,0.014191503197428762,0.0424471756265469
2835,0.2792516537149152,0.006867639405791889,0.02254270056048851,0.5942141183682689,0.09712388795053553
2836,0.1675131073308092,0.00807627853818345,0.051168711771978265,0.5046787081291116,0.2685631942299174
2837,0.31438852491091257,0.01772629981115532,0.08859079260631245,0.3162760901984435,0.26301829247317626
2838,0.0041130327073466465,0.10774498796306761,0.7338680658157415,0.0075971517562391224,0.14667676175760505
2839,0.011682885426760194,0.06428008601239765,0.21083820099492603,0.05048772394182626,0.6627111036240899
2840,0.01316238494043326,0.015102299629415955,0.0594850389592067,0.6396732291393148,0.27257704733162924
2841,0.6037139500474001,0.0038628473541331594,0.010891459367581131,0.333679689224528,0.0478520540063577
2842,0.8396386812757113,0.07312630070628649,0.025640577406198992,0.019636050044188627,0.04195839056761471
2843,0.2585242681252168,0.009083613297824466,0.021761674849537782,0.6769161430868151,0.0337143006406059
2844,0.00017602549029676568,0.21383919680289315,0.19636694488180215,0.001281594560678714,0.5883362382643293
2845,0.2995331837601131,0.004342796243423645,0.02732095902647896,0.525374720756286,0.14342834021369827
2846,0.5524249436221379,0.008322522184325215,0.009671232334650857,0.27968706789328823,0.14989423396559787
2847,0.25219440060378545,0.00257395942006314,0.038821697627413505,0.5836775224952023,0.12273241985353556
2848,0.6941623530061106,0.0029357049225066595,0.004307337454946465,0.11000689894268646,0.18858770567374983
2849,0.043326830146115554,0.02242587639305143,0.02451999216732613,0.25636570472375686,0.65336159656975
2850,0.7213559777961168,0.04645825866225572,0.03540730024507506,0.07795835537623932,0.11882010792031314
2851,0.035284759489884146,0.021033784575406472,0.3338728940827987,0.41038275384998973,0.19942580800192097
2852,0.8572468994789412,0.028946472438885464,0.02410814158862793,0.02968679104817854,0.060011695445367136
2853,0.5131692557387677,0.012905469325118922,0.0336157144482002,0.07364998446602283,0.36665957602189037
2854,0.45037780892670853,0.0029303645046097992,0.009405065982544666,0.2622260245242566,0.2750607360618805
2855,0.8401566276277951,0.1257430339747833,0.01254732267871711,0.003483761785757065,0.018069253932947414
2856,0.9168271817444005,0.03785231311371728,0.016490257993062005,0.012318099366429577,0.016512147782390726
2857,0.4036516977847207,0.008114290302412048,0.01581465717230786,0.5049825034242585,0.06743685131630088
2858,0.6960911541874478,0.002089178209182643,0.0037479470741391134,0.1768007715514766,0.1212709489777539
2859,0.4871399032980444,0.03147917798483019,0.06996926934743342,0.21380849847904299,0.197603150890649
2860,0.3583505999983918,0.049042561386855234,0.043255893989062086,0.07593743288717826,0.4734135117385127
2861,0.00908159970876451,0.010295308554350454,0.13161156858284934,0.46539142398130895,0.3836200991727267
2862,0.0003641287634156605,0.2695065459615704,0.18603942654416003,0.0008638268752335777,0.5432260718556202
2863,0.01826662926838914,0.07120103242103745,0.5840093449757212,0.007931613667512319,0.31859137966733997
2864,0.9191875458546807,0.009769925612119678,0.012566905950228704,0.030722438698258334,0.027753183884712408
2865,0.6916963718145352,0.003335629744977967,0.01010680207507136,0.26804290700115185,0.026818289364263635
2866,0.003263246182158729,0.048211565849285265,0.028685077684124802,0.053236224666636356,0.8666038856177948
2867,8.606984143145982e-05,0.25096364785204084,0.40754463129625057,0.001372169738820708,0.34003348127145655
2868,0.48399601329083397,0.025371541508544128,0.07547051945122701,0.2866146855697826,0.12854724017961228
2869,0.5047432523583273,0.0846401654701083,0.2840013856556104,0.006165630102706075,0.12044956641324794
2870,0.25013043741677005,0.00575080598541298,0.034880852719203034,0.6084421614776745,0.10079574240093944
2871,0.8182395790038338,0.011549098810762274,0.017677063067746593,0.12316514760863385,0.029369111509023344
2872,0.2762276475552355,0.06010024726140739,0.04158333216251759,0.4273043847373882,0.19478438828345127
2873,0.37980582291462645,0.0014997533953437102,0.01984039305053237,0.5562140975499306,0.042639933089566956
2874,0.4293111952451486,0.046768256706065936,0.1470580758662365,0.17371908006114176,0.20314339212140722
2875,0.368499383738675,0.004140388359365513,0.020851827703497687,0.5288494103202456,0.07765898987821615
2876,0.004198948038812392,0.1320125365080678,0.04834248782676758,0.004062347849056445,0.8113836797772958
2877,0.018149418870271387,0.02597428828885111,0.08614548690919979,0.48893608520215526,0.38079472072952236
2878,0.004839648853350219,0.39422558920959794,0.4996814660205552,0.003810083042132561,0.09744321287436421
2879,0.3009893505494839,0.006229512949088114,0.031955147481190195,0.6117290513903961,0.04909693762984171
2880,0.000562106648699062,0.19786033246057955,0.45202741582748995,0.0011932561133717694,0.34835688894985967
2881,0.008656403607277235,0.05693036389626408,0.21098322436269795,0.06796394767820103,0.6554660604555598
2882,0.9645394502417597,0.0032561178238027745,0.00814381704522252,0.01096735329223611,0.013093261596978992
2883,0.3742384641991842,0.009602930130324915,0.02456250713394501,0.4963549992079581,0.09524109932858776
2884,0.3937160521038272,0.0069161089189836876,0.029929192110036994,0.5053717234148308,0.0640669234523213
2885,0.0024841472305098125,0.1475832061664284,0.21792644387461121,0.003004358009888874,0.6290018447185617
2886,0.44191255747148467,0.0034170103450267093,0.01752362665798416,0.317550421581847,0.21959638394365746
2887,0.0329003417766618,0.2925765674659566,0.043181991349743945,0.02499071564608608,0.6063503837615517
2888,0.147115433714825,0.003799813808152333,0.03928840344186399,0.5458016653447477,0.2639946836904109
2889,0.9468508469612081,0.01790681040248484,0.00910940392535971,0.005044899770472994,0.02108803894047432
2890,0.6162353720208217,0.002167790814683312,0.004456988274453132,0.09849141530443695,0.2786484335856048
2891,0.00015641103687339365,0.7394502628799149,0.0862664478957124,0.00015888058818902572,0.17396799759931034
2892,0.8557044594657541,0.011133134553521317,0.02257056040086666,0.014968685387388355,0.09562316019246955
2893,0.38825072456962995,0.005954650675411707,0.029504372815637104,0.5316206139914113,0.04466963794790996
2894,0.9446860758117616,0.005562611307475023,0.011248164707567704,0.006110193939510751,0.0323929542336847
2895,0.24743053830245226,0.05226409116037787,0.0835988359027794,0.3498982509529089,0.26680828368148146
2896,0.4140722236598229,0.005925777878398269,0.017701332182367153,0.3185493948094289,0.24375127146998277
2897,0.018795770599023518,0.39179801928793473,0.5064698727153476,0.0012189466914842098,0.08171739070620997
2898,0.4240023991311813,0.005501351559525198,0.014348561509218526,0.3720837292534061,0.18406395854666893
2899,0.42346072128578155,0.22615335211721174,0.02967071517611924,0.010602843239511184,0.31011236818137644
2900,0.5238734158392431,0.010036148643815794,0.005906667161810519,0.17656806886363294,0.2836156994914978
2901,0.314458690240946,0.08633738124353768,0.03183099690882921,0.040088899177056665,0.5272840324296304
2902,0.8922682350500227,0.0035602086669242997,0.003911060174286973,0.01540082491748014,0.08485967119128571
2903,0.003201680006627712,0.022218774535122814,0.6129146519098955,0.00998076263575223,0.3516841309126018
2904,0.47246730390207997,0.0034065870787140643,0.021350587410843086,0.4757767881221161,0.026998733486246738
2905,0.16803809372637918,0.02271789221378581,0.5779952365331579,0.1793097972246733,0.051938980302003966
2906,0.8999837823400768,0.04508314321082571,0.01867196498130175,0.01239516288752242,0.023865946580273287
2907,0.3427386613125912,0.006100473936819276,0.031098841333808722,0.4304869154473539,0.18957510796942692
2908,0.25422954982042295,0.05546221675143424,0.08782234012472882,0.3569364063666405,0.24554948693677353
2909,0.4365019018432764,0.009032240459720725,0.01384837243765701,0.4488453395502755,0.09177214570907033
2910,0.5075067580225894,0.12261098772234157,0.15100535493096542,0.023872544603658025,0.19500435472044558
2911,0.24444323515855285,0.006665995633922984,0.04270376678368354,0.4755466949656141,0.23064030745822667
2912,0.9589413355807517,0.007331358519731617,0.008290586874909031,0.013262104800227697,0.012174614224380145
2913,0.5450180197444304,0.08343252775028208,0.014261657331339538,0.1304296083501987,0.22685818682374928
2914,0.4219539042454046,0.008544456323988148,0.007983858046682623,0.2905140768302507,0.2710037045536739
2915,0.4514471230691168,0.0028324036860097467,0.016538722533902758,0.4811174604460451,0.04806429026492545
2916,0.02576490360743942,0.022423788778838445,0.028925288091492606,0.5770322033667398,0.34585381615548977
2917,0.026256182750908633,0.04320317008565481,0.4645008295078065,0.1257757014271481,0.34026411622848196
2918,0.4980806856377953,0.022187547941047776,0.04070633149142813,0.3542055192850101,0.08481991564471882
2919,0.12855977272030766,0.3506328369108796,0.18170436317944974,0.007666898370278415,0.3314361288190845
2920,0.23547388775213982,0.028844903952583604,0.10081860844029988,0.3735285754504217,0.26133402440455494
2921,0.27877226259994237,0.006039187103621135,0.02602994598852865,0.5748538419609167,0.11430476234699102
2922,0.23098128788931985,0.004472660373904186,0.023445682458455984,0.5950353756910283,0.14606499358729175
2923,0.1316164907466767,0.009957432773399139,0.04485368172490657,0.5952420975418885,0.2183302972131292
2924,0.1277870463667497,0.005993029307144531,0.019915135760514905,0.7105613003104329,0.13574348825515795
2925,0.6414016412423417,0.01803328687975423,0.04402728295675161,0.10120264960696339,0.19533513931418914
2926,0.005699375670713292,0.534324611680217,0.41068106552233313,0.0004431885541796614,0.04885175857255697
2927,0.23326917729628838,0.008947096190727272,0.0336217785636856,0.5177475046743495,0.20641444327494934
2928,0.7622546616574271,0.02156258708156571,0.14112224473319318,0.006765841619432765,0.06829466490838129
2929,0.01658130502887412,0.020114063848966954,0.13807278353120617,0.5494387010368899,0.275793146554063
2930,0.4698467269605471,0.016849020191882575,0.06387453070309893,0.10883422982394109,0.3405954923205304
2931,0.020100841184759865,0.04106069775332767,0.22944301930286223,0.10855909247475978,0.6008363492842904
2932,0.9717262710614318,0.005440379322542544,0.005209535252865119,0.006338249502689565,0.011285564860471
2933,0.3277055810978465,0.007919709771328344,0.007729796332690062,0.5463201228809725,0.11032478991716264
2934,0.1867385211379065,0.004536136590849335,0.03470422283729867,0.6310252274963595,0.142995891937586
2935,0.006014250254736439,0.031018244056065073,0.10909922680792192,0.5134654369009849,0.34040284198029164
2936,0.3284671276905539,0.003407417141082677,0.027361181582544285,0.576235036083387,0.06452923750243206
2937,0.09416171986362668,0.02828781390674406,0.02021990762676879,0.17266464429847553,0.684665914304385
2938,0.008036236347083009,0.035965296230334405,0.6052803332680774,0.007330610657163584,0.34338752349734153
2939,0.1510559072592883,0.00969735126404751,0.04999172397922616,0.5380949030701665,0.25116011442727154
2940,0.9669315628596405,0.005694566364962041,0.005515769715934978,0.007971312434701734,0.013886788624760806
2941,0.2962829230343168,0.03937955429720136,0.1177014894251572,0.3144038158487752,0.23223221739454947
2942,0.0033486794661279785,0.2248017881974178,0.24204502431920374,0.00312809880249063,0.5266764092147599
2943,0.23279657582088042,0.08481527176648546,0.08883651569928232,0.4748775641972887,0.11867407251606309
2944,0.23839532702564548,0.07102481272816041,0.0894065429355489,0.4594159152403332,0.14175740207031193
2945,0.8871524145900347,0.07182112704003563,0.013903960448184613,0.01162730234264953,0.01549519557909581
2946,0.2208210706114654,0.008460384159460977,0.02990506452941211,0.5037302461882147,0.23708323451144683
2947,0.37547541800760104,0.004762766374235776,0.0337257152442937,0.373470522348114,0.2125655780257554
2948,0.4967887667990329,0.006713056001365401,0.011534028626616026,0.45766056294363344,0.027303585629352256
2949,0.12741376658817632,0.18227931779975914,0.07745423696765101,0.08376222367763565,0.5290904549667779
2950,0.2808925631657474,0.01881717306640626,0.09538915757010859,0.33061821100986377,0.2742828951878739
2951,0.09750728740540865,0.25518999741215487,0.23110579948598936,0.00773599892258334,0.4084609167738639
2952,0.6436290584040284,0.00517822755477705,0.006720953555799776,0.14444008592279112,0.2000316745626037
2953,0.028228414922900524,0.0913093006285439,0.09522428833516666,0.054218985740856776,0.7310190103725321
2954,0.21980886990861082,0.005419192728198471,0.03884223119491239,0.6823349044523306,0.0535948017159477
2955,0.7757524617382285,0.046589578782972374,0.04740564843886103,0.03365656471807156,0.09659574632186636
2956,0.022691432933998487,0.027814901408774077,0.10904634323941308,0.6921873458947547,0.1482599765230597
2957,0.1547577821109194,0.04594134539073187,0.0010286554911551498,0.03668931559563191,0.7615829014115616
2958,0.29792689060661903,0.008935865557176384,0.04608782139867203,0.37255166106739745,0.27449776137013515
2959,0.017515244081371218,0.041154880341815775,0.052306644361555216,0.2184367673111988,0.6705864639040591
2960,0.2820626828957419,0.007524923769006445,0.04050530039211809,0.5341051346384935,0.13580195830464012
2961,0.0951248134457239,0.19655376914751696,0.019133812352885596,0.24453682169177632,0.44465078336209723
2962,0.21884091438634803,0.006830921928465388,0.0362185096311113,0.6839344838283817,0.0541751702256934
2963,0.36630681063842435,0.032254578183768666,0.028785574220353716,0.028505137409915338,0.544147899547538
2964,0.009853069267067709,0.021462561699591723,0.0862956181847724,0.7280220048016401,0.15436674604692813
2965,0.0002680208149269889,0.40219112633802395,0.1429149392991903,0.0004728426466798843,0.4541530709011788
2966,0.9019961822403256,0.01580307540340681,0.05976152251723682,0.005607487202354016,0.01683173263667689
2967,0.028197935270757778,0.17494526159531662,0.16777224297101842,0.2112754699412578,0.41780909022164947
2968,0.2629498896519964,0.023753979497247307,0.03634733175400223,0.48434691014945047,0.19260188894730365
2969,0.6895641066959907,0.007031081622647723,0.006056362118795871,0.1829456656828832,0.11440278387968254
2970,0.3544781216837705,0.016621048634148063,0.004958711411531186,0.42806092581064126,0.19588119245990898
2971,0.04821094549950023,0.46561926293749717,0.22441277495157258,0.007154828693366806,0.2546021879180634
2972,0.009449699132903026,0.015697139505774026,0.13405237612781978,0.3933346931278121,0.44746609210569094
2973,0.9737418409835582,0.004209209344523336,0.004879752566586963,0.010508046935154974,0.006661150170176586
2974,0.00375144226963871,0.05017238049864135,0.6030483845653494,0.024582613495612922,0.3184451791707577
2975,0.149138172171633,0.008639548280616348,0.04307361926933725,0.602902636253176,0.19624602402523747
2976,0.2115108966186784,0.049978165269409645,0.1284921717379542,0.10671309966549448,0.5033056667084632
2977,0.21769067381796167,0.00729256463381034,0.0501944739883076,0.536852422951076,0.18796986460884452
2978,0.31966767711766886,0.009441443753855685,0.02600553215560911,0.42431546449401475,0.2205698824788516
2979,0.0005174676935047279,0.14170468525716465,0.16795759309977754,0.0008574676127148473,0.6889627863368383
2980,0.9720959072452834,0.005445397281222871,0.005952591523655299,0.007121243763521525,0.009384860186317068
2981,0.566069517622852,0.12847823049657653,0.20795350538126173,0.009608912135790185,0.08788983436351958
2982,0.23890037950892787,0.006782299835257995,0.03418306343977306,0.5434713383469213,0.17666291886911975
2983,0.023449371198884763,0.02679924082994613,0.5153077465951451,0.007079969534174288,0.42736367184184965
2984,0.2940345497135408,0.005144738359957235,0.02287037826160674,0.6474005098259413,0.030549823838953778
2985,0.31839838209759797,0.025350090831157857,0.020500689892540884,0.030703279511232414,0.6050475576674709
2986,0.27562024036774824,0.04130020148830585,0.03075668183453695,0.4970739109633007,0.1552489653461082
2987,0.17170642213200168,0.011770570256846026,0.033711883162928176,0.5954712408417845,0.18733988360643955
2988,0.001975882591996436,0.24707098657860374,0.18344456578103369,0.0023786618553865934,0.5651299031929795
2989,0.2717884536748486,0.06217120920057971,0.09079323907777079,0.39678082485806776,0.17846627318873315
2990,0.2751944829614203,0.02931518009346918,0.41799213799515117,0.14535126149386574,0.13214693745609354
2991,0.8046151821118709,0.01168940991492077,0.03268391681905609,0.027638043449747123,0.12337344770440498
2992,0.26247104004966315,0.004289408899531835,0.020754983219546705,0.5063617038798961,0.20612286395136226
2993,0.5612549360883456,0.030698576599786486,0.06027145928728206,0.1604020039517258,0.18737302407286008
2994,0.803223372786601,0.007187908335437842,0.021616384265288044,0.1305582930806655,0.03741404153200766
2995,0.006144887033955846,0.01705752982091706,0.08540259325127632,0.7237824835225523,0.16761250637129838
2996,0.5327110861281148,0.018131667239811737,0.04883252787799137,0.13385621086693755,0.26646850788714443
2997,0.4823979531477391,0.0027494818353729043,0.009515665480713621,0.446840992019292,0.058495907516882224
2998,0.35272331582599437,0.0031535309507902004,0.0364507509145314,0.4533854589862339,0.15428694332245013
2999,0.4263993800754265,0.004960330194246005,0.025215385411264016,0.48546857426535683,0.057956330053706685
3000,0.20678890700146363,0.005469663239247498,0.024675898312249225,0.5535487415961081,0.20951678985093156
3001,0.8939940073959677,0.03835194665980516,0.018658219856852704,0.01679840046127836,0.032197425626095906
3002,0.3195702020297376,0.021511780415575596,0.017288107145920807,0.6129152853251014,0.028714625083664475
3003,0.19405070424032478,0.005882019793905711,0.035706456208859476,0.5004031269736204,0.26395769278328957
3004,0.2749673427692847,0.1257608343484829,0.22730522088156607,0.2242617919362016,0.14770481006446476
3005,0.8948277258654083,0.054228011743997766,0.01688100630649688,0.014073474200793322,0.019989781883303772
3006,0.000533800958406624,0.11591328790152167,0.15957714494209743,0.0009739466862368029,0.7230018195117375
3007,0.5025387316570256,0.011715736169223012,0.006103237274465028,0.17848082533463308,0.3011614695646533
3008,0.3436508074657269,0.01852074351784242,0.028829181983129604,0.4534094081475882,0.15558985888571297
3009,0.005112313430996742,0.23893313869693827,0.3217968307250816,0.002952764232894743,0.4312049529140885
3010,0.9859197860363037,0.0037432455796596845,0.0025616607788355767,0.004317049058089071,0.0034582585471117405
3011,0.9104188305762776,0.012629758178917172,0.014144020245495836,0.023466966370795667,0.039340424628513684
3012,0.3482761372740658,0.011669819731598348,0.03202518405940182,0.4543121186049212,0.1537167403300128
3013,0.010783784987300222,0.19601269698156956,0.43310662325846816,0.17063005464934294,0.189466840123319
3014,0.0006630782470622784,0.21436681080954595,0.6823643163778074,0.005863924440430219,0.09674187012515417
3015,0.4469173905769519,0.09218445419209077,0.16883016843697615,0.05000187726145256,0.2420661095325287
3016,0.00016619947365091996,0.1041954559348026,0.19468798604952234,0.0020791602269660575,0.6988711983150581
3017,0.4696453077921913,0.004270139933137784,0.016566657410192392,0.4162258621464082,0.09329203271807017
3018,0.41704472461805775,0.00420447113845032,0.012887256366454996,0.48874087433938684,0.07712267353765018
3019,0.28084160365230065,0.06648292324570705,0.1539412569397068,0.3826515248651301,0.11608269129715536
3020,0.22720646982218315,0.0038835074724657514,0.03717527207263066,0.5303284384352199,0.2014063121975005
3021,0.8559520183128693,0.008762269082590401,0.09910639591991979,0.004966192548882524,0.03121312413573803
3022,0.500786187714541,0.005321957944221505,0.008538167674195744,0.3995472117253208,0.08580647494172085
3023,0.30271962806128244,0.006629441173356389,0.02876877730917538,0.3913682603891469,0.2705138930670389
3024,0.8771507621321376,0.02125778709272837,0.022738054098805777,0.018156624164800707,0.06069677251152757
3025,0.940099902699359,0.006882757526836241,0.012996019878438906,0.009437791666862837,0.03058352822850295
3026,0.08207238939473739,0.4360558880238553,0.21356443176668014,0.008344273684822429,0.2599630171299047
3027,0.10069125995755968,0.0052707248550363595,0.018590709577789924,0.7626205794450188,0.11282672616459519
3028,0.37245735886157944,0.0029450713716087486,0.011330808875706238,0.5404996095523275,0.07276715133877819
3029,0.016984373683215016,0.020593160178970102,0.14073746374665455,0.6706538553168867,0.1510311470742737
3030,0.5186231872757232,0.018783998378212062,0.03399195054272777,0.35308168921350314,0.07551917458983384
3031,0.28201460173698123,0.009732719077980014,0.04625287092150072,0.4436062911710371,0.21839351709250096
3032,0.6191373220232058,0.01752346039726693,0.031149250005999107,0.247264474245593,0.0849254933279351
3033,0.5261473337007387,0.035911301443187736,0.09440055477837943,0.14055375390952823,0.20298705616816592
3034,0.016607594881652508,0.02873702723373092,0.0399381742043494,0.24708767645341087,0.6676295272268563
3035,0.25198426876913366,0.005155842794468331,0.0375015282200463,0.4800128814331084,0.2253454787832433
3036,0.0004203312691485985,0.11743230102008315,0.10770827921387413,0.0009344885100765259,0.7735045999868176
3037,0.11647317296617993,0.005252641553120151,0.018639333131305183,0.7041386013258268,0.15549625102356796
3038,0.0035799091552096533,0.43188026851668265,0.4681251160757251,0.0034021823991871565,0.0930125238531954
3039,0.21780717877842487,0.006146245873080602,0.029242679008066572,0.5254997974490804,0.2213040988913476
3040,0.0003117070068326437,0.6777739001216442,0.10513397479486444,0.00020649053886148268,0.21657392753779736
3041,0.6515668739427448,0.004861423818450293,0.0036014186666381578,0.11996226783033286,0.22000801574183393
3042,0.20228859404935495,0.005652043464190368,0.030131277515879906,0.5480294158760168,0.21389866909455804
3043,0.8613926360225617,0.02696199636722179,0.023682573802813696,0.021092051092791667,0.06687074271461127
3044,0.7369566802671286,0.044013593956731635,0.013553985268608976,0.029100318929645735,0.17637542157788497
3045,0.9702983747347518,0.005428317317009613,0.0070382397659417015,0.0035358811438241404,0.013699187038472525
3046,0.1012924380394599,0.60114904705656,0.12760662224965888,0.005073785761606681,0.1648781068927144
3047,0.004703053178675432,0.3505725145744713,0.5257703011918692,0.0036221051808744665,0.11533202587410958
3048,0.0009020902511954091,0.34867650383656007,0.19858157972504648,0.0010049485423332376,0.4508348776448647
3049,0.08137144369397346,0.03733040478831973,0.059882737321428285,0.03365341690674693,0.7877619972895316
3050,0.020480942126627193,0.0379578706464673,0.10842223331341022,0.6918807525497149,0.14125820136378042
3051,0.14778632222976998,0.004159505221541146,0.03130157297662873,0.5902392293440966,0.22651337022796367
3052,0.16342361215180784,0.00823261966849934,0.03395048442246552,0.6230573090293708,0.17133597472785644
3053,0.8853282561353557,0.05682462645619832,0.021737591491509105,0.015464606422960683,0.020644919493976083
3054,0.977384112453262,0.004229142458668281,0.003620057994159202,0.008418495144358978,0.006348191949551646
3055,0.1395987945591427,0.051198456378444834,0.04514958674178014,0.5962366500166358,0.16781651230399647
3056,0.29690380514522385,0.006870825294730331,0.01883721781552445,0.5456747549548987,0.13171339678962254
3057,0.6598807954129425,0.005920376172947823,0.0033281255459912205,0.2522819398545897,0.0785887630135289
3058,0.9474598229264775,0.012554083904755427,0.0122742351099868,0.00987899946186184,0.0178328585969187
3059,0.02067783054549067,0.5010675079173086,0.37831503941561245,0.0016371240712060506,0.09830249805038213
3060,0.041957535074739274,0.6071502319107037,0.06028862722435038,0.002317227009790239,0.2882863787804163
3061,0.023734100846548655,0.018546776968725438,0.10604163276645422,0.4657557356455399,0.38592175377273175
3062,0.7384189090904475,0.019929831480004292,0.034125172731798104,0.05823710560223481,0.14928898109551517
3063,0.157519244866398,0.012454222339988719,0.04987854370023276,0.5918408459317673,0.18830714316161323
3064,0.835853171721571,0.009239509155082657,0.0006905163434218998,0.10477077003429805,0.04944603274562635
3065,0.9595509108831644,0.01055161830957266,0.0076855949402404354,0.011468568381595046,0.010743307485427636
3066,0.9398397551928417,0.010933128520127925,0.009586138485642557,0.017269099475658252,0.022371878325729542
3067,0.13672699089907972,0.006323904502830101,0.043410133469897985,0.5643808759063261,0.249158095221866
3068,0.00019617931907625795,0.49776526600392296,0.02265960925427542,0.00012655067181412922,0.47925239475091136
3069,0.002476089010635623,0.2313488378817445,0.5324899049504364,0.0030830364956330545,0.2306021316615505
3070,0.0057855763516323445,0.4221739899128274,0.4987183944897483,0.005056323249679556,0.06826571599611249
3071,0.3097252938433158,0.20238568805437546,0.0345015867268747,0.06803505453305857,0.38535237684237555
3072,0.5089645510341395,0.0035019097018072726,0.0050278075516565005,0.30206534621520753,0.1804403854971892
3073,0.465046607004844,0.003571871928423297,0.00595041060502742,0.2991456296423104,0.22628548081939498
3074,0.0028121934987289806,0.2855454725649054,0.5928157153767241,0.0022949155571819336,0.11653170300245973
3075,0.6707022838861083,0.010973112259642096,0.01282188145721185,0.017035359434363035,0.2884673629626747
3076,0.41203438030480904,0.00451032032845874,0.0139728597461639,0.5400962554041414,0.029386184216426938
3077,0.4782860243143786,0.11055718385860325,0.2983649462832783,0.010750833724423831,0.10204101181931598
3078,0.5076940406727235,0.00880188052802013,0.00602145294261693,0.19078332375014034,0.28669930210649913
3079,0.3495294679069029,0.0063151572842431395,0.028870100446853335,0.39154630526660306,0.2237389690953976
3080,0.5620915739198817,0.0047455177455831615,0.010397460546167974,0.26637882731700113,0.15638662047136612
3081,0.38193531906908873,0.004906172799516982,0.02202186666189136,0.5004651724835167,0.09067146898598617
3082,0.50458999348148,0.042342704871063515,0.08962347386278546,0.11453714842435175,0.24890667936031924
3083,0.599642274235997,0.009347238305260925,0.0070781631606989396,0.13711404128281768,0.24681828301522543
3084,0.44510269526988394,0.005014500118735387,0.028707339066568943,0.32237881236583005,0.1987966531789818
3085,0.0017546820398420856,0.6626609216130169,0.06148507017015967,0.010775362940222558,0.26332396323675855
3086,0.34875520775754504,0.0029721804736121057,0.02963587697704965,0.45230434892662247,0.16633238586517063
3087,0.05642885567462769,0.01988285610691236,0.03181029535809838,0.23597118497192637,0.6559068078884351
3088,0.028272708160029945,0.5746335763288652,0.343659757541981,0.0014055748241580564,0.05202838314496569
3089,0.061409122171334984,0.02349728043627365,0.02551206638975176,0.18245102740220312,0.7071305036004365
3090,0.3787763172664548,0.004910226081005647,0.01302272726678655,0.3693831015362949,0.2339076278494581
3091,0.7106416205082001,0.008377464154625409,0.004399407339339312,0.21414679569484418,0.062434712302990886
3092,0.15261557420045754,0.0034646832160034695,0.04514693065876025,0.5440715083128139,0.25470130361196486
3093,0.6203757747600613,0.019431055942792166,0.01654961366287085,0.06540651653432011,0.2782370390999557
3094,0.2902621159979206,0.092127723102009,0.05639913755346748,0.11566219684143654,0.4455488265051663
3095,0.8639559130474836,0.045810088683198635,0.024281229148781985,0.012866646816345405,0.05308612230419016
3096,0.023304097307185717,0.014185532021376176,0.0768291429756796,0.376035973398425,0.5096452542973335
3097,0.5502305643798051,0.03568550844293634,0.08293027070670651,0.23668034279238287,0.09447331367816912
3098,0.14653606403845604,0.038444212665413535,0.022312009942850975,0.38261871141621134,0.41008900193706815
3099,0.28295461198818184,0.00899505087624743,0.02872601421606436,0.4131151127150247,0.26620921020448174
3100,0.0344521291332085,0.13753085944574614,0.15439839444230274,0.1272010605274906,0.546417556451252
3101,0.003502506751177447,0.2812552833550381,0.5829171233282269,0.0033807920925143934,0.12894429447304315
3102,0.4269862254561337,0.006798418172276967,0.01539907789846116,0.48938360532066477,0.06143267315246331
3103,0.0004951697590905873,0.07524862412149948,0.09782765291273038,0.0006454975883703482,0.8257830556183093
3104,0.006092646804665664,0.01591289933607397,0.1133027610173896,0.5036504187370336,0.3610412741048371
3105,0.29139637963125486,0.035263563989134813,0.11271435003666891,0.2673714919246931,0.2932542144182483
3106,0.02567845911379223,0.035642567463565714,0.15082672238143402,0.6950231649241384,0.09282908611706955
3107,0.5882293507981605,0.004180787491655646,0.00899029036107317,0.36022992527052,0.038369646078590676
3108,0.8476389984509056,0.03925122936854188,0.03794121039520551,0.01536836797719407,0.05980019380815299
3109,0.26933784274628986,0.009622025374119788,0.06305525884249215,0.6294701163352958,0.028514756701802202
3110,0.003181826865351483,0.03518965926246101,0.021285454122197,0.26154689359317457,0.6787961661568159
3111,0.01261642130567319,0.025513996806368736,0.060620317662425184,0.5643122447205469,0.336937019504986
3112,0.1750536429402545,0.3110143354032973,0.3511150853240215,0.038005886955062025,0.12481104937736466
3113,0.18537104983406555,0.0020452123541205075,0.01723941241497666,0.712171796799952,0.08317252859688522
3114,0.11597043230236058,0.05104363638378059,0.252272304729119,0.2517850419707304,0.3289285846140095
3115,0.3986784391010546,0.0054592560603593954,0.014189663806317072,0.4403881339026193,0.14128450712964954
3116,0.01925098422177751,0.09110789038914248,0.08374075718277454,0.03280030409106222,0.7731000641152431
3117,0.18496352452175674,0.009841436697984818,0.012563362189990606,0.6177964726627073,0.17483520392756055
3118,0.0003061791804285139,0.6305083729491638,0.10048800639521559,0.0004707399754003069,0.26822670149979166
3119,0.0040741099941010986,0.2201027362925522,0.6270354929670648,0.003322170412206039,0.1454654903340758
3120,0.38152904574877994,0.019415647586761276,0.07790757363161735,0.4089944661444398,0.11215326688840171
3121,0.4952440564611607,0.022290299696242744,0.054627659063409544,0.2076885559738379,0.22014942880534902
3122,0.0004368693429281111,0.19792502207684748,0.11628388523995427,0.0008697450767610908,0.6844844782635091
3123,0.4683943660714178,0.002525310021187168,0.017725233949434586,0.33853888071529115,0.17281620924266938
3124,0.025456633785424863,0.09541734216651668,0.2514851682960117,0.07254298566287247,0.5550978700891743
3125,0.6096782660052248,0.029414258590790287,0.02606148059598326,0.04275524612283079,0.2920907486851711
3126,0.3738482118455043,0.2592394943201979,0.20442766986635671,0.00877384063275606,0.1537107833351852
3127,0.20718866954383344,0.011813732841075833,0.03084035604506338,0.5881405428702602,0.16201669869976706
3128,0.030131075506513266,0.05274673338951466,0.5972818348986298,0.00413731438112022,0.315703041824222
3129,0.00971291873354399,0.015197682639713439,0.10960162915168319,0.520142361274451,0.3453454082006084
3130,0.7921062719456247,0.007429966127923192,0.020518927663821494,0.1427424610221467,0.037202373240484046
3131,0.9427310802589449,0.017580121944948932,0.012187778787491551,0.009459536426535851,0.01804148258207862
3132,0.6670004698620328,0.010174083590830028,0.03728142994255772,0.07138933085018973,0.21415468575438953
3133,0.34286784431539935,0.00890779296792703,0.021610297460194307,0.4808685847376381,0.1457454805188412
3134,0.33198620832617154,0.0058275525702029705,0.022640420503591562,0.5191917171152205,0.1203541014848135
3135,0.0024120677716320147,0.3034529232083165,0.21153041391528624,0.002389005630918056,0.4802155894738471
3136,0.24521387851449525,0.08631306138395092,0.10154631703252764,0.34533543821655,0.22159130485247633
3137,0.3794432500247784,0.007442492726589914,0.02059980897141056,0.46604332577028357,0.12647112250693746
3138,0.11503866842188827,0.006998512884948764,0.03751672906380127,0.6078664904637486,0.232579599165613
3139,0.287822302595055,0.05216334393435151,0.161011636092998,0.12396825274461083,0.3750344646329848
3140,0.6010037890468118,0.004102076465222449,0.007571047813995661,0.33217754890016626,0.05514553777380363
3141,0.36278461956820657,0.03817952316888842,0.10308218420981859,0.10724135395386236,0.38871231909922405
3142,0.17776659462141206,0.006765314870206248,0.016075184091494152,0.6431189212115903,0.15627398520529726
3143,0.27123421340243464,0.002637039766392685,0.03625843427017052,0.553146538099147,0.13672377446185507
3144,0.012286753840985216,0.06091772878580973,0.730779416371834,0.04069156541973599,0.15532453558163523
3145,0.09620355136579271,0.1452586437340552,0.0836410824848177,0.0840185701966926,0.5908781522186418
3146,0.005976570289844444,0.08618583699054701,0.05362570637396565,0.138217404235685,0.715994482109958
3147,0.0005818734531298108,0.15451389141009148,0.1511329693488387,0.0010907405123282636,0.6926805252756119
3148,6.407328084723331e-05,0.14695490918721413,0.1566870612635271,0.0010651936289561282,0.6952287626394553
3149,0.0003981566812412053,0.6795924556363196,0.23483609414511636,0.0002155905837530055,0.08495770295356968
3150,0.4270549681461708,0.008727168159253642,0.05838857292515993,0.43974958268705755,0.06607970808235825
3151,0.0005161757940116637,0.13082337146824716,0.1615782742893709,0.0009630449016475253,0.7061191335467226
3152,0.1428365994257078,0.04101706006640306,0.23860663400456025,0.18666563419722468,0.3908740723061041
3153,0.3391813722232374,0.2943122230419742,0.08476183771985275,0.1358438550232764,0.14590071199165938
3154,0.32191103922188263,0.0032630566901990137,0.020822309074354645,0.49500677173586577,0.15899682327769796
3155,0.0024213770183939367,0.2624814760115412,0.47545802945389176,0.0011598743930344901,0.25847924312313847
3156,0.007253974739416269,0.010379250079269214,0.1574206123133065,0.47886450485408083,0.3460816580139272
3157,0.6256321093110944,0.008016482976751156,0.0050227776998237345,0.17855023622301094,0.18277839378931984
3158,0.5241444586666407,0.021927443770148214,0.23809206086331045,0.014224490537362845,0.20161154616253776
3159,0.09403913401745784,0.004503261206689975,0.032883983348600106,0.7816711314870586,0.08690248994019348
3160,0.08279486914945579,0.057934932529245836,0.047206389289328646,0.02530617700171029,0.7867576320302594
3161,0.52760322479237,0.002367030729743926,0.006840424615786866,0.25216438563499494,0.2110249342271043
3162,0.02647014151251386,0.02035928011649444,0.06809955604648879,0.5332660610504856,0.3518049612740172
3163,0.34639375179000026,0.023205139727063603,0.08015601350984011,0.21200231614990525,0.3382427788231908
3164,0.812106917495153,0.07631319224661634,0.03792838068952697,0.029973443966607977,0.043678065602095605
3165,0.10472242944162707,0.38208872462154975,0.33721555422913785,0.03418726106004423,0.14178603064764114
3166,0.14638758507364646,0.007138704282454916,0.016084177302865262,0.7019370436295846,0.12845248971144868
3167,0.002680814165601723,0.09583277311643233,0.2284147349934092,0.0029556487525433358,0.6701160289720134
3168,0.5026774792585629,0.12419981930460643,0.2924154677423635,0.008155739939738829,0.07255149375472827
3169,0.367924949967458,0.006529906708858875,0.025091330218278408,0.4743961854788752,0.12605762762652942
3170,0.001628185895298325,0.32616002967162167,0.44369195588930055,0.001534064677777031,0.2269857638660023
3171,0.7870334575543999,0.02521066210475321,0.012331858398978431,0.026092693370025236,0.14933132857184325
3172,0.22126774500520258,0.005040245969894923,0.03776600188453195,0.5398552502788996,0.19607075686147096
3173,0.10904154998157037,0.03792205600545514,0.01142251389189199,0.1377013624076562,0.7039125177134263
3174,0.05993215154081895,0.5491324551011671,0.20306130186784455,0.005306835886551221,0.18256725560361822
3175,0.7194243405316016,0.011039214390421848,0.02324145510781739,0.2149764829763555,0.03131850699380349
3176,0.6281621029552807,0.020599328012415426,0.1726886389715305,0.0350196519298471,0.1435302781309263
3177,0.0767467996936433,0.033729386978725,0.5782014234858255,0.1035071818786594,0.20781520796314693
3178,0.25083547811721557,0.014189968501161452,0.1698401834149255,0.16308432749852675,0.40205004246817083
3179,0.011869852172244903,0.15041662848720783,0.41573714634739267,0.20892504510405993,0.2130513278890946
3180,0.01601515515100023,0.01090462129521975,0.11343230335457884,0.7496420505032108,0.11000586969599038
3181,0.697768515994884,0.010039934474077151,0.0049930594092324,0.1507834429423516,0.13641504717945496
3182,0.0005309339106728261,0.20113215022937195,0.16748441052743648,0.0009952527007801683,0.6298572526317385
3183,0.3310636463230607,0.015566029437748168,0.15401759484895175,0.34538524463402015,0.15396748475621927
3184,0.45244224458387483,0.008925936849331632,0.021002080193631353,0.4249973226958538,0.09263241567730832
3185,0.25413367150868627,0.016035670276271737,0.4941420904792267,0.1673866143582212,0.06830195337759402
3186,0.0011041326012028135,0.33199591886461,0.2626327975841636,0.0030949763309502214,0.4011721746190735
3187,0.39194469149789446,0.003213661094397987,0.013204624562683542,0.4017192667755887,0.18991775606943548
3188,0.011483506482764931,0.01765949531933589,0.1150391951635099,0.6654345601398814,0.19038324289450784
3189,0.21950942850715832,0.0030097358728283416,0.03815919791053775,0.6599884337157608,0.07933320399371475
3190,0.04221677325653004,0.4158817970523927,0.4605720279644072,0.0023679571254942924,0.0789614446011757
3191,0.48771434672116176,0.0070572662077952614,0.012290926932631814,0.3556994702335367,0.1372379899048746
3192,0.2866685905211716,0.2812129604964068,0.239912518559164,0.01845867345618198,0.1737472569670757
3193,0.8715288376447055,0.013000989520997402,0.014881486432921694,0.04293579044752721,0.05765289595384824
3194,0.9061679065547129,0.018160840120394574,0.017970629460788326,0.024048736295968324,0.03365188756813579
3195,0.7119867572283316,0.003996444491807703,0.0016337447817795986,0.11788933295980218,0.16449372053827888
3196,0.11649833308613,0.0025692391374038666,0.02773561003916534,0.6782606404232542,0.1749361773140466
3197,0.03268073634514009,0.03894152335001864,0.6139709870703705,0.04539839810658204,0.26900835512788873
3198,0.42925482674426296,0.005347842003690305,0.01663965716887363,0.32475808810104595,0.22399958598212724
3199,0.3780419840769121,0.008089098617733628,0.013495294750530967,0.5243993487771051,0.07597427377771807
3200,0.0038774766383857418,0.012170277347496409,0.14087391892621653,0.6916537644064202,0.15142456268148116
3201,0.1688052108627053,0.005580347273979562,0.05088603992106558,0.5343923963966085,0.2403360055456411
3202,0.22217754819211533,0.0031235864834384588,0.03444319178834799,0.6448238005422459,0.09543187299385229
3203,0.2636464729204223,0.012995541422782045,0.03244061667839739,0.48472928167080936,0.20618808730758878
3204,0.23156876513020322,0.0025014410832008044,0.031357177939115466,0.4166242941900857,0.31794832165739484
3205,0.8399551161075618,0.00715872865796443,0.002046264642292705,0.08221599061982246,0.06862389997235853
3206,0.3915735017495964,0.3161871186808065,0.07447302008310602,0.12910386286882825,0.08866249661766286
3207,0.0979606013771199,0.0651093317789367,0.01685495966502317,0.12348107354812507,0.6965940336307951
3208,0.21356434994599632,0.007107037860721681,0.009680781226550096,0.7232984988228737,0.04634933214385831
3209,0.23504852781751207,0.008201026077821782,0.052050632706347785,0.49056083992603183,0.21413897347228653
3210,0.004190020321839611,0.294753579027384,0.5678402650207129,0.0019669354751117524,0.1312492001549516
3211,0.12851013261365424,0.023595343784741613,0.5520470287232925,0.10252196458467416,0.1933255302936375
3212,0.10727703241725144,0.005706397988971214,0.023702006790081796,0.770763858761941,0.0925507040417546
3213,0.001172277062927711,0.2000150394560897,0.18302751973910367,0.001839043160372121,0.6139461205815069
3214,0.36425189291327204,0.008251227004967006,0.02190113879240008,0.4070201219842461,0.19857561930511478
3215,0.15470610213953978,0.005183678203649674,0.04361670754075576,0.5629614057816239,0.23353210633443092
3216,0.2538955042909746,0.007525746290351461,0.023697253063276427,0.44570938494092044,0.269172111414477
3217,0.86292797332338,0.0058430056034829885,0.0017554294137075088,0.06390121455104093,0.06557237710838863
3218,0.23403231318495804,0.006791104647349709,0.020160663353065034,0.6859034245536706,0.053112494260956725
3219,0.02357958293932299,0.13399617287923388,0.6132591460067818,0.0014913672218042566,0.22767373095285706
3220,0.00017085512152142053,0.19201864175599156,0.19762846568701267,0.002137402516610339,0.6080446349188642
3221,0.18891131467420616,0.005015029939364916,0.02950708608282977,0.6116265646434289,0.16494000466017034
3222,0.008560269464303112,0.41942451166377503,0.4585363783655735,0.002251546045311084,0.11122729446103732
3223,0.6842041762490536,0.009102598326581616,0.004674885224899276,0.19751645693972636,0.10450188325973923
3224,0.5198914528907181,0.08485761892163739,0.05405447239764789,0.21456136394494957,0.12663509184504695
3225,0.32912823735567565,0.0046520773050270844,0.02517627906772701,0.4168729126045702,0.224170493667
3226,0.22826067025501512,0.018898439341121287,0.1488736359664868,0.13919626313593333,0.46477099130144345
3227,0.00045604855980668475,0.1021320366263766,0.11392649332332659,0.0007237398142035916,0.7827616816762865
3228,0.33730908273348725,0.010634691123560022,0.022102797488168725,0.4804113469766842,0.1495420816780997
3229,0.01956128980229321,0.06562906641036369,0.08996189507531874,0.06846853121050128,0.756379217501523
3230,0.14228372509743908,0.00448090757555408,0.03741467860502898,0.6152446238361773,0.20057606488580057
3231,0.9433164982496651,0.003112982093635007,0.006752162597335851,0.033306744703148275,0.013511612356215763
3232,0.4532498551625692,0.013952072498821685,0.06747846503969408,0.11275520693198537,0.3525644003669297
3233,0.34489524273801647,0.0046408257195885575,0.018478287720328026,0.49195178406814516,0.14003385975392166
3234,0.005195125646589071,0.3099143969249061,0.5792047538896242,0.0032776788990784237,0.10240804463980223
3235,0.23727898445084317,0.007995751752337172,0.019732315985909174,0.694955649632935,0.04003729817797549
3236,0.35723430993585686,0.011558818309787503,0.021521910571840074,0.3748737260369096,0.23481123514560595
3237,0.6591903086560649,0.007295078671128534,0.00408832047766371,0.2543536524887004,0.07507263970644253
3238,0.1865184086909827,0.0036981795778763416,0.04558207818303044,0.6069368992214782,0.15726443432663229
3239,0.25797054654745594,0.006270712670340153,0.04120942791677247,0.4611215994576211,0.23342771340781046
3240,0.27028312020045275,0.005207347707286206,0.03392520680414925,0.4978545315531297,0.19272979373498203
3241,0.13542612401542298,0.0026574054057270893,0.04877298451561888,0.6801698663903831,0.13297361967284796
3242,0.2586108905377624,0.0031608117701922627,0.036345331519352514,0.6505602611817934,0.051322704990899394
3243,0.0009340622853499461,0.39810384040667185,0.17423899570148954,0.0008090345686210098,0.42591406703786755
3244,0.9469238183837984,0.001725033823138566,0.006114659912362111,0.03022302380193406,0.015013464078767016
3245,0.0014053223017710325,0.08601067014056663,0.1866695780491024,0.0010113164393006364,0.7249031130692594
3246,0.17491575057556186,0.009041060678969324,0.05158625321442239,0.5705139900305485,0.19394294550049793
3247,0.00021301636141794,0.19335029769839485,0.47378300360319175,0.0023477074135142928,0.3303059749234812
3248,0.9628197743001807,0.0057953123439515855,0.009137522570655109,0.010655891123643667,0.011591499661569091
3249,0.00868593492363763,0.049510782408851,0.7031837978203558,0.03367015165029035,0.20494933319686504
3250,0.7344082353598295,0.008379439335795946,0.004746203016863095,0.20306377606499068,0.04940234622252095
3251,0.951598812599682,0.008904660972247812,0.00973405734916792,0.007330391214213779,0.022432077864688548
3252,0.0008703771864208385,0.09840417979962827,0.39427769870949947,0.001109070561487443,0.5053386737429639
3253,0.1795764759388443,0.007522558977646267,0.023370252600327827,0.6893793598470627,0.10015135263611905
3254,0.006906889957257524,0.08025260240432884,0.7561186600505835,0.005544687142718396,0.15117716044511195
3255,0.5024604561672175,0.00753648550277655,0.002419354464399821,0.3796337044582748,0.10794999940733138
3256,0.2525638440356996,0.15190796740460696,0.11141972326672445,0.3151516825600949,0.1689567827328741
3257,0.26274668097586923,0.002582787531489795,0.020895871332821184,0.6323347945390468,0.081439865620773
3258,0.6194632866362039,0.002515010343517023,0.006421402011297124,0.14247174026471884,0.22912856074426313
3259,0.3708778124873167,0.008042466906386872,0.015866613132316507,0.4976162244825894,0.1075968829913905
3260,0.16883055448250164,0.004307691999030218,0.04952989798025825,0.7464335422328807,0.030898313305329068
3261,0.039263895636920995,0.23867781448657768,0.5680936288116486,0.002629376868807592,0.15133528419604525
3262,0.3570019598112695,0.21342446479113983,0.08568336395554242,0.17139187545322426,0.17249833598882397
3263,0.32180484762513084,0.00406106338688322,0.02435612793434819,0.3769820462066251,0.2727959148470126
3264,0.2756836882741066,0.014619964556932957,0.10082898522992874,0.3493757646380046,0.259491597301027
3265,0.2478446312801547,0.016993864208870627,0.037434207134758465,0.5353846984288544,0.16234259894736183
3266,0.7049268174577783,0.002896321877457307,0.000842162584355751,0.118695482263458,0.1726392158169507
3267,0.568755341770497,0.042274293549050365,0.20572557505524694,0.010699150361143241,0.17254563926406233
3268,0.13932344018407228,0.0070796804332776166,0.042946697865340035,0.6889496641577101,0.12170051735960011
3269,0.8007482975288558,0.06506026660312174,0.04087204803379301,0.026385054483282287,0.06693433335094723
3270,6.336026126025006e-05,0.33397260694606096,0.23177223928087365,0.0011359562291167805,0.4330558372826882
3271,0.29259037048781855,0.0034552079335570104,0.02647884182249466,0.6057700902854023,0.07170548947072757
3272,5.44615727618414e-05,0.5613085535805241,0.13819581453856905,0.000590517823250151,0.2998506524848948
3273,0.9672474624571957,0.005247607523289485,0.00630232123230433,0.00919715248872586,0.01200545629848474
3274,0.2797386650467455,0.0034817565559333036,0.026233963596720995,0.4537320696561438,0.23681354514445627
3275,0.02186115906577029,0.02533172097385619,0.10790640707773186,0.5694319864860953,0.2754687263965463
3276,0.010294975159524645,0.06180243489583012,0.5203730259886848,0.20575556693470626,0.20177399702125406
3277,0.32500631405258584,0.007573699643891822,0.031734037119039014,0.42129582284503453,0.2143901263394487
3278,0.7208248823251935,0.006747825294575447,0.0056804284727358665,0.16176399523742369,0.10498286867007134
3279,0.14564835056411463,0.005851472049971962,0.013903786034228491,0.6537656503595622,0.1808307409921226
3280,0.03772481938502216,0.036074037325116985,0.6381048795831636,0.003058470663154074,0.28503779304354315
3281,0.2954710272969472,0.0052941607918517335,0.023266864674401685,0.55840976480721,0.11755818242958932
3282,0.17408389044483522,0.0036495763618598935,0.02030862788078396,0.6257995899380906,0.17615831537443033
3283,0.017975158575465784,0.02090636046330235,0.6223083022856495,0.008819215929549071,0.3299909627460333
3284,0.22649471289848122,0.0023116619499235283,0.032645354912217324,0.5374563684004231,0.2010919018389548
3285,0.0013572779165762414,0.13456580427169618,0.1405974535543474,0.0009191984489664337,0.7225602658084137
3286,0.7965460927263572,0.013315598861966977,0.009777079027950554,0.025455329685103258,0.15490589969862203
3287,0.19349261324742978,0.009390650694012447,0.028858622559749914,0.6720364321246088,0.09622168137419902
3288,0.24790302855445032,0.008818995068395192,0.1011874916291349,0.5646200681045163,0.07747041664350338
3289,0.33368270490242763,0.011793617864069749,0.02475436716201834,0.5410986828463932,0.08867062722509107
3290,0.6252965733433279,0.07697450752100836,0.2117236060779392,0.015005289527948693,0.07100002352977591
3291,0.3887624521426088,0.0031577133926985407,0.027970555777237036,0.3611949394687568,0.2189143392186989
3292,0.43514846224841075,0.007437493854726428,0.009546021381915046,0.47171658691771506,0.07615143559723256
3293,0.7985652768401412,0.11854281704799478,0.03054124897380373,0.015031434731469432,0.037319222406591
3294,0.08733426670217193,0.3876040285094763,0.2212886793394917,0.006414343891802179,0.29735868155705797
3295,0.9805431439149215,0.0020023617453746186,0.0029389071991451784,0.006461424998901226,0.00805416214165731
3296,0.945351919705468,0.003325223761019,0.007383585959535175,0.027521960311735642,0.01641731026224229
3297,0.0021684648369711085,0.38405336227636555,0.06683824215844657,0.004962024086651996,0.5419779066415648
3298,0.5750158289632804,0.11920849205121722,0.059532447395522256,0.13370783665061353,0.11253539493936655
3299,0.9858637787618048,0.00332721319167014,0.002576535802871267,0.004342117251751902,0.0038903549919020114
3300,0.002128601763610179,0.2948326804128504,0.023623335122090888,0.05044885190658491,0.6289665307948635
3301,0.11968836086099595,0.06302064162237613,0.6508464975853964,0.006690985285893238,0.15975351464533843
3302,0.3689546773457938,0.0812483411381012,0.08932898424105991,0.2650014282553161,0.19546656901972903
3303,0.00016244120537820022,0.7124355148330749,0.016779491631152423,9.84529756719231e-05,0.27052409935472266
3304,0.981317719104731,0.003394724125594489,0.0038709234270600614,0.006790749209737348,0.004625884132877001
3305,0.46247195141158365,0.009364131150857945,0.012507954695330866,0.3698260437628018,0.14582991897942585
3306,0.41264437211253446,0.01702096115393706,0.05700093268219464,0.2105646584846118,0.30276907556672195
3307,0.037650244129408796,0.051881655687089065,0.7156981026351229,0.03144132668381193,0.16332867086456737
3308,0.2550246471277139,0.11806670283952304,0.25304811972882624,0.017836063922590684,0.3560244663813461
3309,0.27715553555097056,0.002628086260668597,0.019648933965448482,0.6691355098697563,0.03143193435315593
3310,0.00044659693588166346,0.13021658002141748,0.3055474837076683,0.002624951082613422,0.561164388252419
3311,0.9075020563975988,0.04189980578406179,0.01644955756303007,0.01496974391546567,0.019178836339843578
3312,0.0016800541000124994,0.15736292964573348,0.27406209243597,0.0025666779986324374,0.5643282458196516
3313,0.06822354122097976,0.12242822244135132,0.015437326671986187,0.09661721296419745,0.6972936967014853
3314,0.30727226107235206,0.0034270313173368427,0.018865825004693738,0.476654352846324,0.19378052975929347
3315,0.008000817974677362,0.3179969470856057,0.4389928504317734,0.021877886969297117,0.21313149753864652
3316,0.19464792702301237,0.011534072775513828,0.04601084188127609,0.4772482409823355,0.27055891733786214
3317,0.003938105290876669,0.40538432130666213,0.5259097408521852,0.000686351478748508,0.0640814810715274
3318,0.007540001805071513,0.5093446532652381,0.13114971025536798,0.00563093233544192,0.3463347023388804
3319,0.8521193379662296,0.030734861079644064,0.011630012166996346,0.05654887945392622,0.04896690933320372
3320,0.18467979091878148,0.006076689616027192,0.011723415359651478,0.5995767088779558,0.19794339522758406
3321,0.4896107252193218,0.004261561566402347,0.007407384516784071,0.41367277456976853,0.08504755412772338
3322,0.8958581793657855,0.01194252072361967,0.014922792903836841,0.024759062356702045,0.05251744465005596
3323,0.4615526568144128,0.008143533650151587,0.020184587315868332,0.4832539177036175,0.02686530451594973
3324,0.2672489179302636,0.003941495398372927,0.008749257363910723,0.4385543097135487,0.281506019593904
3325,0.18128401697306148,0.007929887514472099,0.04555177718946551,0.49913543123520004,0.2660988870878009
3326,0.23028927748516742,0.030845051510297386,0.16736942689637846,0.1452318099866229,0.42626443412153375
3327,0.32385563427369213,0.008049565325925538,0.0059394594862261455,0.4607100995776245,0.20144524133653174
3328,0.38675350468822434,0.0024743958545497572,0.013232292006260854,0.5345837839123307,0.06295602353863429
3329,0.0004462913958283868,0.09771386013465574,0.13916408699950789,0.0008489134363903988,0.7618268480336176
3330,0.018455505066215815,0.049665645154458635,0.050700269075334044,0.2983476835890203,0.5828308971149713
3331,0.8313787450358849,0.02014464401639295,0.0947260011650831,0.011265786809806303,0.04248482297283269
3332,0.33053787934379714,0.045518388142772516,0.18452247350159673,0.2775413269812619,0.1618799320305717
3333,0.3285301029201218,0.003278734923912909,0.024938408499894888,0.4513830452673336,0.19186970838873682
3334,0.21019678534095843,0.09517260266393247,0.27291264795832404,0.01810038094614734,0.4036175830906377
3335,0.5859522552382257,0.014703933236488368,0.01891263677363913,0.02428086718388319,0.3561503075677637
3336,0.2830993071363163,0.045287031759499746,0.06638434971728065,0.3609817885196471,0.24424752286725618
3337,0.009823995727655185,0.12344740516796203,0.0028049380181666837,0.027153546286346322,0.8367701147998698
3338,0.19566062732344966,0.004157533248092318,0.042950820572817544,0.590562520769309,0.1666684980863315
3339,0.01355623208979036,0.27445471933524973,0.5997172845405316,0.004036644976524777,0.10823511905790338
3340,0.6750540100469489,0.017141338842006516,0.014366499917658773,0.059365505381485,0.23407264581190101
3341,0.27503853509987836,0.0031023957244957646,0.018296862415160018,0.6022378001783785,0.10132440658208736
3342,0.29694742176058475,0.352845523012339,0.08427917328902504,0.1380369221299988,0.12789095980805235
3343,0.0035536217815935324,0.0967023161014447,0.6831096631554826,0.010131922687208498,0.20650247627427074
3344,0.2660181544570886,0.005022514514367367,0.03158813321425931,0.5645732986848748,0.13279789912940992
3345,0.5692131569268111,0.00220976786942196,0.00613145185842592,0.39190256890195757,0.030543054443383587
3346,0.08432101304048478,0.31797548877115783,0.23525933981874572,0.008713163139117493,0.3537309952304942
3347,0.009334404060428242,0.017453632397083238,0.14355197264648012,0.5765297260423649,0.2531302648536435
3348,0.48282956847867176,0.07775348257469625,0.09708785947107403,0.2841221860805966,0.05820690339496134
3349,0.24653358440931394,0.0024974477337968795,0.035556473907204775,0.6160997901433536,0.09931270380633074
3350,0.17111226957433526,0.34351359371258644,0.32584799946454357,0.02299213948232699,0.13653399776620764
3351,0.3003208365830165,0.0059166954718176895,0.009402417928381904,0.6117880042485748,0.07257204576820905
3352,0.29825431239601863,0.0043980891762269506,0.0054870732542638585,0.5895692662594642,0.10229125891402639
3353,0.00592127609226567,0.5331447146015571,0.38736696442609214,0.002758202790296371,0.07080884208978877
3354,0.21962944922437522,0.005273862066279257,0.039026868837665984,0.5274424494561917,0.2086273704154879
3355,0.03260404010610244,0.01846927362916399,0.04206349502009173,0.6409112956341354,0.2659518956105065
3356,0.06332073960759291,0.10599282695066002,0.0662215373227199,0.026569443806728918,0.7378954523122983
3357,0.9490375242883672,0.008725065514732887,0.008499266825749988,0.006825295200473588,0.02691284817067645
3358,0.26361911098743135,0.09995552116029505,0.09655243557631976,0.4176828190786247,0.12219011319732925
3359,0.6982139461159806,0.09660206354731804,0.1569031542773744,0.0060895649234144165,0.04219127113591237
3360,0.7060058031405692,0.030921265136482044,0.07075766436560879,0.10404782425348069,0.08826744310385941
3361,0.044736896194819374,0.14301939462080474,0.2897199800042228,0.10395052229182447,0.4185732068883287
3362,0.34296530686374554,0.04518638128078264,0.10339348929751403,0.10608510159848711,0.40236972095947054
3363,0.004070708526418737,0.19218872106320475,0.6652162301538851,0.0028266922975298298,0.13569764795896158
3364,0.7029752793665923,0.10365042025333114,0.03502217944888447,0.007631588059504402,0.15072053287168757
3365,0.47348184323875486,0.035396969647213956,0.07958273082831827,0.3042522148614069,0.10728624142430614
3366,0.4949957545932305,0.004155244971136764,0.011675675811519133,0.4246288960006319,0.06454442862348164
3367,0.8720818453045405,0.1068888326635277,0.008067689847297449,0.0018147791143244064,0.011146853070310022
3368,0.015195963654726445,0.05653502427326424,0.7049269732874963,0.04068914773718897,0.18265289104732388
3369,0.3282246317157402,0.0071659056314586295,0.008334861882563207,0.3940474057170677,0.26222719505317044
3370,0.7335985275383079,0.004511035596105188,0.0038466453773905707,0.17824473045766537,0.07979906103053107
3371,0.7277768202385111,0.014372051642674232,0.025270636378220142,0.1642707515576304,0.06830974018296411
3372,0.4803714728705077,0.02764861747747486,0.058771128794510144,0.13009794655659251,0.30311083430091484
3373,0.14068517825169935,0.0033230709373530463,0.0466369733443081,0.7309858366389388,0.07836894082770081
3374,0.013159602118950538,0.03168971881911448,0.2974298467261564,0.07542149086983513,0.5822993414659434
3375,0.0005910626219090291,0.10136701545771422,0.13225557370246432,0.0008025112090431654,0.7649838370088693
3376,0.0011193502976678126,0.29485512065795394,0.15894489639688764,0.0011156576820803839,0.5439649749654102
3377,0.513694627635553,0.006481667999134211,0.004055811308879225,0.23766874919229775,0.23809914386413578
3378,0.5931941852454348,0.13055684582560817,0.20095056289984467,0.006353144921814055,0.0689452611072984
3379,0.11406391862305196,0.009121756757264038,0.02746311933392915,0.6733323967063712,0.1760188085793837
3380,0.00290915806413778,0.03562174534839859,0.04065289004307644,0.11294399915653393,0.8078722073878534
3381,0.8052433259449894,0.019862964449625934,0.009365595556393212,0.04081035492029993,0.12471775912869157
3382,0.3283436181866681,0.0036820359080098866,0.0319061222741104,0.44877679825175315,0.1872914253794585
3383,0.00529100460222612,0.31755801044347204,0.5570521384236734,0.0035343648041688542,0.11656448172645958
3384,0.45731218611518876,0.13307158194915536,0.30791782125671885,0.01820611024843387,0.08349230043050306
3385,0.2551607209591596,0.010052293742605538,0.05361065890491714,0.47213097333022935,0.20904535306308836
3386,0.9589923276577778,0.007693578550655733,0.006859854185227897,0.01472842802016053,0.011725811586178062
3387,0.002823986407278277,0.295280370095251,0.6069586734218189,0.002868188319710566,0.0920687817559413
3388,0.004314320318483743,0.7117603437925119,0.08170616317067964,0.003558017888995702,0.19866115482932903
3389,0.1558617198215421,0.42415228793675086,0.2205165237162507,0.00683521152905105,0.1926342569964053
3390,0.2744838565654101,0.002316934857785195,0.023763246505883007,0.50502139391478,0.19441456815614175
3391,0.001566358412327873,0.1611543463460742,0.5060449820738885,0.0024432187083514886,0.32879109445935784
3392,0.005230274609605941,0.036002064228242474,0.6269994885856539,0.02538103731829763,0.30638713525820016
3393,0.3482846846827407,0.06310503444479065,0.12506165783452305,0.23790389431528555,0.22564472872266003
3394,0.031132540532679887,0.014223619327254427,0.13452414148767627,0.46701327690355715,0.3531064217488322
3395,0.684213698735249,0.010901385994687927,0.004475043068106003,0.11564386317343746,0.18476600902851964
3396,0.1685235680874125,0.4824627495585339,0.20634991100078104,0.009320971220447083,0.13334280013282546
3397,0.8587399313886307,0.003022122682805602,0.0007835974063433723,0.04546807403693185,0.09198627448528839
3398,0.9258357041350775,0.011309825641593833,0.011064717828376917,0.01006578223391181,0.04172397016104002
3399,0.3554960074041415,0.036294752050203584,0.3966121274024889,0.09057945433672127,0.12101765880644463
3400,0.17982028358630378,0.004025029116221013,0.03840152831053874,0.5765952685058902,0.2011578904810463
3401,0.7172326431199181,0.14227149779246745,0.04982322122687727,0.0018434711854611232,0.08882916667527609
3402,0.9532685789921115,0.018639485008090366,0.009276507292106164,0.006662616554484323,0.012152812153207454
3403,0.09712335014923734,0.004227720702025725,0.020815102292043933,0.7081324701665225,0.16970135669017064
3404,0.08765405181702353,0.5221755159578179,0.22381805051136963,0.0077344463085988364,0.15861793540519
3405,0.2611183164418399,0.015380597699772873,0.03685326316925938,0.10776961538387195,0.578878207305256
3406,0.005960436029179502,0.007337078980093663,0.15450293510552535,0.6206846407781974,0.2115149091070041
3407,0.0006546718334059162,0.08392963794621049,0.11819543584918205,0.0007081249312582717,0.7965121294399434
3408,0.27662095097641826,0.001729084236140437,0.027056131157881785,0.5204670035902513,0.17412683003930815
3409,0.38006427706150236,0.049341330694075564,0.08973620325480537,0.28158840615987263,0.19926978282974414
3410,0.040364235062275565,0.048235637379066,0.037194411239041256,0.027653322691687007,0.8465523936279302
3411,0.003029508880783862,0.067624767537079,0.7438083625330708,0.014867331535878884,0.17067002951318758
3412,0.1603883830066964,0.004342194005595188,0.03711928428706488,0.6264034739471817,0.1717466647534619
3413,0.2990085399979171,0.004855541575593723,0.01614021928845165,0.6203973318829296,0.059598367255108045
3414,0.6032889667915886,0.008669603502420778,0.011097606274203557,0.29510901731586797,0.08183480611591902
3415,0.46303136891285135,0.0063956054203873495,0.011765991875447466,0.5011258761682464,0.01768115762306726
3416,0.8701269301752625,0.04628213631653436,0.02350235493112336,0.0200575766570587,0.04003100192002076
3417,0.009490405261322582,0.05668770373221814,0.0280784967442668,0.5338693397567604,0.37187405450543193
3418,0.2926565541222804,0.029258348057518778,0.39724080759958236,0.14960800977416214,0.13123628044645622
3419,0.000190419393556983,0.24655691105997524,0.19811838865973477,0.0012930254092896362,0.5538412554774435
3420,0.011037139520395745,0.014028066539558202,0.163933967826038,0.48083937597631315,0.330161450137695
3421,0.3395958759871768,0.004827629393533159,0.019598159533017086,0.5445696986381978,0.09140863644807506
3422,0.09819609422017749,0.6762662331641226,0.14740550047993833,0.005699855448962865,0.0724323166867988
3423,0.2539016783134788,0.007622554708913214,0.04815506807624696,0.4727511665747801,0.2175695323265809
3424,0.0025921350849887194,0.5341062381684094,0.027839055559782156,0.000861352092706041,0.4346012190941137
3425,0.007527798547752166,0.016689060807512247,0.10701546249132136,0.5830317685739221,0.2857359095794921
3426,0.056634722247738724,0.5939735765427395,0.1977029402554392,0.0038026029511511266,0.14788615800293142
3427,0.38227718431321,0.005836697243496589,0.025832848874842513,0.5095423296211624,0.0765109399472884
3428,0.8878125629761161,0.003741623610094619,0.01425231322914863,0.06329439191046231,0.030899108274178428
3429,0.004341467066427375,0.3849341188740094,0.5103021180552213,0.0031972057729556607,0.09722509023138626
3430,0.3665277175952498,0.008043937910826846,0.028986308809952774,0.45105173273243004,0.1453903029515404
3431,0.6963967012146008,0.018642057142696775,0.010397154043097715,0.031964108803583045,0.24259997879602171
3432,0.6992998936878516,0.09970899802444452,0.057442084645942984,0.05931554318972645,0.08423348045203428
3433,0.1922823576662426,0.0060715926043036555,0.03330874774183721,0.538680433558564,0.22965686842905259
3434,0.6892659529843382,0.0024656217269692117,0.0045779799843667385,0.235883009054563,0.06780743624976286
3435,4.481732095358014e-05,0.41547659201114867,0.03009789123127888,0.00016087626634011333,0.5542198231702787
3436,0.7253223490863825,0.004760604419954578,0.0025564462876118904,0.09477100085217445,0.17258959935387655
3437,0.22636352128090417,0.00585512098609326,0.025565383542243282,0.601822503170129,0.14039347102063032
3438,0.21255520711531029,0.014549137779302928,0.08700362938137582,0.5772940467093914,0.10859797901461939
3439,0.30546509540473443,0.003553233146460321,0.014521574528286275,0.5348786955481895,0.1415814013723295
3440,0.2730146249258815,0.06299475473218046,0.10105991234316973,0.3311820041198106,0.2317487038789577
3441,0.009621376205065025,0.020909036969076485,0.11955190200618654,0.6006050729666541,0.24931261185301798
3442,0.012990072633761021,0.02794485155478506,0.28384540584185036,0.1473505092879706,0.5278691606816329
3443,0.220256674795223,0.011039033025532064,0.02382757290323813,0.6820526569600459,0.06282406231596085
3444,0.04143002421900635,0.023181779112857848,0.028600235661904703,0.40174542672408486,0.5050425342821462
3445,0.19943558697068922,0.0051811390306697284,0.02187373792090847,0.7168793408270698,0.056630195250662825
3446,0.26092273980022024,0.005400067814469596,0.024674075084592788,0.5896024489076326,0.11940066839308472
3447,0.009845291957240113,0.02141875624647714,0.11768621293031221,0.6176398603908917,0.23340987847507877
3448,0.056473703804240494,0.05675291865967574,0.007097570468133698,0.008789075121294431,0.8708867319466557
3449,0.024313606738225097,0.2308391896750863,0.1270938072732841,0.01842744227122852,0.5993259540421759
3450,0.8394667428248688,0.014825946543738798,0.005072969931748718,0.014620628155612006,0.12601371254403163
3451,0.5505558247770767,0.036865526768958094,0.012075844201489919,0.06673932823829949,0.3337634760141758
3452,0.4854370515698536,0.0576063564780432,0.11131129171474134,0.14612494933716375,0.19952035090019815
3453,0.9060374647586914,0.005848212147329024,0.001085516674501192,0.06361183591494068,0.023416970504537504
3454,0.02701708335929377,0.15831923627403133,0.6956286963010103,0.0034148027411782683,0.11562018132448616
3455,0.36066749091520817,0.004230925237579379,0.013963443316453375,0.5875764245284789,0.03356171600228015
3456,0.9485564535464751,0.011022007809864126,0.011241010583836798,0.006596114511853933,0.022584413547970035
3457,0.9325466987749944,0.013658092120449461,0.01214862929462924,0.0161891849080423,0.025457394901884367
3458,0.20382834375619988,0.0029404941759969246,0.04769147955057269,0.4536096045967364,0.2919300779204942
3459,0.14091396483437807,0.0035271921346612923,0.022552130255224248,0.6593894298615628,0.17361728291417358
3460,0.35333447666849294,0.004274429079719985,0.01282425189690519,0.6013117820477742,0.028255060307107695
3461,0.2388359040988455,0.005468178618397778,0.039642976165868156,0.5097237759478486,0.20632916516904004
3462,0.9194938517477277,0.012682130075558474,0.01373971833720944,0.015580712151487298,0.03850358768801703
3463,0.4396827879044308,0.006535477648504074,0.013476843640406534,0.3735933574641548,0.16671153334250385
3464,0.06777253433823664,0.07369479885704013,0.6052568630191186,0.008006783882072209,0.24526901990353225
3465,0.2349084295810651,0.00825071077956237,0.026290247078449746,0.6366290501564634,0.09392156240445938
3466,0.26498556533597306,0.006564174560839559,0.00922489263316192,0.6756625913039351,0.04356277616609032
3467,0.14344457473285666,0.005097356644990885,0.0579605126546871,0.6276034881907095,0.1658940677767558
3468,0.14312971498717678,0.008336396275138757,0.03101361501580904,0.6475963628613028,0.16992391086057254
3469,0.13419521416297786,0.042123179819135936,0.0048345730054856866,0.13398633438830337,0.684860698624097
3470,0.32055110167970285,0.005520757364460731,0.008495147502659242,0.5334174090512296,0.1320155844019476
3471,0.6401498443964331,0.028493154876605697,0.051661060795390595,0.12965578251044219,0.15004015742112847
3472,0.3746836047862677,0.0077722158017202525,0.02404246503546403,0.5306535269068566,0.0628481874696914
3473,4.203289801930451e-05,0.45864555344493385,0.03624885696651658,0.00011909687441544924,0.5049444598161148
3474,0.26272283092679244,0.00299816914144347,0.04069742512173094,0.4871174949156763,0.20646407989435678
3475,0.17433550969752754,0.005997053781529247,0.011569778425016943,0.6454772698853181,0.16262038821060834
3476,0.33632413364761676,0.06003314737918409,0.12401194191620671,0.30440149995075677,0.1752292771062358
3477,0.0040863809819856696,0.6346550873534981,0.02842829530444206,0.0009340092755927837,0.3318962270844814
3478,0.005790679979540425,0.02135323635917047,0.0832314415314134,0.632652180478658,0.2569724616512177
3479,0.890335055022155,0.020964515355381762,0.01623455465319058,0.014407579217583085,0.058058295751689824
3480,0.39925602955718115,0.005180820457770898,0.01066222877470808,0.4182915458834841,0.1666093753268558
3481,0.3504717067312706,0.0062919352898622325,0.020930016122982675,0.5793551632863272,0.0429511785695573
3482,0.9831002563433598,0.0034354045904996027,0.0037319225201156445,0.0056439518083082445,0.0040884647377165935
3483,0.418016243649435,0.023585548345081236,0.06202751138984626,0.2846178195125748,0.21175287710306262
3484,0.17507337432830877,0.00426674570880824,0.024662988713199312,0.5836698663584123,0.21232702489127134
3485,0.34785721291788113,0.005392393682715172,0.019270174647464826,0.4417199542170072,0.18576026453493166
3486,0.3711472153365249,0.0686996910034672,0.16416099567628,0.29242299437599667,0.10356910360773137
3487,0.510401232859336,0.004974087153591519,0.00590980080333907,0.39780957529524164,0.08090530388849165
3488,0.43372865475300393,0.004841944285651503,0.01564407278865466,0.3260546651258992,0.2197306630467907
3489,0.29892036403259514,0.034631488439795764,0.013340900308153762,0.6120931212990374,0.04101412592041803
3490,0.4120581798333756,0.004375692303174534,0.018556180410220786,0.5159165487114893,0.04909339874173981
3491,0.6778547656714987,0.015863922605401457,0.1922422301438228,0.013553769598791923,0.10048531198048502
3492,0.6686375133300977,0.0072997905484358085,0.004850808270835991,0.2758267417676203,0.0433851460830102
3493,0.5076489780784667,0.04078012011594694,0.08121850574734053,0.2589892360004461,0.11136316005779971
3494,0.3410998903576483,0.008058912835942395,0.011146503182531884,0.468217552792358,0.1714771408315195
3495,0.9396120430390208,0.007587056634401654,0.012534023003940685,0.011715051965081607,0.028551825357555086
3496,0.3110734657181435,0.006177062116905755,0.016617765335767695,0.603348613827182,0.06278309300200115
3497,0.26306493129345004,0.0024643455814168844,0.0239303503618799,0.5015696814292986,0.2089706913339546
3498,0.004326116550060373,0.4217554919109217,0.5001154809977254,0.000939255238109588,0.07286365530318294
3499,0.23130198647010625,0.005578236636169838,0.03748675728686663,0.49409439692676693,0.2315386226800903
3500,0.022269209970462965,0.018219839178391296,0.05492374046191603,0.7986788824846779,0.10590832790455186
3501,0.0774998086997259,0.021506172436658994,0.03288330981831437,0.3320887839099845,0.5360219251353163
3502,0.00047225116160896506,0.22729056296857253,0.16596152725478236,0.0010577639761870157,0.6052178946388492
3503,0.23867802751722633,0.0018896763482858163,0.04387462984583931,0.6381606308614814,0.07739703542716714
3504,0.8693874348115127,0.01976800836553157,0.024164155437481072,0.017548162203336937,0.06913223918213787
3505,0.015650650247971392,0.013535033549631181,0.14419544920377214,0.4377563594551188,0.38886250754350643
3506,0.007273221933288195,0.012596231038086266,0.1974499174497797,0.5230964974804196,0.2595841320984262
3507,0.4965362224606683,0.040648225586472284,0.025424775923257672,0.029832027695596328,0.4075587483340054
3508,0.02454040760531118,0.35624060360152826,0.5148788491595119,0.0027127773968848748,0.10162736223676393
3509,0.4213011577748601,0.002074999352642528,0.021378433690388405,0.3846166300095501,0.17062877917255884
3510,0.006948643568742131,0.06422395233774254,0.41715032221612486,0.08157550001905071,0.43010158185833985
3511,0.012947422908569393,0.045855975475895726,0.7516688632364886,0.05003913773361419,0.13948860064543206
3512,0.5533379714966945,0.03231015117534138,0.032041697234372044,0.14290684144551233,0.23940333864807967
3513,0.8272636773362478,0.07405855571494364,0.034535440264555954,0.01963775442252453,0.044504572261728194
3514,0.8270459830708868,0.0037572727750935313,0.0029541926616302584,0.09756546629773169,0.0686770851946577
3515,0.5765428805939796,0.018764179436177496,0.20636539339017812,0.013006466308281627,0.18532108027138308
3516,0.40800908275791625,0.007284596085955591,0.026863291895575934,0.33643997242850454,0.22140305683204783
3517,0.5224102820863743,0.0062226936372463395,0.00730743768878128,0.20799091267264683,0.25606867391495125
3518,0.7376749522775043,0.08290023106646274,0.040975949757103405,0.06480628722534428,0.07364257967358516
3519,0.002160555058747035,0.5234497519911978,0.39215591464340815,0.0008571037895612432,0.08137667451708581
3520,0.45472040178576684,0.05424278186225913,0.0628674090044728,0.2631280234354896,0.16504138391201148
3521,0.15825670747177853,0.028601164882166154,0.14216401785327087,0.5780788610144119,0.09289924877837254
3522,0.005121621343420146,0.2279171487712958,0.6182116141695897,0.006389152186159694,0.1423604635295346
3523,0.2494869116343891,0.008683786038973317,0.030321883303201697,0.427286011489199,0.2842214075342369
3524,0.21218013080732662,0.044546502365190234,0.11015929563086725,0.30442056326064937,0.3286935079359666
3525,0.017340484007329866,0.44564736940747884,0.45438459392772146,0.0015186783828651578,0.08110887427460482
3526,0.17413862010673462,0.27593260936469216,0.041252570873029054,0.12112527513012258,0.38755092452542156
3527,0.8730868754443848,0.061854062767992636,0.020633847107736435,0.01615599281747626,0.028269221862409932
3528,0.3061000262793182,0.001449864046365033,0.03193986511981552,0.6395286140657893,0.020981630488711975
3529,0.020400871266385446,0.021922325523985632,0.07948686481944435,0.5556288542244457,0.3225610841657388
3530,0.11620224653270758,0.24808638824191895,0.47071952292257135,0.027618018872741762,0.13737382343006027
3531,0.019547314536953405,0.0364261806025275,0.08126874378938437,0.5120334917535353,0.3507242693175995
3532,0.4457800305739247,0.01633663616981154,0.015510215006711625,0.03941442369725284,0.48295869455229923
3533,0.9503270568995957,0.010112933669514742,0.006396998628291312,0.00901895386571196,0.024144056936886323
3534,0.34319856771487006,0.007928448107664457,0.02339038368302671,0.5700681354807577,0.05541446501368095
3535,0.5851105941061348,0.008054937731281448,0.008303298797781545,0.2960604109486322,0.10247075841617007
3536,0.0007261894239197277,0.2014520472483077,0.3278673775660709,0.001259765683061573,0.46869462007864005
3537,0.5315683281791499,0.3999105419581818,0.03332406723316851,0.003281746987503262,0.03191531564199655
3538,0.003489934348118635,0.385105085162503,0.4876842888725782,0.005092450296208487,0.11862824132059169
3539,0.023497046213470787,0.47175405114737295,0.4220156648338988,0.0017260519478146676,0.08100718585744274
3540,0.00047942846803681916,0.17024044708667055,0.29500837588541196,0.0036999988933591505,0.5305717496665215
3541,0.0005783400668079133,0.2990043692684849,0.25275871787030196,0.001439262438429,0.4462193103559763
3542,0.17469115453349762,0.03243376552964952,0.000870354298572503,0.03482913280345641,0.757175592834824
3543,0.08110403723049962,0.09030583131593813,0.20392735352056085,0.05824426224003269,0.5664185156929687
3544,0.34239636366136145,0.20170540868333992,0.22550747170085633,0.015211661722228166,0.21517909423221407
3545,0.5582274691505186,0.0024050370278267527,0.010705890614862447,0.3996045959722685,0.02905700723452381
3546,0.014032915502368288,0.009629536630020821,0.1793233756712089,0.7080959224200118,0.08891824977639019
3547,0.891851526654768,0.07157742079006922,0.012066273966981941,0.005303356117412595,0.019201422470768014
3548,0.2535150768495162,0.009714045970566394,0.04482033657677786,0.43043594410164276,0.2615145965014969
3549,0.005581546815113928,0.09198246896648983,0.013915448835697931,0.06125726233855546,0.8272632730441429
3550,0.23909231981018028,0.008313486058895172,0.04573460377097955,0.49426684393368553,0.2125927464262596
3551,0.44468853410892345,0.006077663740143258,0.020237960014539976,0.38052253959050786,0.1484733025458854
3552,0.0015418432489069202,0.2538590919472904,0.26928493419939814,0.001497424662084005,0.4738167059423205
3553,0.9232346150152734,0.006572404306842918,0.01485433457997227,0.016409569306289007,0.03892907679162262
3554,0.331633789453575,0.05827241272401979,0.07721917487926191,0.24154990569898482,0.2913247172441583
3555,0.007773782542911504,0.46735278143342734,0.45192425760176336,0.0015934502564980547,0.07135572816539984
3556,0.7670882939740579,0.021260350967074102,0.029337537793717977,0.08768843252682455,0.09462538473832559
3557,0.0024638668039978816,0.224837684016862,0.20800783603838366,0.0021125101448541206,0.5625781029959024
3558,0.16427045591755499,0.007158533586653554,0.03573051457123761,0.6923773989221883,0.10046309700236537
3559,0.8448133826636264,0.033578386256904943,0.031200006246765628,0.01976458480515466,0.07064364002754829
3560,0.13496702434260407,0.006075008975683571,0.046848028135882125,0.553038780854121,0.25907115769170935
3561,0.8684670697430521,0.002279970951028626,0.0018965611756402033,0.0932980316972046,0.03405836643307432
3562,0.03675382468402914,0.08521802864848789,0.039840421096003026,0.04108773508945894,0.797099990482021
3563,0.3260760265669515,0.0042078491893819325,0.021119826432719434,0.5705882507538607,0.07800804705708644
3564,0.4496847478606123,0.006708128776477534,0.019030261559282644,0.3208293336526447,0.20374752815098285
3565,0.15237134944718694,0.006852851339192042,0.025899993868633158,0.6043264472885213,0.21054935805646646
3566,0.27265635742611005,0.006642685008765195,0.03524649333469814,0.4957463672782666,0.18970809695216007
3567,0.21228557400992012,0.006731348780740795,0.04655873350936504,0.526000717896063,0.20842362580391113
3568,0.8831077362327088,0.016432492765068425,0.01814129286137486,0.01564389087148898,0.066674587269359
3569,0.0017641484142956992,0.24429626688712922,0.38959227023698545,0.001241518457029266,0.3631057960045604
3570,0.02074857457639693,0.4874937895248061,0.42250287499208394,0.0008571849999830843,0.06839757590672996
3571,0.4258174175379938,0.0047825536591504444,0.011131788984086111,0.29913480169567047,0.2591334381230992
3572,0.4798324714208849,0.007880818744445772,0.015268583963834664,0.4362763558092873,0.060741770061547365
3573,0.0002665514844583323,0.12363965753918514,0.19656248120320702,0.001090473382504787,0.6784408363906448
3574,0.38714622069072147,0.006194315695690907,0.03565272875044873,0.5033027441595107,0.06770399070362823
3575,0.6647674315701769,0.02147468900035894,0.03290014790567415,0.10097042367301441,0.1798873078507756
3576,0.4836913384288636,0.0092573505147629,0.007463321665070716,0.33187926741491663,0.167708721976386
3577,0.038654539476109674,0.03148200505494558,0.05397669484487603,0.6722491089733041,0.20363765165076447
3578,0.374718051029968,0.004798059278104844,0.018610006084094563,0.43654254577263063,0.16533133783520187
3579,0.8950593036513312,0.0014704754549275366,0.0012311784877028211,0.06292980883306463,0.03930923357297365
3580,0.009696944690938677,0.013254968325324083,0.1567602066020346,0.5265061034414644,0.29378177694023816
3581,0.57216633080226,0.008362730864776336,0.012423819378476244,0.29644034435372324,0.1106067746007643
3582,0.0001373048111870546,0.5709707318746073,0.15964318763205138,0.0012693198479132855,0.26797945583424093
3583,0.03062291203583348,0.01643538244655392,0.02982256557420517,0.5780822890855414,0.345036850857866
3584,0.14343659496567668,0.008208385824882862,0.04430429167814106,0.5566825218726282,0.24736820565867118
3585,0.22302505662524905,0.010401258381704762,0.021516308256983706,0.48857966245711726,0.2564777142789452
3586,0.3368049484137945,0.004149452427316234,0.020500835481555794,0.5700695408796068,0.0684752227977266
3587,0.40680344798205387,0.009507178807903464,0.026716386669195822,0.44957066051566585,0.10740232602518103
3588,0.16103820627538337,0.006253882775893133,0.09380782961232015,0.48037727362126137,0.25852280771514197
3589,0.799861648454016,0.008341749757407953,0.016372793603908687,0.06224074726831789,0.1131830609163494
3590,0.9806872204683215,0.005329709021009648,0.003653634500536054,0.006007666176529839,0.004321769833603018
3591,0.2712412183344186,0.017667306744717656,0.21575107617521544,0.31314808988301973,0.18219230886262855
3592,0.9702368134715592,0.0057839980963706634,0.0059762124173712555,0.006485076967696949,0.011517899047001878
3593,0.9587105115394846,0.007372574029915326,0.008337194985377518,0.01333666184364333,0.012243057601579222
3594,0.8825494735061039,0.0018562895309426515,0.0004359843470323344,0.08878553946814786,0.026372713147773306
3595,0.507265030800452,0.10642254708687873,0.07001891696278352,0.21292554067824296,0.10336796447164266
3596,0.0004647974680769619,0.4618594252930204,0.11011761512416142,0.0007092464825633878,0.42684891563217786
3597,0.14812171891452255,0.2213531541703273,0.0639586967818883,0.11308187949588015,0.45348455063738186
3598,0.11885352725155593,0.0025975395022788247,0.024568608758030602,0.7228360768213664,0.13114424766676824
3599,0.7896584023709585,0.032019932791971954,0.04003819039330952,0.029707539652517573,0.10857593479124233
3600,0.033343297289172465,0.7987030726780792,0.10705724381626089,0.0022584872625838978,0.05863789895390377
3601,0.1144735201022072,0.013565485951750328,0.08567200314611394,0.6284545043022923,0.15783448649763618
3602,0.29387381461253376,0.00666918162627724,0.033044763127649944,0.5954126655358518,0.07099957509768712
3603,0.19495492931988948,0.007656648374965404,0.047178924700553314,0.5706457527767382,0.17956374482785353
3604,0.868618106668918,0.008613658952169997,0.020214755991040657,0.05171772132695147,0.0508357570609196
3605,0.19726590169791733,0.005228553372296833,0.040946985144241034,0.5166690470147252,0.2398895127708196
3606,0.04300379331301438,0.5522354592513549,0.1791317130912751,0.00659533191568411,0.21903370242867162
3607,0.5320560169644597,0.004480168075043128,0.00906158384565107,0.4215986920270927,0.0328035390877534
3608,0.13108083319666927,0.005579268083351601,0.05795608024721952,0.6129551607269799,0.19242865774577977
3609,0.007459121868119542,0.019202514258276702,0.09092619953125552,0.549819287135077,0.33259287720727126
3610,0.4767426958841858,0.04640083927270656,0.04819663689906609,0.28186322854894175,0.14679659939509976
3611,0.28326252798180057,0.004911603370474229,0.02099345106613447,0.5149254634264565,0.17590695415513424
3612,0.004131987627953545,0.36937969412264915,0.534267942112833,0.006794841204224944,0.08542553493233936
3613,0.22247237598853356,0.00837860034079037,0.02731963708699239,0.5317144605182512,0.21011492606543242
3614,0.2779135011786653,0.0063854584863374374,0.01787634592812171,0.5204368321433475,0.17738786226352815
3615,0.01338722168949675,0.020644253815788847,0.1389291404289932,0.4601975873393325,0.36684179672638867
3616,0.2843813445175268,0.007101817152115986,0.025780583279523504,0.5334563259304497,0.14927992912038404
3617,0.43264728497782967,0.14689022330526086,0.08293538319635331,0.17319720548072665,0.16432990303982956
3618,0.03144603117066756,0.09981000261668456,0.07461819663092617,0.0466650655817514,0.7474607039999703
3619,0.30873293737637064,0.00933852426413104,0.014629901915076335,0.3937002423374219,0.27359839410700015
3620,0.5271898759101723,0.011362916017789194,0.003721594164843125,0.39393735619344467,0.06378825771375067
3621,0.8411522382693716,0.007314289311139267,0.015314032802725325,0.10684584763871005,0.02937359197805369
3622,0.1632708779431496,0.003990055496799295,0.029961279427603557,0.6083961311568683,0.19438165597557916
3623,0.44857346401253384,0.00527564632283672,0.022987503428200655,0.48271060392226667,0.040452782314162244
3624,0.006799099356093553,0.0052742034992285585,0.08270585395862826,0.573619556360311,0.33160128682573853
3625,0.8301569560844759,0.012820519480100332,0.026614766727625114,0.017650783264967343,0.1127569744428314
3626,0.0004565027225588421,0.1576503328290102,0.13820621597687177,0.001005324958292456,0.7026816235132667
3627,0.49960964608853137,0.021164695667542328,0.04231039206084821,0.37572837904933154,0.06118688713374641
3628,0.03174667671858305,0.6841020107992527,0.16006186607444514,0.016316329220807196,0.10777311718691175
3629,0.021133091040083537,0.2788873346150396,0.07221511665728063,0.014891268268586116,0.61287318941901
3630,0.5353246132459089,0.005711495641603292,0.05114491092557273,0.07759891277644969,0.3302200674104656
3631,0.4109615804848468,0.0026752070790689994,0.01910489930729409,0.5364263186947666,0.03083199443402344
3632,0.006942273825174597,0.15925058568155373,0.24608238102775343,0.0036244401020058365,0.5841003193635124
3633,0.3226197144761917,0.004002308168445439,0.021270191548895867,0.42415849807267464,0.2279492877337924
3634,0.6252038797545998,0.18910218743798884,0.05157622199155581,0.039903149075211454,0.09421456174064403
3635,0.040979023768973194,0.019548375668265585,0.0678290760542761,0.03030360162873797,0.8413399228797471
3636,0.5873317100161599,0.011572289160438046,0.0824495750204036,0.1300933167119343,0.1885531090910642
3637,0.6059292751755065,0.07928411720213818,0.07290944310946748,0.1312599917700468,0.11061717274284094
3638,0.009591536496778635,0.05184734704378096,0.2927315242630097,0.10096511294281074,0.54486447925362
3639,0.5304587045902575,0.00542789031276337,0.01431829699814748,0.389130527761103,0.06066458033772858
3640,0.011281466174439826,0.005372499577475996,0.13786450069143066,0.5028170493661237,0.34266448419052986
3641,0.026275836927490664,0.027272409430551918,0.09951364389675485,0.6959023726484233,0.15103573709677934
3642,0.05762614782328978,0.039498207069229886,0.38051103909809747,0.2978729036252351,0.2244917023841478
3643,0.06893916340390051,0.5722043865008274,0.21231074567578792,0.005871270789376981,0.1406744336301071
3644,0.2978511380744657,0.006157804860466826,0.018089561357450608,0.449210681232042,0.22869081447557477
3645,0.9066939589771839,0.008442686145250114,0.003072260750798445,0.014786272587995785,0.06700482153877194
3646,0.47011382912080407,0.02373778960559813,0.05857218008606879,0.28094324471832066,0.1666329564692083
3647,0.012039870319694775,0.00874870796419197,0.07454643054564218,0.47838315386600916,0.4262818373044619
3648,0.09485977893697868,0.03905573472504433,0.011525996332202516,0.12448149290320103,0.7300769971025735
3649,0.8563976929835934,0.09845568920144197,0.01733219071801784,0.00405132876486552,0.023763098332081317
3650,0.31458579488366073,0.007015621811371823,0.02290195666156051,0.5772675630997155,0.07822906354369134
3651,0.980684345781689,0.0028541857570932192,0.0029393304127338423,0.004125951015096082,0.009396187033387801
3652,0.2036176836522337,0.006310883847204046,0.0405069504480344,0.5311846189103573,0.21837986314217062
3653,0.022343689160088175,0.049994290630826915,0.09742862004178522,0.03654703641812246,0.7936863637491772
3654,0.039006127372930736,0.1497997821979415,0.3045807515939269,0.06920162551640195,0.437411713318799
3655,0.004666807922106492,0.3019366010560402,0.5593907736154233,0.00406547177006034,0.1299403456363697
3656,0.38051616511242553,0.006456588454524464,0.010120177859185224,0.39149015940094195,0.21141690917292272
3657,0.005076338512938251,0.349320413954659,0.2038082723617778,0.13858226312290856,0.3032127120477164
3658,3.3784450689837454e-05,0.6026648012881402,0.02450960743513313,8.605539327660112e-05,0.37270575143276014
3659,0.0003668544571236196,0.37792596570253817,0.5474997209100287,0.0025721411125638905,0.07163531781774543
3660,0.778794376188969,0.0035602111695125184,0.003684199438064739,0.13559362105162123,0.07836759215183256
3661,0.4667272732772955,0.08606202856210157,0.08794565471988515,0.1792029141928289,0.18006212924788892
3662,0.17100727531871956,0.006426868701280086,0.03708166731394753,0.7207721669766939,0.06471202168935883
3663,0.9337306586714363,0.011983135662294423,0.010709123094215109,0.01547667333519165,0.028100409236862724
3664,0.7866657486326314,0.16892816387577334,0.01572100119580663,0.0073936638955020015,0.021291422400286513
3665,0.27777223456028877,0.011194748639412574,0.034968837313461676,0.5595092995477396,0.11655487993909733
3666,0.3637689913534136,0.007964082745757654,0.014507931920047632,0.24406944004412168,0.36968955393665937
3667,0.08410509287880508,0.13178494467701476,0.0753383414663481,0.046718304111127,0.6620533168667051
3668,0.5607747830435688,0.0020297017053342737,0.0050655536981178036,0.14927261175477935,0.2828573497981998
3669,0.006802988247479711,0.018327660052197017,0.09860528618293482,0.5360561406271932,0.34020792489019536
3670,0.5122303955359782,0.017718840012560192,0.04927580542540175,0.2581844999169457,0.16259045910911424
3671,0.18741577057459338,0.00845042426232554,0.036124406577616425,0.561080057201632,0.2069293413838326
3672,0.07759522716500106,0.23374592794180146,0.20892284005960796,0.11016784413968686,0.3695681606939026
3673,0.15234384281072408,0.003579992496664083,0.024650881579548155,0.624618598964006,0.1948066841490577
3674,0.014095557562956317,0.024461591692065295,0.06994470070255766,0.6557371228892774,0.23576102715314337
3675,0.36919750922283784,0.0036399111876044645,0.016838078600552656,0.474950392113613,0.135374108875392
3676,0.001220418307491336,0.47941173375344165,0.45100348887017966,0.005378858816200756,0.06298550025268668
3677,0.14362556403011512,0.24040009345765034,0.2084402013688163,0.007404273949769953,0.4001298671936484
3678,0.020000899970087905,0.028270945510262373,0.06147034440618521,0.27315271680906233,0.6171050933044022
3679,0.0005311685599617417,0.08490945588340133,0.13853564474093844,0.0008762348848807751,0.7751474959308178
3680,0.5278686576436984,0.01397431219538561,0.007034690959861958,0.3248832358774976,0.1262391033235564
3681,0.3497614646865259,0.03064043569725743,0.08544471549794987,0.16364475349528673,0.37050863062298006
3682,0.43002839884621763,0.06873379507159619,0.08942897433299589,0.16763379276946755,0.24417503897972256
3683,0.3295709311745425,0.011596167509453963,0.01573913564859772,0.5519830814184782,0.09111068424892764
3684,0.47377162667798334,0.003377545525902419,0.009960262903921253,0.2690720825048401,0.24381848238735299
3685,0.06745668743631238,0.40737779957189774,0.2578787768065817,0.00712927197162617,0.2601574642135818
3686,0.09675747585883152,0.008136544949480094,0.023633906463311167,0.7083427642683584,0.16312930846001888
3687,0.021352010019300507,0.028824558438724477,0.05134206728097144,0.03644866742260189,0.8620326968384017
3688,0.4340376416917569,0.0106819749746562,0.008714933201560603,0.2742828333863035,0.2722826167457229
3689,0.18586207077665715,0.17572959998294904,0.5451925241457858,0.03361498491859684,0.0596008201760113
3690,0.005247744769586279,0.29941833470189727,0.5890409231220336,0.0034607183935805455,0.10283227901290233
3691,0.19322846342037944,0.005725625133983512,0.013607639781725318,0.6582342046794597,0.12920406698445205
3692,0.45959043731854105,0.024557503635420298,0.2709023292092286,0.1076837923593178,0.1372659374774922
3693,0.7802409471495367,0.05484735761006909,0.04384562154021858,0.0015054425909892207,0.11956063110918651
3694,0.44061993925649906,0.0398656886607212,0.17851478736727117,0.1996463362238922,0.1413532484916164
3695,0.23168117150353973,0.005602047378623919,0.05013853356538795,0.525468358935093,0.18710988861735536
3696,9.649417017802955e-05,0.24843390908212282,0.13252315490378808,0.0009178452753000879,0.6180285965686111
3697,0.6298582214976111,0.004063565503467671,0.010259863868352662,0.319116862358937,0.036701486771631535
3698,0.3178386069966096,0.04028457745741282,0.05403388558508114,0.31962281698611544,0.26822011297478093
3699,0.32675676186919905,0.021586686970527496,0.2578426801438193,0.22005749789272824,0.17375637312372594
3700,0.019873962125210413,0.09609999862032885,0.40118279668606965,0.14943821536298366,0.3334050272054075
3701,0.0041563682993892605,0.021837153008563568,0.660250771594892,0.022333495090309283,0.291422212006846
3702,0.4466868495095784,0.005350378097079498,0.020490876083775575,0.44696524876201194,0.08050664754755467
3703,0.0005064575899933707,0.15913911702327585,0.12902124785714725,0.0011194020975753268,0.7102137754320081
3704,0.8913136525213562,0.04574039211364197,0.01448332843107482,0.010751717835709086,0.03771090909821802
3705,0.15136031677806477,0.4512926717099408,0.19589437821254882,0.0076538789329368565,0.19379875436650876
3706,0.9194938517477277,0.012682130075558474,0.01373971833720944,0.015580712151487298,0.03850358768801703
3707,0.003052169693778899,0.05355509051929447,0.7764695019738219,0.0257940108846382,0.14112922692846658
3708,0.9268084095336602,0.012006781930755788,0.04541130025737382,0.005259365831559512,0.010514142446650814
3709,0.8742475227206024,0.05701532272352905,0.0159471232016411,0.0065328904512866,0.04625714090294103
3710,0.32572476553979607,0.004297366305009691,0.017764658262740127,0.45729383633499204,0.19491937355746214
3711,0.32801555336970867,0.008190895398474679,0.01943250982678298,0.4537977758616708,0.19056326554336298
3712,4.2418259221041665e-05,0.4685377034027209,0.032104689801597024,0.00017515253437103988,0.49914003600208995
3713,0.9118230153534873,0.00928817152973643,0.003024072736506952,0.0161622505832055,0.05970248979706377
3714,0.003883890776063334,0.3807287364727217,0.513570401246824,0.0056540596130769585,0.09616291189131423
3715,0.8053034937543224,0.015827816220323802,0.10754405738783752,0.018713427937767348,0.05261120469974874
3716,0.10248749727434237,0.05528899271323798,0.48429387218670833,0.11903118644299378,0.23889845138271754
3717,0.23901786617404824,0.0026793110641097633,0.02040749970591382,0.6832966901653408,0.05459863289058752
3718,0.33580088873404446,0.006327935135033313,0.03613910813513342,0.42044970339646937,0.20128236459931947
3719,0.784970708422962,0.091274057390841,0.030671561318256584,0.03755887634811248,0.05552479651982773
3720,0.6114271994018337,0.006550262804360594,0.013024044455714716,0.01794272488659296,0.3510557684514982
3721,0.0012720550371655391,0.07199980604062631,0.17447313690729407,0.0017221982100218691,0.7505328038048923
3722,0.23026421919022022,0.006308091644658318,0.011947695496621972,0.5810289645357406,0.17045102913275884
3723,0.18527469026000679,0.004145252012359867,0.04107631644820322,0.5984187118391152,0.17108502944031492
3724,0.2798549627843805,0.028258185068792012,0.06715306260334823,0.3361264443661107,0.2886073451773686
3725,0.1618172506086461,0.039157252219448345,0.12353962898798863,0.21327518485164043,0.46221068333227666
3726,0.08840102728190437,0.08904593887586203,0.37782907175229496,0.1481607693726111,0.29656319271732756
3727,0.6609494590313763,0.002428148111752241,0.0044248082788473754,0.28667160291911137,0.04552598165891273
3728,0.21168320362660398,0.0041237567334939775,0.049294988343209306,0.5056739292416016,0.22922412205509105
3729,0.3904191089554415,0.006686121870921678,0.04485834393065177,0.5036198287762762,0.054416596466708794
3730,0.0011414909334466767,0.37970408960745095,0.34352132384857226,0.0010075945409528614,0.2746255010695773
3731,0.060801683048776554,0.02146285536356235,0.013997300976736378,0.14469151788379347,0.7590466427271313
3732,0.27940751817866477,0.007388554886863559,0.030035195888870075,0.4841766934969672,0.19899203754863437
3733,0.0010596492355407258,0.10565595714595706,0.1739691986010895,0.0009530129352106324,0.7183621820822021
3734,0.214778234033858,0.009884482495271463,0.021318431364619077,0.6822904100289254,0.07172844207732604
3735,0.1910788594139948,0.008894012730880014,0.023965417004081096,0.725451921808628,0.05060978904241608
3736,0.3234684682912984,0.003904298110614661,0.01925440072860018,0.522724373134463,0.1306484597350238
3737,0.3612029277328484,0.16802830309399433,0.17507706239876952,0.013014244716041361,0.28267746205834643
3738,0.3505474380859641,0.0033015316903796943,0.011873531430153732,0.2973964365121657,0.33688106228133674
3739,0.32627798493049215,0.0036266077734765866,0.01397912719734286,0.5890896437119575,0.06702663638673077
3740,0.12022756090663363,0.002627568957685485,0.02485263983453808,0.7133992246233455,0.1388930056777974
3741,0.0027142733487648062,0.18907732941542052,0.2109124405894318,0.002684140866411922,0.5946118157799709
3742,0.28298241540612995,0.008324832644365144,0.03290382875356456,0.39401526140687115,0.28177366178906915
3743,0.0031336539586780646,0.19988801446129378,0.22246031573424202,0.0024776935312346106,0.5720403223145516
3744,0.2999065358864997,0.007512937073733627,0.00908605174893207,0.5724898742046931,0.11100460108614157
3745,0.6990283018279823,0.00949000860363446,0.005638220644416967,0.01384260820002204,0.27200086072394425
3746,0.2377533436917413,0.00201243726311475,0.029221133492855343,0.6745210764149302,0.05649200913735838
3747,0.011928096335314732,0.21797090526035534,0.6499572764321631,0.002785627201288768,0.1173580947708781
3748,0.9694862623142663,0.005870431205324195,0.005936611464300721,0.008238361219665317,0.010468333796443567
3749,0.8194526652832256,0.03070878645086075,0.024055167554645387,0.07195708516307482,0.053826295548193445
3750,0.29717238125781753,0.0025493119285701616,0.03142853139059943,0.4808081347601857,0.1880416406628272
3751,0.29965908236333805,0.02693537724199302,0.1108180709961465,0.14154463600919412,0.42104283338932846
3752,0.15798356725035417,0.00532884058977138,0.03275013412888119,0.5811245150237192,0.22281294300727397
3753,0.0003437446253073351,0.35464262191914214,0.21283907677132693,0.0008557769256981962,0.43131877975852545
3754,0.2659326806082992,0.06312981086614351,0.1578015504046378,0.37517046061367015,0.13796549750724943
3755,0.18963548127813518,0.004325895746545541,0.0474843515861506,0.5309909204146035,0.2275633509745653
3756,0.35797106836655435,0.004178285152786383,0.008574080793879698,0.4201493175522446,0.209127248134535
3757,0.014461633626455883,0.4298893800131911,0.44304843340564,0.0026562265265920085,0.10994432642812094
3758,0.2484153677853115,0.09752648712111334,0.09693940261987086,0.3859379073400058,0.17118083513369853
3759,0.7728851110183241,0.10447084828728037,0.0334506246422729,0.0060189959294887135,0.08317442012263387
3760,0.19287229693215951,0.2950267475259123,0.2644393106299383,0.011635456389535248,0.2360261885224546
3761,0.941021092085676,0.011627136038227284,0.011847367926408456,0.012481871643703233,0.023022532305985055
3762,0.28980166520795825,0.0038443301811837433,0.028271615988809975,0.4551342353036695,0.22294815331837853
3763,0.060432441964751685,0.4595732314109851,0.16620925005010992,0.006647814560278081,0.3071372620138752
3764,0.9683181127716078,0.006509945937015168,0.006148425290311635,0.008932578306729104,0.010090937694336338
3765,0.3117376172019045,0.05401314663163344,0.08573290055799163,0.2721324782233527,0.27638385738511767
3766,0.7120322246094132,0.011861433579479145,0.00448517123022456,0.1146494887458973,0.1569716818349857
3767,0.1219552119385522,0.2667884028762011,0.27861891900073027,0.02791139200799068,0.30472607417652575
3768,0.3865735509092549,0.01966763813132572,0.10457233912487987,0.10800515903128845,0.3811813128032511
3769,0.015014340584973225,0.04419641057975473,0.6840758019692352,0.05730125307893822,0.19941219378709857
3770,0.36010191329463603,0.018438478655370637,0.009348019786233699,0.33153758023229624,0.2805740080314634
3771,0.3462597894010231,0.004052043517218709,0.021184930890678088,0.4675153107137015,0.1609879254773785
3772,0.629447973090408,0.0037240192945378935,0.00454600882867657,0.13245945289853722,0.2298225458878403
3773,0.3394959973475334,0.007016711066105895,0.009486402662193602,0.5324975979318934,0.11150329099227362
3774,0.16889421697308726,0.0038512920263070985,0.030232362972705606,0.6293503745167206,0.16767175351117933
3775,0.4998934001748679,0.00563042813596988,0.012597852199674865,0.36458188858057367,0.11729643090891366
3776,0.3498700678700669,0.007237361193029088,0.010511663223844366,0.23159019045231474,0.40079071726074483
3777,0.0001412132048094967,0.45931107308966723,0.18684701382957736,0.0013451031390233528,0.35235559673692257
3778,0.003928847585025694,0.40621521587854875,0.27972436438757,0.0006669574173875545,0.309464614731468
3779,0.34719966269436414,0.019744675470442993,0.09977361900776421,0.3376275543227258,0.19565448850470288
3780,0.7179722190790044,0.07672212716518077,0.15507857169663777,0.008535345659319035,0.04169173639985805
3781,0.012091685521542028,0.01659267584265751,0.15293362820999493,0.3896471337795707,0.4287348766462348
3782,0.00042122802115102223,0.08174525800741983,0.17766731385054677,0.0009632863565169667,0.7392029137643655
3783,0.38790576129960447,0.02122702830112566,0.292250110959451,0.14591256983610829,0.1527045296037105
3784,0.36061263481489575,0.007681341450360501,0.021034699784942348,0.5142186868188603,0.09645263713094115
3785,0.008594395562733064,0.00906966459304233,0.1803310005797792,0.544297338268892,0.25770760099555334
3786,0.20595910410094678,0.002512000677087878,0.0470274151690356,0.5781000306541811,0.16640144939874849
3787,0.3496339960925393,0.002639893512328885,0.011479890009843192,0.26602012186433216,0.37022609852095656
3788,0.6476373319100629,0.006350213470374404,0.00612595459934122,0.20063974796761416,0.13924675205260728
3789,0.8098501631158948,0.08562244519740246,0.007273894969874662,0.004832747644484848,0.09242074907234346
3790,0.03574894282525682,0.35190283456129495,0.5276907024157808,0.0025122391762485495,0.08214528102141888
3791,0.26533500471541077,0.008900370146715051,0.034300056538011416,0.4428189462332669,0.24864562236659604
3792,0.441541415048126,0.06194560102795327,0.14934838461543024,0.17246834266924976,0.1746962566392407
3793,0.03637765554866733,0.028788825531106343,0.7329415864103745,0.02155517154622652,0.18033676096362508
3794,0.3787641138750384,0.01043918943339164,0.01617125357760096,0.5324065449382247,0.06221889817574422
3795,6.201151334266292e-05,0.18185853266192142,0.16975768994614363,0.0011809923564732273,0.6471407735221191
3796,0.26810602505032194,0.0074706391195103515,0.037017705357211,0.4840315844414695,0.20337404603148715
3797,0.8987108219587395,0.018549679464995878,0.01681551153703637,0.01287845945430971,0.05304552758491841
3798,0.9680778526367748,0.007593285235077045,0.005314354772547916,0.006222307123519218,0.012792200232080922
3799,0.0004259421863566965,0.30577437037966176,0.13839137891596323,0.000915869184693745,0.5544924393333246
3800,0.00912745779038888,0.026784179145682558,0.16918174127140206,0.5413508071268355,0.2535558146656911
3801,0.433751530982426,0.01813668356721584,0.08387492295786593,0.2594280313435513,0.20480883114894086
3802,0.00983605082157473,0.008141643218324661,0.14957885904706653,0.43466936504588893,0.39777408186714525
3803,0.04027067064762512,0.5869204030002113,0.3110381975273775,0.000790507125051904,0.06098022169973424
3804,0.0040741752763269875,0.38252003376519433,0.514956510363126,0.003240810896454592,0.09520846969889822
3805,0.6078697997887607,0.051967766549401606,0.09650972704701338,0.19496819975547802,0.048684506859346416
3806,0.312151064987293,0.004734831904133609,0.0213788941117423,0.561701886773419,0.1000333222234121
3807,0.33690940637604905,0.009175481541119045,0.024201905466575555,0.5451631769781906,0.08455002963806567
3808,0.0003682141183251641,0.33387078765738276,0.2317015781426602,0.0011356099065357886,0.4329238101750962
3809,0.12082396479576804,0.006154129172620429,0.04186611218375998,0.6848299039731047,0.14632588987474693
3810,0.004149540061626143,0.5546511885504058,0.3930930978341151,0.0005615813112171313,0.04754459224263563
3811,0.00900619718532598,0.014645621946590222,0.07619753627020943,0.607582132874981,0.29256851172289333
3812,0.13457409866892345,0.007820694868859878,0.02478671024975791,0.7651559152904557,0.06766258092200297
3813,0.8030509300877516,0.011671295161758365,0.034467190466656784,0.07391677369103304,0.07689381059280008
3814,0.033453171488463725,0.05660963288046793,0.04756466487881409,0.05663834496350589,0.8057341857887482
3815,0.02298690706809652,0.026986312821728035,0.25653771330175795,0.10295678566434766,0.5905322811440699
3816,0.8582969589474739,0.0689342543681883,0.028468561542703486,0.012039760490827235,0.03226046465080712
3817,0.5486993859225007,0.028260029717018756,0.08550984652942555,0.16807212088908052,0.1694586169419746
3818,0.23324979519050015,0.006255255617278166,0.032508800593904506,0.537254990845569,0.1907311577527481
3819,0.14362556403011512,0.24040009345765034,0.2084402013688163,0.007404273949769953,0.4001298671936484
3820,0.01423129736711865,0.01271274424445187,0.15849913016719783,0.46166706992509376,0.3528897582961378
3821,0.9775443183965987,0.00539562689321405,0.00452432352693258,0.00632062400705711,0.006215107176197857
3822,0.3885033347454903,0.00737495097383295,0.023125217280415507,0.41425635208889106,0.16674014491137032
3823,0.07818315575924911,0.0066991322148405065,0.09040937280846713,0.6769063075104931,0.1478020317069502
3824,0.3982437761575019,0.0063493726670804,0.019745801009038586,0.37364018487988304,0.20202086528649613
3825,0.1578442520157505,0.006690571845995,0.02256723205349759,0.6528817724178021,0.16001617166695478
3826,0.7404890435483447,0.007370083550382768,0.004180365025619862,0.13062391942414384,0.117336588451509
3827,0.0004959204813906487,0.2104162076106303,0.6637274688994548,0.005500328354354881,0.11986007465416948
3828,0.9709895142124367,0.0032803483902563184,0.006059249512834433,0.008812261916175495,0.010858625968297012
3829,0.28125264858122595,0.007298474069550518,0.01277151601765347,0.49382266646221235,0.20485469486935765
3830,0.2558380687387434,0.008904848094023882,0.02323329396159708,0.44924545462613563,0.2627783345795
3831,0.3895629380766467,0.013572804041199116,0.30641423772151466,0.12167207532976032,0.1687779448308792
3832,0.5387993666669185,0.018143259792437815,0.04003330567720142,0.2463465191236761,0.15667754873976616
3833,0.010809598670990113,0.01795156308371104,0.1191310589381115,0.7339373588626148,0.11817042044457259
3834,0.4952440564611607,0.022290299696242744,0.054627659063409544,0.2076885559738379,0.22014942880534902
3835,0.003781155250084653,0.49597741656527294,0.13453820442022063,0.0017958184471405403,0.36390740531728116
3836,0.22350043583122464,0.06621151335099887,0.4124881924982624,0.14675437593022778,0.1510454823892863
3837,0.35238378456586233,0.006179504977543761,0.02095050844615136,0.456859468498798,0.1636267335116444
3838,0.46345400233718564,0.015391363441798214,0.08433834035954384,0.38596360581030276,0.05085268805116965
3839,0.9396109119580367,0.005401839883280265,0.03933575711352887,0.00424130259985545,0.011410188445298569
3840,0.02743041498084322,0.03266134277730157,0.20471933879477844,0.06522141039722472,0.6699674930498521
3841,0.00035278309059713885,0.1304975125189685,0.1458751627354486,0.0003635707670872985,0.7229109708878985
3842,0.00011403491732128179,0.6474378739143818,0.11855252515215421,0.0007664275868823283,0.2331291384292603
3843,0.17993607421240557,0.006943361546019741,0.02644067343545637,0.6339233531458653,0.1527565376602529
3844,0.29131359106633165,0.016583357563114,0.008437920298824574,0.40308750297799045,0.2805776280937394
3845,0.292427048807357,0.023026094811302255,0.23103096340444199,0.2467155773441204,0.2068003156327784
3846,0.024045473817727266,0.024864635794937803,0.05587984029943745,0.3744122241574773,0.5207978259304202
3847,0.18226113486271722,0.36560430993526327,0.19407076112303526,0.00758262755476802,0.2504811665242163
3848,0.9693561338278701,0.0044120099322094335,0.004486834380835439,0.014643822088858163,0.007101199770227
3849,0.33555135870072705,0.010350822011690164,0.01071948793787584,0.40485897747002425,0.2385193538796827
3850,0.8404496222497269,0.013993649131757909,0.09373102135948226,0.010689849656403332,0.041135857602629694
3851,0.18782835008214796,0.00547600878613353,0.06256999047156381,0.5788696748264576,0.16525597583369708
3852,0.6888030599046363,0.019593978060615944,0.020213350658683554,0.07484963043069706,0.19653998094536712
3853,0.2781650039012862,0.022301231659901232,0.1324662626654676,0.29240851932437345,0.27465898244897147
3854,0.955160830026256,0.009158692054114674,0.009061571841467966,0.011132104366119496,0.015486801712041967
3855,0.6997068485283849,0.01741481251059063,0.006662823667207287,0.012465361320093155,0.26375015397372387
3856,0.20471682318957926,0.2976077593108311,0.20961952514279197,0.0164211840977247,0.271634708259073
3857,0.518919491938708,0.002961116699442621,0.015580855318563649,0.39120128793099107,0.07133724811229482
3858,0.22873620653544896,0.007129680195744506,0.03257110392855527,0.4750066855883766,0.25655632375187476
3859,0.8629782571040475,0.00657301945373516,0.018514625634466843,0.07376277658274709,0.038171321225003586
3860,0.02312623775658082,0.029998653768229737,0.032490213213879,0.21138510549082717,0.7029997897704834
3861,0.0029144233576652704,0.3540582530150434,0.549446207886388,0.006245825901761091,0.08733528983914231
3862,0.27059506569544034,0.014703536103604671,0.09265405404740559,0.5007122757943894,0.12133506835916
3863,0.2738735365242203,0.008086554214459633,0.025463138702355222,0.4817106504473908,0.210866120111574
3864,0.00022928016267291415,0.13557232353560886,0.18359177628901918,0.0013020155046192887,0.6793046045080797
3865,0.004604029755408538,0.32816788917904305,0.551961231271142,0.0036392966113651753,0.11162755318304128
3866,0.2274665738449264,0.009378724769822261,0.037315695312520596,0.5547488150785757,0.17109019099415504
3867,0.16768071509886778,0.007568034578511902,0.018552185720911184,0.6525641389043503,0.15363492569735882
3868,0.05808135708973009,0.033295888913485325,0.016271298845112643,0.30533944085290193,0.5870120142987701
3869,0.0003551268448971244,0.3316947932768544,0.16251758317411868,0.0008845193111720566,0.5045479773929578
3870,0.21539959854685356,0.005505882733077726,0.039775544455036345,0.5031936518204015,0.23612532244463078
3871,0.6708561459484814,0.026669394212452638,0.05911482931402653,0.12296229904068702,0.12039733148435247
3872,0.0005398718361318536,0.3214403281364011,0.5769927519417403,0.0036807865175994023,0.09734626156812735
3873,0.2873196159390477,0.03536011011588032,0.06261798347391422,0.3662020448469038,0.24850024562425407
3874,0.3737883483649212,0.06302106271245507,0.08009914574619176,0.2209303367783735,0.26216110639805845
3875,0.22419496164526648,0.027939701664023948,0.06695008140999775,0.3847454566849089,0.29616979859580295
3876,0.00038269755576041624,0.14892237075626455,0.16906625639745068,0.0009085274775004512,0.6807201478130239
3877,0.005902815350695256,0.011907650118572722,0.15295453818450072,0.5622603564350199,0.2669746399112115
3878,0.1688052108627053,0.005580347273979562,0.05088603992106558,0.5343923963966085,0.2403360055456411
3879,0.008953803789606236,0.0355038338517199,0.14879312026127733,0.4886311274452469,0.3181181146521497
3880,0.9637815801022627,0.004298055705905439,0.007789089910065351,0.008775307260007664,0.015355967021758865
3881,8.62134579564264e-05,0.28500451405578686,0.2578002103494746,0.0015495703981689972,0.45555949173861326
3882,0.3129513925740644,0.0014734505565890197,0.025935447211577943,0.4113574040236372,0.24828230563413156
3883,0.0005813704332039519,0.24496541486189477,0.6577329822396653,0.003470457795557236,0.0932497746696789
3884,0.2846012363610316,0.10286598424510225,0.14466527150874559,0.277431236379029,0.19043627150609146
3885,0.007237134670804164,0.06927446307352773,0.03466476307144425,0.1026464345410564,0.7861772046431675
3886,0.16910275515098855,0.00754448604539892,0.03853408137235884,0.5241739343586469,0.2606447430726068
3887,0.30787363284195984,0.009135927384768759,0.008765323984792846,0.4934760074608412,0.18074910832763752
3888,0.9286872898137273,0.009756625395902281,0.013135932799761853,0.020779755129486,0.02764039686112251
3889,0.9213260739067465,0.007043820053464977,0.012272522937730602,0.016657430582110395,0.04270015251994727
3890,0.3412068608114834,0.029385631585271983,0.09537316419597987,0.1716356595115676,0.36239868389569707
3891,0.6200608046522034,0.03609671606763369,0.18290562570188862,0.010985013194256297,0.14995184038401796
3892,0.08279486914945579,0.057934932529245836,0.047206389289328646,0.02530617700171029,0.7867576320302594
3893,0.0029978064541505995,0.14906039249863287,0.21281640509592858,0.003068574277317028,0.6320568216739708
3894,0.2146244681016647,0.0025657528338028303,0.025311889390750318,0.6354292664273982,0.12206862324638411
3895,0.3658365453178919,0.05538760692388201,0.21426505364461693,0.18782249251148647,0.17668830160212257
3896,0.45899107695002794,0.11308894302179115,0.048797472990386385,0.20469347594370518,0.17442903109408928
3897,0.5708647070810784,0.04418976107055521,0.18992457188823725,0.017385447593796798,0.1776355123663324
3898,0.32537182757756605,0.0020001615275629997,0.019788836596071717,0.6133647201450838,0.039474454153715484
3899,0.17375936680866735,0.005273045837218784,0.023040772433888038,0.7152809782651816,0.08264583665504424
3900,0.46489378937751,0.010412347066640413,0.009733839208882029,0.1527620047598827,0.36219801958708486
3901,0.7567894012900024,0.07156121672053882,0.05030651910375751,0.025183582730018698,0.09615928015568259
3902,0.0032019545609856875,0.17398341717966984,0.705472220433173,0.00620801700023878,0.11113439082593271
3903,0.016015105555848612,0.03866827641503892,0.08669170584894828,0.606734707370086,0.2518902048100783
3904,0.016033718808657837,0.020817066957448335,0.03647866309734114,0.4561024898454253,0.4705680612911274
3905,0.0055653337407407955,0.031225447900643414,0.08345951575710557,0.6797003958148153,0.2000493067866949
3906,0.24595555179542436,0.004424326494741291,0.018778516772265823,0.6923887206741434,0.03845288426342519
3907,0.2974064834172938,0.00557973313974016,0.02288921034537302,0.4695312814510994,0.20459329164649367
3908,0.5108169267604656,0.010704984830085935,0.010821622232578959,0.1386572708072848,0.3289991953695848
3909,0.3811125783931043,0.005631067621753403,0.01611634763323919,0.4563143942311529,0.14082561212075023
3910,0.7314909871980168,0.005557230059226101,0.028804774457208995,0.2011881530900165,0.03295885519553158
3911,0.009912463645437417,0.066893176153445,0.35725422072919955,0.058070888828844064,0.507869250643074
3912,0.36200314340841244,0.003275455450733427,0.011751050828771316,0.5624336793484114,0.060536670963671366
3913,0.35134068674889235,0.029362261183669365,0.09765290183441669,0.23759604291377673,0.2840481073192449
3914,0.5203651003931197,0.007090851772216106,0.007914050507680872,0.3497281301256437,0.11490186720133963
3915,0.6723224923936872,0.004894139701430035,0.004194181396855789,0.12062810558930068,0.1979610809187264
3916,0.23278632534157512,0.0063039063373398815,0.032083875778549854,0.5341159197647455,0.19470997277778973
3917,0.9450648975060641,0.004988816332487856,0.01173369686760612,0.019325856364988823,0.018886732928853227
3918,0.2924022773631416,0.011574816350024676,0.031735644004298014,0.45205285903600084,0.21223440324653473
3919,0.32446748875049797,0.16087346858655763,0.1591756753695884,0.2805524942139855,0.07493087307937062
3920,0.18734685995658962,0.005987888816865796,0.02906939635766676,0.5478376785898974,0.22975817627898037
3921,0.0021715934291640774,0.15765143363401796,0.25775959191862674,0.0032904996732503904,0.5791268813449408
3922,0.0672402614359454,0.002343457508144591,0.04143898836954722,0.7060047576481562,0.18297253503820662
3923,0.23777893571783187,0.004903635457975374,0.023997570462449068,0.6777097512467387,0.055610107115004914
3924,0.0026127567879766006,0.20238881174930337,0.18730048512490244,0.003200012996046874,0.6044979333417707
3925,0.986999776696815,0.001971019111138573,0.0032566063850098283,0.004490968592176699,0.0032816292148599335
3926,0.003363600378093881,0.07474900650436268,0.025979795123986106,0.1571644064939351,0.7387431914996223
3927,0.0026315904364690103,0.05776302983488068,0.03613879347237272,0.09909756377784203,0.8043690224784357
3928,0.49475276759684217,0.12777368926935556,0.14383306501676227,0.01965778702166103,0.2139826910953789
3929,0.3480497544599973,0.010638634547908992,0.06169277480525074,0.4204441037989882,0.15917473238785473
3930,0.00425679740855642,0.017979989342941254,0.7557248019718821,0.12773508820549803,0.0943033230711222
3931,0.4389386362012105,0.049813312621258786,0.055847686467341145,0.2726348505460407,0.1827655141641489
3932,0.37364269826705393,0.004243478985168763,0.02305373659069467,0.5375310872799746,0.06152899887710798
3933,0.31605977239121147,0.006366586691788865,0.01837863338986954,0.5511065566963594,0.10808845083077058
3934,0.9837182701837276,0.002920643612100094,0.003945143990946524,0.005440484866856884,0.003975457346368912
3935,0.027070959439991674,0.014815766899839359,0.0744398529074556,0.4504189649079652,0.43325445584474814
3936,0.37216943138397224,0.010371446940846182,0.01378666284926047,0.3291022108069405,0.27457024801898067
3937,0.2350951929502225,0.004206589934398194,0.009320117411889312,0.43883664389563176,0.3125414558078583
3938,0.008419522899296053,0.39120452508374737,0.48588115675361415,0.003459661988202259,0.1110351332751402
3939,0.2040368384264041,0.007652314292351943,0.03597643777021646,0.6203509417518045,0.131983467759223
3940,0.01844632194176142,0.010755548363862943,0.061201444411790526,0.5439370801776396,0.36565960510494544
3941,0.3925041810790251,0.027661140593786295,0.08782382407520982,0.216351423234462,0.2756594310175169
3942,0.9603655813400007,0.007297319106602973,0.007681795139886626,0.00916867210294222,0.015486632310567697
3943,0.11104089746380627,0.4469823347676758,0.20814626970760006,0.006939891924383745,0.22689060613653408
3944,0.17000472269184405,0.017177185095376454,0.051647007472488765,0.5570741361053922,0.20409694863489852
3945,0.33917896169688383,0.03526751633381073,0.07055346362629827,0.1897460252971602,0.3652540330458469
3946,0.02851761489361635,0.07694814798634453,0.039136858373030006,0.05202363170060187,0.8033737470464072
3947,0.6485204726093594,0.13022474650082846,0.05362875040675999,0.01649628334646298,0.15112974713658905
3948,0.311985344658374,0.002873485319431217,0.024207353350191144,0.5022540417672212,0.1586797749047824
3949,0.20294076305886888,0.011017001945487083,0.037622513949786815,0.7039355633515163,0.04448415769434097
3950,0.16779968798563966,0.0049359199145005495,0.03316849142855443,0.7000902687379889,0.09400563193331658
3951,0.007146747431690349,0.00739028477913884,0.12255522999181304,0.5339726248488641,0.32893511294849365
3952,0.7089560014019364,0.05447071482914197,0.022634775043938148,0.059407742124501804,0.15453076660048168
3953,0.03939290506164569,0.015540197786152626,0.10718038579347887,0.6937707882585642,0.14411572310015863
3954,0.10411854190054823,0.09282650242910905,0.5160343642652936,0.06973561176936069,0.21728497963568838
3955,0.3512992783310275,0.011377394990749924,0.011381460652632066,0.17981511365599392,0.44612675236959665
3956,0.33290113273433586,0.009500521028260326,0.005973144238553799,0.4915238860879741,0.160101315910876
3957,0.26553612319805375,0.009330213295507062,0.019807301133194257,0.5495590484343299,0.15576731393891502
3958,0.1871584808637938,0.044719988884819546,0.04627474989349439,0.45872384435283264,0.26312293600505976
3959,0.9689455038239138,0.005419453487798114,0.005630769946079936,0.006944099721845212,0.013060173020362883
3960,0.12140616838539496,0.002659674392737455,0.05993321234997733,0.5644368646038381,0.25156408026805205
3961,0.8180809797995662,0.006762326052019369,0.02023688228812672,0.10635735375257815,0.04856245810770963
3962,0.7342815743790222,0.06696183709492327,0.14679787394890595,0.007782131615282802,0.044176582961865836
3963,0.6106842114455628,0.04074489791589598,0.028230279896612236,0.06947744010214388,0.2508631706397851
3964,0.0003618696520099733,0.4167368240445031,0.5001547268193044,0.005389375298850676,0.07735720418533189
3965,0.9704526226797203,0.004291092870315019,0.005134459486811072,0.007420248280933102,0.012701576682220226
3966,0.011883558825435632,0.03932721522705588,0.7371458463474975,0.045412161779236564,0.1662312178207745
3967,0.0016881705289099505,0.3300596094920149,0.4216483826552345,0.0011951701668243852,0.24540866715701612
3968,0.8797395951078774,0.05005319822185183,0.020054771144140834,0.012640324946895518,0.03751211057923454
3969,0.9251965960513734,0.02724109633543415,0.01552358266912427,0.008257898810300921,0.023780826133767474
3970,0.5162604607188366,0.003945675269864353,0.006268247470749407,0.28783269217632473,0.18569292436422488
3971,0.6826490279814069,0.017648246935107924,0.060154000249117545,0.11703494627585659,0.12251377855851109
3972,0.08501133625186998,0.024619107468268862,0.03895794577868465,0.6758492652703645,0.17556234523081204
3973,0.22634048379975816,0.013871014904996018,0.014393785254938788,0.48972597822078096,0.2556687378195261
3974,0.34568284703097163,0.007620497974019627,0.02363510251191517,0.4628789720170877,0.16018258046600586
3975,0.5623613837883062,0.02697399794912055,0.07294739392382807,0.161942744986548,0.1757744793521971
3976,0.36016652573292346,0.0319094523835086,0.05234667745190821,0.3096425941957798,0.24593475023587982
3977,0.7316321074871811,0.005171248986421431,0.003793575565334107,0.13479852741261877,0.12460454054844447
3978,0.406603432838818,0.008270451977690071,0.019506115819546522,0.3907430915824229,0.17487690778152257
3979,0.20737627626808547,0.14492196664957024,0.2262860291309559,0.011206127066719964,0.41020960088466835
3980,0.8541975102281413,0.051080486692876695,0.030896467458741368,0.022435788862864202,0.04138974675737639
3981,0.163399428239321,0.12346463004955148,0.13295938354150832,0.08041924412162808,0.4997573140479912
3982,0.026825479243665493,0.02815808188325039,0.5141996665514896,0.20737065970632415,0.22344611261527028
3983,0.27279123628651947,0.00638466919951837,0.030831917010605444,0.5344490449199237,0.15554313258343294
3984,0.16828605139389907,0.005570183974433083,0.040788475332447234,0.645541030388374,0.1398142589108466
3985,0.48461594913409656,0.008467475475128208,0.010470586489598295,0.37493225673961106,0.12151373216156597
3986,0.4606016538303798,0.005390909758379734,0.012925548661165773,0.47877071043361885,0.04231117731645589
3987,0.34935144866331586,0.010958724082491716,0.02908522719519831,0.3877557979959523,0.2228488020630419
3988,0.06885492499287837,0.540284507613125,0.2194409626525877,0.0047441748579502615,0.1666754298834588
3989,0.006874865065483176,0.030773824591768174,0.31298546340655314,0.06876833752316915,0.5805975094130263
3990,0.06055012105805673,0.37686936542543126,0.49272589630563346,0.0009762237287927009,0.06887839348208577
3991,0.24554466655344473,0.006393232453722786,0.02101094389799347,0.6839569050378803,0.04309425205695878
3992,0.9354308348611852,0.01240524238801847,0.013875295930077098,0.006936505809606915,0.03135212101111227
3993,0.8535429498829159,0.059021749410342814,0.029568626532548336,0.021471563463849933,0.03639511071034295
3994,0.42257985179736207,0.263155674593914,0.09919596913863239,0.08219754263438206,0.13287096183570948
3995,0.37907856253985905,0.10782054512769525,0.08217570873676236,0.23073792740828938,0.20018725618739397
3996,0.4242258912533866,0.029890295101213885,0.05897222906580893,0.1752912052620817,0.3116203793175089
3997,0.008147671290161092,0.01853841312328666,0.13557870679014877,0.47298569711367033,0.3647495116827332
3998,0.017066694294633755,0.0167176977614436,0.08132277282141094,0.5275996000293843,0.3572932350931274
3999,0.6371039347148809,0.13026940003464904,0.012781905110811186,0.007242960589059881,0.2126017995505988
4000,0.8600469449475867,0.020087262126360434,0.029623532295121064,0.019676869318134404,0.07056539131279736
4001,0.7350642175632562,0.005479573317081828,0.0008566094849804238,0.12449043347529822,0.13410916615938312
4002,0.21075843288284818,0.004362273235590028,0.010513908127871157,0.6319677821681212,0.1423976035855694
4003,0.010697464764907755,0.01676679314872379,0.1539614144720488,0.49719484725339613,0.3213794803609235
4004,0.3363131720566248,0.011729820480880206,0.01661251912976845,0.468503504055402,0.1668409842773246
4005,0.000533800958406624,0.11591328790152167,0.15957714494209743,0.0009739466862368029,0.7230018195117375
4006,0.2773192400522323,0.006944090845583989,0.03924710681991303,0.4663258697913452,0.2101636924909254
4007,0.48680510650636205,0.0031648291192883293,0.012231824163221083,0.41201406999570306,0.08578417021542567
4008,0.2772539272123337,0.11081462895295154,0.11936371675167955,0.2631155455441195,0.22945218153891564
4009,0.822589857180524,0.006002923600178223,0.0041625960608500405,0.1121674342409748,0.05507718891747289
4010,0.5219779643314013,0.006730731695737816,0.01369041183372897,0.37922260917040107,0.07837828296873096
4011,0.9636391163900604,0.005617110319536451,0.00744189761784083,0.011904492119739457,0.011397383552822913
4012,0.0553255911247054,0.7763029043272636,0.10836852811339871,0.002045658862739356,0.05795731757189292
4013,0.8557234589910284,0.011722271919502583,0.0740966297296811,0.02214616282870292,0.036311476531085025
4014,0.4096935775764358,0.025626413669383577,0.09368212594044163,0.13624423350086215,0.3347536493128768
4015,0.0003612749736052511,0.10932039825803556,0.1694262134290147,0.0010481712246058616,0.7198439421147387
4016,0.9754757407142816,0.006605535026787999,0.0034973236947705593,0.008133074826475488,0.0062883257376843025
4017,0.9675591809066756,0.003305709608510953,0.007909426892716823,0.01014700844699951,0.011078674145097129
4018,0.09423495256382361,0.38721105888624935,0.19563378809249127,0.008365749903636614,0.3145544505537992
4019,0.9558770842602936,0.007162087565343956,0.009368282529147547,0.014205499744061895,0.01338704590115293
4020,0.710548503848434,0.011122091453948019,0.004894490238097715,0.013960943769295046,0.25947397069022515
4021,0.3602899848354956,0.00691710716148592,0.018470978164909294,0.4388120652368131,0.17550986460129592
4022,0.3684588434535828,0.002489133824421406,0.019482154405711254,0.5447351256106286,0.06483474270565585
4023,0.008691501572591546,0.29086268784742664,0.6157924129103984,0.003934324149404669,0.08071907352017864
4024,0.20464264291002626,0.28806523081501184,0.24661548839360373,0.016602192074216135,0.2440744458071419
4025,0.008499682958295481,0.13470920203446213,0.2595563097530082,0.0029907729408829523,0.5942440323133512
4026,0.5155876223788425,0.0030164307459975767,0.005206923950634658,0.4461868103911004,0.03000221253342489
4027,0.3135043766942762,0.004514372031710316,0.02238484704317576,0.44573168444144484,0.21386471978939287
4028,0.39175375818553504,0.01240587162231634,0.055569846832297376,0.38981841128784867,0.15045211207200254
4029,0.0013703364731835286,0.32148060332409606,0.5844874006287479,0.0057277943229581876,0.08693386525101426
4030,0.2528859929082419,0.005664944677386408,0.03345593284882919,0.5089613047080713,0.19903182485747123
4031,0.004056056944484943,0.22886900698269375,0.6345290864398181,0.0035418701447333697,0.12900397948826986
4032,0.34473629350765644,0.007654085453256128,0.021624096105094307,0.43474710867205524,0.19123841626193788
4033,0.2300807776396892,0.01687450662701861,0.008863064542394529,0.5443299821971898,0.19985166899370785
4034,0.24031051132242814,0.008360771968723377,0.04872329158564698,0.521553636931495,0.18105178819170656
4035,0.5564467949417817,0.03245979337008156,0.07783426198901673,0.16801571824677347,0.1652434314523464
4036,0.0009295356117983034,0.3239775801723258,0.23454437582387258,0.003924152041003291,0.43662435635099994
4037,0.2315049934764621,0.00430810260606627,0.03217899553389455,0.614497449891321,0.11751045849225604
4038,0.8320670375426255,0.04286308528205148,0.02537045658664006,0.020616236539321372,0.07908318404936161
4039,0.47897414233169017,0.008408310146974117,0.006031622189744765,0.2914434663357721,0.21514245899581882
4040,0.3427915882346319,0.006293902985689405,0.018337731159412306,0.4988881854444012,0.13368859217586515
4041,0.6145777761612792,0.007205260894339104,0.004529908822429568,0.3055474582732755,0.0681395958486766
4042,0.49762734860366353,0.018192658415534028,0.05930810828108202,0.1606593378703938,0.2642125468293266
4043,0.34998981138766194,0.01700422675536599,0.14511646434390804,0.177865844513625,0.31002365299943896
4044,0.2883529292371008,0.0034906118192269786,0.023616847345507896,0.5978273793690794,0.08671223222908486
4045,0.9314927829037501,0.007818272314680557,0.04280869120469242,0.00486214116376367,0.013018112413113065
4046,0.10893193138180274,0.5578519673375802,0.14628216157655827,0.005816346640161727,0.18111759306389702
4047,0.010102285645521503,0.13894865731539027,0.12213636146221411,0.6014766250101743,0.12733607056669988
4048,0.7181528844066878,0.009151115366061694,0.15605861965442666,0.038447244766013015,0.07819013580681072
4049,0.0004990980540826093,0.18028839661300133,0.2687409046160427,0.0039253144618498345,0.5465462862550236
4050,0.9614928818871606,0.007522728444487764,0.006906248001785847,0.005043912302465282,0.01903422936410035
4051,0.4454469153408368,0.008516083079593638,0.09525838859557977,0.3384387861552776,0.11233982682871207
4052,0.11774601306183143,0.00923843870599429,0.036353742128135365,0.6886655883556794,0.14799621774835964
4053,0.47464260005628617,0.0023079419370377074,0.016797133976282994,0.43583555883829156,0.07041676519210147
4054,0.04451471501834844,0.02549457761174754,0.031398514454046976,0.26674025145860514,0.631851941457252
4055,0.0002505058958129306,0.4149641338358315,0.19452991113609297,0.0010851049622559858,0.3891703441700066
4056,0.41297993779211684,0.008122726436366332,0.014717304861165481,0.5128712827144192,0.051308748195932244
4057,0.8406431988063369,0.012830099932980102,0.02669061119264223,0.019847406289653167,0.09998868377838784
4058,0.804393567923744,0.03423004826942208,0.03220579350536113,0.02855749402838336,0.1006130962730893
4059,0.44870750071855114,0.006017548986862141,0.014455206248350578,0.44870997436085286,0.08210976968538332
4060,0.5096359315807473,0.005610867938285924,0.014819761368221633,0.29831645262055834,0.17161698649218687
4061,0.3771471667288065,0.0063851460196996486,0.022055288240612845,0.4869999587474141,0.10741244026346702
4062,0.02033323844280105,0.10133400805006144,0.23892156302803771,0.09361551082933006,0.5457956796497697
4063,0.39367979063478165,0.006002664306104544,0.021094077017889786,0.4857849018625307,0.09343856617869327
4064,0.4164863083786722,0.005135697783280988,0.008670134113683897,0.5209836406265372,0.048724219097825656
4065,0.27398762036612007,0.002280971021533518,0.03687892093414773,0.6222857574686111,0.06456673020958756
4066,0.26201715817892574,0.021448832950405346,0.08203506163107566,0.3650299327870508,0.26946901445254245
4067,0.23344109841533772,0.044103335074059086,0.22527202633941965,0.32232181436049323,0.17486172581069043
4068,0.3039534808777213,0.0014565005426041997,0.024156001818333817,0.44847659496816966,0.22195742179317088
4069,0.00030502167856966004,0.21049124352445875,0.25546748059677243,0.0037012115940542483,0.5300350426061449
4070,0.9089587519123569,0.03331376760367221,0.017473048946696053,0.011013090845655249,0.029241340691619537
4071,0.3297140925925195,0.00476294249012401,0.017568176309841213,0.5245069424838384,0.12344784612367685
4072,0.44260394931265523,0.03609131619849755,0.08830123822615862,0.2699866831781158,0.16301681308457272
4073,0.1998194596257217,0.037190193904163595,0.1397354857438691,0.208161486389394,0.4150933743368517
4074,0.0028845823296410667,0.3504330205234652,0.5438203815478065,0.006181874360445536,0.09668014123864159
4075,0.001221866822691026,0.11160752837893873,0.13570178509870154,0.0007656328936008765,0.7507031868060678
4076,0.3570070224966847,0.03713576980368574,0.08547957995307448,0.23660292511622197,0.2837747026303331
4077,0.0006195050331904912,0.17708004919402073,0.12652888664090792,0.0008479652700628617,0.694923593861818
4078,0.30617779933052364,0.014205752126543139,0.04590287722846727,0.4061222879348738,0.22759128337959222
4079,0.5095834272645776,0.029328428412712774,0.22763868811421814,0.10451433246939643,0.128935123739095
4080,0.34719772942732297,0.017831711123585222,0.011464505803324277,0.5432206307665493,0.08028542287921825
4081,0.4855335339503712,0.15318835747522677,0.27758027087914494,0.007750099014318481,0.07594773868093864
4082,0.04569221540473701,0.23652725561069113,0.6211851290899203,0.0023367286144026908,0.09425867128024883
4083,0.1840779113994333,0.007614305641781256,0.012120133664358199,0.6437360339037089,0.15245161539071847
4084,0.19079219416255505,0.03348455504916173,0.11306334378782033,0.4089022155724584,0.2537576914280044
4085,0.7788603742523056,0.012974214846105937,0.036915213312125106,0.1499781982798123,0.02127199930965113
4086,0.2054991056391086,0.006172472421092465,0.04608211429507409,0.5282789341651328,0.21396737347959205
4087,0.17423929230310217,0.0045502365980230365,0.03931137544869315,0.5620341871906723,0.2198649084595094
4088,0.49556195268973924,0.01118793086192491,0.007313635509825086,0.40743416930395265,0.07850231163455816
4089,0.18936715025938267,0.005072479613504949,0.041985486527962086,0.6764904794586242,0.0870844041405261
4090,0.3080942898228138,0.005572327864983944,0.036358575136895874,0.5088709286939997,0.1411038784813065
4091,0.7491563665162484,0.0065905244639187475,0.006701158399536706,0.1826350166673295,0.05491693395296648
4092,0.012160482609497687,0.22450579064988255,0.646837351365591,0.0011427602753980393,0.11535361509963078
4093,0.7551158096202087,0.03628363029732651,0.018103304455459757,0.05258114045868346,0.13791611516832142
4094,0.24875008051136444,0.009214268917973369,0.023352984489029942,0.52496342862888,0.19371923745275224
4095,0.39835787255714517,0.17819850930810818,0.08005864608879519,0.20442913684106165,0.13895583520488977
4096,0.5413355032196691,0.007935072260259335,0.015222328063558683,0.36778095477247685,0.06772614168403603
4097,0.020406848953369344,0.010965855838968905,0.10548115657193713,0.5865140134246194,0.2766321252111053
4098,7.107260071250953e-05,0.4288306385770242,0.19469627856907357,0.0008481393772934395,0.3755538708758964
4099,0.17373456404301346,0.003508877434750367,0.06076102932142718,0.6252369646981455,0.1367585645026634
4100,0.030255212672875353,0.44018526603967006,0.38375529228646954,0.002286336829486859,0.14351789217149827
4101,0.7828687763980489,0.019811474737504622,0.013243531864244177,0.04961410073370238,0.1344621162664998
4102,0.2422298695230709,0.09686390268743042,0.1139337117485405,0.33993854802157103,0.20703396801938717
4103,0.2167549937003059,0.008927693143882486,0.04753897213969447,0.5270555099383577,0.1997228310777595
4104,0.00933749592450434,0.02460138873571189,0.10108443397363692,0.5756301551399191,0.28934652622622775
4105,0.05497328452479915,0.41676288100485626,0.28850298651288925,0.006148541875960299,0.233612306081495
4106,0.41622698567623023,0.005464549983527286,0.018419540072127913,0.38027274821210505,0.1796161760560096
4107,0.7897956422872596,0.1315344708554109,0.024474064837975557,0.019439008395192338,0.03475681362416175
4108,0.3331310084708416,0.00952612391645109,0.024757267865385107,0.5057622853103679,0.12682331443695427
4109,0.410590832196015,0.19446378402761835,0.06727417745374757,0.2363099085477967,0.09136129777482241
4110,0.1682398058554487,0.0053323432869649325,0.04174744085997332,0.5403890614601511,0.24429134853746193
4111,0.20912100862636102,0.031064810271667714,0.03074004622312712,0.6441896074337011,0.08488452744514305
4112,0.31319436796696604,0.005541548443810711,0.018211939625802406,0.6314872490495155,0.03156489491390547
4113,0.4733311622519405,0.004791401206939918,0.010412303172718145,0.4693934049077026,0.042071728460698864
4114,0.0028828817922737387,0.0585586395884555,0.0352844663360129,0.05188502811040412,0.8513889841728538
4115,0.46785565964520837,0.005138730124559551,0.017940775357925983,0.2630735958685369,0.24599123900376935
4116,0.9102128376720068,0.018891214613824894,0.016521624222149353,0.02210964201151154,0.03226468148050758
4117,0.1064946798491577,0.018333365555100813,0.017810821839268194,0.1819586316960955,0.6754025010603778
4118,0.01651508456162464,0.007534261442945368,0.07517566880487052,0.46244033052037653,0.4383346546701828
4119,0.004368023726365336,0.33302269315605104,0.5398833122394602,0.005713561407438515,0.11701240947068492
4120,0.30076831262330644,0.004801163563991712,0.03245244695775046,0.5438509124599034,0.11812716439504818
4121,0.3100183396014573,0.039355996831244085,0.10936741150472667,0.3685300855754874,0.17272816648708453
4122,0.0004316060767960034,0.0898606161424041,0.17447025832314564,0.0010971359505195883,0.7341403835071347
4123,0.9718510403383348,0.011936398818452498,0.0056461211100757,0.004055183572013652,0.006511256161123281
4124,0.004620976714083411,0.423276997610028,0.19018875653886771,0.0029015476759090535,0.37901172146111195
4125,0.6080655982753275,0.02882077427779395,0.08676508842407507,0.1727036634032882,0.10364487561951542
4126,0.04078750332746067,0.3165803656057764,0.23686667318623167,0.010195856640003075,0.3955696012405282
4127,0.30679856467638295,0.0281868158251276,0.08151175863693348,0.21933370791446236,0.3641691529470936
4128,0.33337627970737155,0.03827890211283246,0.07018450428146172,0.22691413968648214,0.33124617421185204
4129,0.24714363560472552,0.017567136327414586,0.05596499595470674,0.4410887070143919,0.23823552509876134
4130,0.23883131122185683,0.006720297962544619,0.03042075628694587,0.511400243172638,0.21262739135601463
4131,0.7071217841115768,0.12283752544929943,0.04617910030691779,0.05182573600267892,0.07203585412952712
4132,0.22567930160903607,0.00827866887469334,0.04360023962163448,0.4927404192749509,0.22970137061968512
4133,0.3528929118406197,0.018659266262349806,0.019023122567869196,0.3583351716932807,0.25108952763588066
4134,0.00354039617638128,0.09864316077190455,0.08039488749716067,0.04569896994160656,0.7717225856129469
4135,0.3586958050522672,0.006547329350053092,0.013964401022065196,0.34735182007403365,0.2734406445015809
4136,0.28470635488113943,0.014029069344543996,0.043826444977909516,0.5118875392392169,0.1455505915571901
4137,0.9522558532951857,0.008647343546187363,0.0075554675312117115,0.017140509628411165,0.014400825999004063
4138,0.003148901237370188,0.5338080930608277,0.02782351543382649,0.0008608712746702392,0.43435861899330547
4139,0.2573760194939801,0.002835826839351758,0.01768321219387557,0.657498590855652,0.06460635061714053
4140,0.26085177323198216,0.02547805454132159,0.06233789169103462,0.3495369094731493,0.30179537106251236
4141,0.2706763704940329,0.004308716049233017,0.02850692993315875,0.6479682623929617,0.04853972113061355
4142,0.6723461473025928,0.026127749340750874,0.045214666982167376,0.09720587019350838,0.1591055661809807
4143,3.949084208067057e-05,0.5366433616377151,0.14189771223884207,0.0006444186785987048,0.3207750166027634
4144,0.41766952513972305,0.00912379308366156,0.022346591478668163,0.4249092419182951,0.125950848379652
4145,0.3239421643406281,0.027091214204390777,0.06220089999574542,0.3097525489214864,0.27701317253774926
4146,0.20940473348236832,0.004740630877767032,0.02981838092312949,0.46014734789083134,0.2958889068259039
4147,0.007345236351716162,0.045307788166917225,0.6301483097971409,0.03262163472842563,0.28457703095579995
4148,0.9007758011124433,0.05674509109003454,0.014852283246367346,0.009390388969567577,0.01823643558158744
4149,0.0059365578901549075,0.44736900245849615,0.03476100786901868,0.0615083003586417,0.45042513142368856
4150,0.0034486354821525304,0.04419012256977118,0.7590183199069743,0.024276868725118837,0.16906605331598323
4151,0.7179154659489368,0.060440829086724254,0.05295613787043289,0.09291185058511833,0.07577571650878784
4152,0.5392583761690574,0.0056361730095809475,0.012125441603046716,0.39020021795153526,0.05277979126677975
4153,0.00022551118835498543,0.027841305305735486,0.8982681421215701,0.023019148910573783,0.05064589247376563
4154,0.5781897030468308,0.028993613192869347,0.05692773683979815,0.18460224645305692,0.15128670046744472
4155,0.2345711349680775,0.005278051317038887,0.04599450927693146,0.5331354678020104,0.18102083663594182
4156,0.3412170302145983,0.02123136978213969,0.07597321349662284,0.4269017335169433,0.1346766529896959
4157,0.2163905560461893,0.118171831266556,0.1809699594285114,0.016073644421419463,0.4683940088373237
4158,0.13382891109826273,0.013657326462533249,0.015077941579206874,0.13818943350860166,0.6992463873513954
4159,0.7170557690122304,0.0036236637084870976,0.005280605706906079,0.1672712791315304,0.10676868244084603
4160,0.6722865738611208,0.006017072084222235,0.0037165118580138857,0.24713675212232222,0.070843090074321
4161,0.014173608945619406,0.016317900045338105,0.038412594236067084,0.4994736367720728,0.43162226000090254
4162,0.022546006869634743,0.15059845732557184,0.6080660869658662,0.0014173385829627549,0.21737211025596442
4163,0.46814691511626316,0.011620976711375281,0.008536839176446317,0.22544240728342668,0.28625286171248854
4164,0.21333551655129712,0.0014469490891873041,0.03933736404223389,0.5743115917830051,0.17156857853427654
4165,0.35940593715601243,0.0026918957650201173,0.018215110654902656,0.5791591432784071,0.04052791314565768
4166,0.2806391030750188,0.006138594183591796,0.04322425405787604,0.6227787944894573,0.04721925419405614
4167,0.0017979827725984059,0.3674991591748849,0.1779382106772341,0.0024424066912896126,0.4503222406839929
4168,0.8774944748462153,0.04639532405647616,0.023779601783945576,0.011960646621172195,0.04036995269219068
4169,0.001229868849928274,0.20265890630153457,0.43474830434651196,0.0013306727633371942,0.360032247738688
4170,0.38620272548280316,0.015637085520451843,0.024817016814490032,0.027320386088063996,0.5460227860941909
4171,0.6578645121500836,0.011075014011943643,0.03386977049204553,0.1281152988469243,0.16907540449900296
4172,0.13218032544875394,0.03088903165443601,0.0085116259143549,0.32372708549959833,0.5046919314828568
4173,0.43793565781254035,0.024929966945917162,0.10529377741773244,0.3125586579571943,0.11928193986661587
4174,0.0129435317940144,0.13501501969924076,0.6784716601376808,0.0013377591637777663,0.17223202920528638
4175,0.29751694455182015,0.006923710969740456,0.02147400591018985,0.4787264816528067,0.19535885691544283
4176,0.00034939412415178477,0.12541398395492784,0.143161700719481,0.0009959659226221444,0.7300789552788173
4177,0.4122985527289142,0.005613060893253226,0.016889014933182768,0.4027561230252732,0.16244324841937652
4178,0.5218244781298113,0.003676316861890757,0.00180323980225184,0.3052991396832953,0.16739682552275076
4179,0.16431484885603678,0.1538888095032165,0.2780337530597894,0.017586338563284926,0.3861762500176725
4180,0.5984897821400056,0.004896110424565726,0.004474658228872887,0.12100255876925414,0.27113689043730166
4181,0.04687832087692718,0.020707324354177676,0.026310358139176607,0.197041199417539,0.7090627972121795
4182,0.6945662200899679,0.10562541675024124,0.039862782846307725,0.0151009213315899,0.14484465898189336
4183,0.9192268174576129,0.021073291596028203,0.0033732477576247834,0.013409678984423697,0.04291696420431022
4184,0.6110899992451579,0.0389856293084566,0.06156640001704656,0.15267255254832862,0.13568541888101032
4185,0.06996681399302093,0.6941788210565101,0.13768097270239082,0.004024960445865189,0.09414843180221308
4186,0.876885447781734,0.014115253499604007,0.005490580570113105,0.015513076168696948,0.08799564197985195
4187,0.4552440894373445,0.0070220347928873755,0.010942008974951458,0.16495209935005403,0.3618397674447627
4188,0.19241912447467738,0.010866900842686912,0.02587212274615545,0.6442007998231529,0.12664105211332732
4189,0.1301705772684473,0.006480030359319507,0.036936067724050184,0.5888033280939036,0.2376099965542795
4190,0.00019945907305635892,0.2148789071911975,0.19247636578198035,0.0011255780509925061,0.5913196899027734
4191,0.3181765161733231,0.013234731171649777,0.03202475648512664,0.5600951626456142,0.07646883352428624
4192,0.3171844173798368,0.005821851497999747,0.027684757315485198,0.5260453456330286,0.12326362817364966
4193,0.10296340805890641,0.010468515650230286,0.029821853781489806,0.6876724606515856,0.16907376185778797
4194,0.25174062881899406,0.007478162298733255,0.03843525575512385,0.48259250728397385,0.21975344584317502
4195,0.11117564931441676,0.07559586486740254,0.03243433256522968,0.636042083929337,0.144752069323614
4196,0.4297619385646667,0.014763124249582382,0.01362251904518104,0.2628739769168979,0.2789784412236718
4197,0.14521332054900365,0.005490808108689833,0.03232140155975386,0.6744524909960458,0.14252197878650685
4198,0.011770584661769222,0.00517944772880358,0.1274190899184336,0.4287267463071783,0.42690413138381544
4199,0.7250551986959979,0.006475884182993919,0.003043062540475775,0.20109478386145976,0.06433107071907253
4200,0.37378242066652706,0.14108840680161996,0.33603287592959974,0.03642694241084915,0.11266935419140423
4201,0.18582756699888417,0.011238910760966583,0.03751354024231498,0.6066586598089638,0.15876132218887049
4202,0.32659738272931416,0.009050829730676047,0.01817250272693995,0.5433251705804558,0.10285411423261415
4203,0.3019346426917389,0.013556778459609621,0.023959935899201954,0.4522145090285638,0.2083341339208858
4204,0.6093456865374213,0.02920655772265499,0.1914987164626971,0.00917815498460983,0.16077088429261677
4205,0.7191528760339744,0.019027392214289313,0.026472454848552922,0.07060343317504365,0.16474384372813958
4206,0.5985905701810492,0.053948660919392426,0.08851347598106075,0.15591632663017732,0.10303096628832024
4207,0.9518127640484972,0.013270493961040545,0.010801994796119171,0.008187443801636305,0.015927303392706687
4208,0.2659664015730018,0.015755332260549225,0.08166008547659152,0.34190617657861916,0.2947120041112384
4209,0.42633092552348373,0.010101557502892457,0.022328934880254586,0.34048983666006016,0.20074874543330923
4210,0.0027602033957027593,0.303703485801203,0.1090098954059551,0.005517088003537457,0.5790093273936017
4211,0.10474059194841095,0.004071309119189567,0.03127220099168377,0.7062808250337785,0.15363507290693715
4212,0.3038051444056067,0.002093976896578312,0.01917016705960568,0.6296529797919744,0.04527773184623498
4213,0.018035785295529672,0.03178332558651303,0.19637232068022548,0.07167340064468047,0.6821351677930514
4214,0.9743341053682052,0.002925483281191954,0.004788156949946863,0.005825574054827506,0.012126680345828394
4215,0.9855687906260029,0.0033262176297700376,0.002533489051260311,0.004682311765098163,0.0038891909278686316
4216,0.6363142341827667,0.033777617687103356,0.08581236210302354,0.11299989639621622,0.13109588963089025
4217,0.016552152546284452,0.013744509940792373,0.08210843814248434,0.546545332686061,0.34104956668437786
4218,0.011820461681463659,0.04207083395392131,0.3074458063973893,0.12961982984461545,0.5090430681226104
4219,0.007958443138263866,0.23491127778305015,0.24307400724658731,0.0036974363129160903,0.5103588355191826
4220,0.4987305708626987,0.06820451092799404,0.07490495964075077,0.22244467896249248,0.13571527960606417
4221,0.003854522502401511,0.21175660776352778,0.20591569455234815,0.002873879050964368,0.5755992961307582
4222,0.8289470410681945,0.048309910921480154,0.032672150316469424,0.020592934905400106,0.06947796278845603
4223,0.3722972386921747,0.026536764786865747,0.021705361395210523,0.4945422183901987,0.0849184167355504
4224,0.010536570120422186,0.02388373907375381,0.16112763748935544,0.48540255780287783,0.31904949551359074
4225,0.011778063553268705,0.343707292916526,0.5501564739804985,0.006108559004196172,0.08824961054551066
4226,0.17959282632158863,0.0054003143503748964,0.03894876966033957,0.5994304894694824,0.17662760019821444
4227,0.0033658053082327557,0.25871599883702917,0.6353927448360338,0.0035998948176476533,0.09892555620105656
4228,0.3000260303095913,0.002785528957034498,0.027245657866527197,0.4186839695373439,0.2512588133295031
4229,0.3619593310912024,0.005587071984369284,0.03015924139490608,0.3600322925927859,0.2422620629367363
4230,0.5481564311239007,0.09304276868375755,0.25169714581562574,0.005434010595870882,0.10166964378084518
4231,0.3231313349638807,0.0031151979253261535,0.015512969899118274,0.6014740039272662,0.05676649328440869
4232,0.21405439154083375,0.004598609934746012,0.03450463062695055,0.5933748236740883,0.15346754422338132
4233,0.32959436431665046,0.03118292206343824,0.016687206022647495,0.5705492452643204,0.05198626233294331
4234,0.3083792813796474,0.11674816592700046,0.02650985851009676,0.10467413456667726,0.44368855961657827
4235,0.051823859669427,0.21515103140326103,0.6458237698161479,0.0029986381178003824,0.08420270099336367
4236,0.21790806596048454,0.0034958746223682515,0.007220231504481768,0.7052844929059667,0.06609133500669863
4237,0.6662371260754362,0.011268627917489784,0.02203285513480151,0.1487987894607454,0.1516626014115273
4238,0.34374800834465996,0.011931280556629387,0.0173991453768795,0.5331779099326076,0.09374365578922353
4239,0.43196657570912933,0.011830822064862584,0.04492981882553461,0.44182443838405244,0.06944834501642101
4240,0.0005449559487357443,0.25682098517406454,0.19322831668350898,0.000983467371128103,0.5484222748225627
4241,0.014519202395513239,0.025897735859163794,0.07939382978975307,0.04824790125454313,0.8319413307010267
4242,0.22653511608109542,0.0019609822229607905,0.0260256664393894,0.7020748293837352,0.043403405872819316
4243,0.00901665474834153,0.02700997945858648,0.09888802441158932,0.5439326711632019,0.3211526702182808
4244,0.32749779091382336,0.03169536992977734,0.3409268963955177,0.050045690952103414,0.24983425180877827
4245,0.29042125370934385,0.0032552289324147905,0.02033770797390219,0.5421986712196948,0.14378713816464436
4246,0.181623794378559,0.017125660076714882,0.38357411911104394,0.18891718248038042,0.2287592439533019
4247,0.45666241207066777,0.00566169408461785,0.012668774743852945,0.44608555223108987,0.07892156686977173
4248,0.4189824611205735,0.004089654089857284,0.0045580758032911116,0.5510270174059959,0.02134279158028212
4249,0.057419763136753975,0.0458037550871878,0.0725186698146503,0.05116308920448123,0.7730947227569267
4250,0.3190983231756422,0.002729353921286437,0.019649052085137616,0.5914024667629807,0.06712080405495315
4251,0.005330708786525645,0.08752950129716489,0.011005629345905718,0.002854714980243064,0.8932794455901607
4252,0.01765313554380683,0.01791217162672464,0.12003538016958222,0.4263762114047108,0.4180231012551754
4253,0.1056981850100125,0.5612020678113774,0.19473843153699616,0.005878700362594312,0.13248261527901956
4254,0.9157481382125257,0.03758928692672599,0.01608864415770553,0.011962919631305986,0.018611011071736835
4255,0.21599018145337842,0.006192948851831541,0.023053274428325186,0.6188666708879039,0.13589692437856093
4256,0.27833948395283925,0.0043106873954210515,0.02501145018068749,0.5097139592827404,0.18262441918831165
4257,0.19172837908184942,0.004181900196338356,0.03282761311989084,0.618352798299376,0.15290930930254534
4258,0.5144740319330916,0.11866466070672202,0.27803696502401987,0.012698251219718903,0.07612609111644764
4259,0.21701880755894323,0.012424726652973509,0.07817486597880988,0.5296892244033589,0.16269237540591452
4260,0.02226913606515423,0.4528722307558826,0.43875779436706414,0.002154427485727153,0.08394641132617199
4261,0.34090146450876063,0.006956800487598882,0.004019902963933898,0.40250663805410586,0.24561519398560075
4262,0.0015576995800475194,0.028377687314721605,0.7685011110165837,0.04345540347882701,0.15810809860982014
4263,0.3181531140469469,0.019568964168668868,0.011431166467133873,0.3983799292851072,0.25246682603214327
4264,9.242097894989366e-05,0.4350274870239044,0.14397686196604023,0.00026408636010357296,0.4206391436710018
4265,0.3982046071959784,0.005940725579745059,0.012267077758331687,0.3885827061117351,0.19500488335420973
4266,0.0005219648328624875,0.30299095195301096,0.4453537356336418,0.0010691090204554563,0.25006423856002946
4267,0.20003964934448407,0.0927025596258657,0.12953686159512143,0.4103382449189773,0.1673826845155515
4268,0.22812892875355767,0.07090765494060158,0.1515890527643356,0.4721997123754443,0.07717465116606095
4269,0.0202999714072683,0.018080649328538062,0.09184683829014244,0.556591373638394,0.3131811673356573
4270,0.25255624862821996,0.3509165593420173,0.2614593118707905,0.016857913886483337,0.11820996627248888
4271,0.253709629628423,0.009389572651389455,0.0349800600244824,0.42709177756530137,0.2748289601304038
4272,0.16194176211599165,0.0031750756556074636,0.03128788807619213,0.6727126738457118,0.1308826003064969
4273,0.4763679724782502,0.0065596435331872595,0.010427774610972702,0.4284049542813387,0.07823965509625112
4274,0.27351047082331226,0.003736089425194352,0.03235232615515332,0.585885225051595,0.104515888544745
4275,0.015730849361220343,0.015490021475201078,0.09359113453988488,0.7802180322116423,0.09496996241205144
4276,0.016582568226141996,0.4977627707469057,0.41805530305447913,0.0014590947227773217,0.06614026324969602
4277,0.21539571665629356,0.0034762256031505307,0.040995876997787374,0.5465607637590841,0.19357141698368438
4278,0.49580481514913527,0.018099855264900534,0.05651413035111666,0.26060367411907825,0.1689775251157692
4279,0.17171136206835658,0.010071879459561991,0.07337605201842269,0.6168415567893324,0.12799914966432632
4280,0.0067583925537151425,0.43050878239942436,0.4745969903536589,0.004904910113240073,0.08323092457996148
4281,0.006436333275989732,0.4111097031374844,0.4996266325294903,0.003362377696232646,0.07946495336080289
4282,0.4050677029877904,0.0056478941947081035,0.031485285216134744,0.3268021416773636,0.23099697592400328
4283,0.5457901799747439,0.006376233912452341,0.011446590840916433,0.3595002174350409,0.07688677783684644
4284,0.15683494223940747,0.03947601761276817,0.025634123069655994,0.38376065814392346,0.39429425893424486
4285,0.30693545098757585,0.009273567197199623,0.02465192945013272,0.593147852651718,0.06599119971337362
4286,0.007765199566471472,0.010443996578187533,0.0943000620321755,0.6068971872223039,0.28059355460086155
4287,0.899673499135814,0.0030933770408314793,0.0008957428017556287,0.06452974691504855,0.03180763410655027
4288,0.5028465313180646,0.004119260033457758,0.013279065309878194,0.3784348986444934,0.1013202446941061
4289,0.2357048407352268,0.006967074787382948,0.025106173140690236,0.6013183535151985,0.1309035578215016
4290,0.17171136206835658,0.010071879459561991,0.07337605201842269,0.6168415567893324,0.12799914966432632
4291,0.205192851427364,0.016163280782088594,0.048503449210000785,0.4458773053006382,0.2842631132799085
4292,0.09366571371185495,0.03306749058118699,0.008441999950818154,0.18942563342102145,0.6753991623351184
4293,0.12058692670134498,0.1950133437799578,0.04465387327413525,0.06713353940199092,0.572612316842571
4294,0.0003832896337558498,0.3679010097174152,0.21113832672864344,0.0012967350684541254,0.4192806388517314
4295,0.9322305587650954,0.03029839780906636,0.012052026359465961,0.007578487841620137,0.017840529224752166
4296,0.08818988193268375,0.034166116253581784,0.030039540505410214,0.28600054990366786,0.5616039114046564
4297,0.2812134970109033,0.007093133994785126,0.034460708500981735,0.5400649484097385,0.13716771208359138
4298,0.9244984541505071,0.01110163356844781,0.011383707855769776,0.013269260743674521,0.039746943681600894
4299,0.9501252520864166,0.003019257571917806,0.005165660889803955,0.031656167172102526,0.010033662279759064
4300,0.13633383388632694,0.0077449085568531235,0.026696260681007233,0.6379398019719572,0.19128519490385537
4301,0.7731988984684001,0.006343585333476167,0.012137570431737188,0.038210383885971574,0.1701095618804152
4302,0.4305305402804929,0.09027378668904751,0.09163198475554259,0.18012144671507863,0.20744224155983845
4303,0.18325218872235052,0.31310670071891666,0.2054595528480715,0.006877520525241056,0.29130403718542025
4304,0.008562768990337661,0.02528379861034477,0.32646682250563214,0.06874568738789054,0.5709409225057949
4305,0.0038699716515717348,0.10873905663602297,0.7028168850175456,0.024118457138905286,0.16045562955595447
4306,0.5800850905996835,0.016320115663959717,0.045380694852978035,0.32965845865800814,0.02855564022537069
4307,0.15802937636029654,0.0073524237346297445,0.01092016234986406,0.6253940352781496,0.1983040022770602
4308,0.5289222001468824,0.007146059852482,0.01572471639567374,0.3648224916005526,0.08338453200440932
4309,0.33817795705576414,0.05278144960789051,0.030573118517967825,0.09621556508688785,0.48225190973148957
4310,0.46900189432610506,0.0638377248366177,0.11110628224593265,0.24634540535782656,0.10970869323351813
4311,0.04191390668622025,0.0179835648602059,0.024997882934934296,0.32858213396017694,0.5865225115584626
4312,0.20677054064203618,0.00482741462841233,0.036890669119621834,0.5267914304999463,0.22471994510998333
4313,0.41604245570005527,0.06226050083497235,0.12277953356026992,0.26487354404398267,0.13404396586071993
4314,0.5776666706301705,0.013519045396930569,0.051094136736491685,0.15425044674639393,0.2034697004900132
4315,0.005351875344028625,0.010616084538822294,0.10549326606574687,0.6427626631921632,0.23577611085923886
4316,0.9064652126141903,0.01612100968172035,0.014136413560848493,0.01298751047328902,0.05028985366995166
4317,0.0031585659746680484,0.3651410674308663,0.5117610386433747,0.005955195235463866,0.11398413271562709
4318,0.8265018503185203,0.013511809128479789,0.10003373625649303,0.00822780697106191,0.051724797325445174
4319,0.06777253433823664,0.07369479885704013,0.6052568630191186,0.008006783882072209,0.24526901990353225
4320,0.4169640507507081,0.004533394475209387,0.015039393613297338,0.33995050128687215,0.22351265987391294
4321,0.9636239719457631,0.006790406985800565,0.007906078382362222,0.00806667122666094,0.013612871459413424
4322,0.4351894474214612,0.06175800549891392,0.09402114423627494,0.35217765085642794,0.056853751986921996
4323,0.9439655293821265,0.00729878640039269,0.012212259082243066,0.019171422699033002,0.017352002436204873
4324,0.22114234407321745,0.004583400478084051,0.022319893594684705,0.7072404056915989,0.044713956162415074
4325,0.5052013344413121,0.038743001388814265,0.07301494967600083,0.2612381407634001,0.1218025737304727
4326,0.0007312727591069695,0.3195375512959129,0.13756665027344922,0.0010828075328017338,0.5410817181387292
4327,0.3615891675565998,0.15357609312230455,0.05887904735584581,0.12636842003716636,0.2995872719280834
4328,0.0006775301182038495,0.4349182743911706,0.3577519359536037,0.0007266593101698106,0.20592560022685186
4329,0.013650722529944486,0.012231254894542179,0.08639321594118003,0.3794050356652853,0.508319770969048
4330,0.3460311613363718,0.015911088393409156,0.052324567253282626,0.09465572189842666,0.4910774611185098
4331,0.2898282879501387,0.0048213645218655905,0.009164361852659144,0.6164299679062106,0.07975601776912593
4332,0.2336820330129442,0.11572117523306402,0.15536955246423517,0.3928906972468673,0.10233654204288942
4333,0.7210867188755126,0.005944180077291252,0.003726755630698074,0.15985790905660985,0.1093844363598883
4334,0.4321405804058659,0.03665863412046545,0.06161047338080511,0.3254442024663591,0.14414610962650445
4335,0.1362066258097283,0.007189730209596922,0.05315244702409867,0.545855753980577,0.25759544297599907
4336,0.08144445790200082,0.041842607341048894,0.006820892731783241,0.11525800309705563,0.7546340389281114
4337,0.8857285365353939,0.022657038244102482,0.019145365810823177,0.01307784723620273,0.05939121217347761
4338,0.15637038658233585,0.0052657666707167415,0.032362492713403565,0.570451191732252,0.23555016230129192
4339,0.2013643920688897,0.006384626548140029,0.03576596871185631,0.6009429191593681,0.15554209351174586
4340,0.2608129569613227,0.006466643429350733,0.03192956946746279,0.4445663193173918,0.25622451082447206
4341,0.6445472144275094,0.08166387885370177,0.02447655722458852,0.08220747903209305,0.1671048704621072
4342,0.011986845933155268,0.3126179983652426,0.5741815931401135,0.003513108484135915,0.09770045407735266
4343,0.34124241473890843,0.18168373271991523,0.16334437480804886,0.019415307727177478,0.2943141700059499
4344,0.002425258056473293,0.32608171270683844,0.12959448185540084,0.0060734542345614465,0.5358250931467259
4345,0.32117569256619427,0.043239914206619656,0.1379812556518835,0.119965090526074,0.3776380470492285
4346,0.18667977802547672,0.006375394062697714,0.046971955610839514,0.6094742586968206,0.15049861360416553
4347,0.23337803921113087,0.19983985688527978,0.2656397110438491,0.014518157243566832,0.2866242356161734
4348,0.7915223817728086,0.022288953352453237,0.027380014196073284,0.029035236295232685,0.1297734143834322
4349,0.003684445866372442,0.3611776180606082,0.5381920051118049,0.005721160841542895,0.09122477011967149
4350,0.004123437935530724,0.09687767616202936,0.07196675049235397,0.04252888731476673,0.7845032480953192
4351,0.2080552036208126,0.0028232450381276072,0.03585090754800029,0.5228764741661611,0.2303941696268984
4352,0.39542268280218384,0.0036667312430082,0.01611860856936319,0.3830559156286894,0.2017360617567552
4353,0.2543065168356488,0.006101966138792314,0.0349845532957147,0.659175071335362,0.04543189239448219
4354,0.0015814822704328761,0.0842179619603555,0.019992115861376863,0.052283350435819526,0.8419250894720152
4355,0.4290609769455752,0.010415770098856367,0.016027075697575718,0.4063134330561816,0.13818274420181106
4356,0.0005505487486110132,0.19722634838234324,0.003482024521083482,0.019456238542912577,0.7792848398050498
4357,0.8783918507043162,0.014299676035123748,0.019685090110262583,0.015438039984488824,0.07218534316580873
4358,0.6183384722423043,0.009199106519919576,0.03118356895116943,0.24669511904477442,0.09458373324183218
4359,0.5238089390636116,0.00956116461984165,0.010948352389919123,0.2994177522232718,0.15626379170335578
4360,0.1717242374270725,0.006589606893358251,0.04428860658568946,0.5926655694231182,0.18473197967076155
4361,0.27268626366559656,0.04126493384700669,0.1534856041478823,0.3958280888190758,0.13673510952043863
4362,0.12164866096888532,0.03879757709454234,0.05042236315328565,0.38232798167613263,0.4068034171071541
4363,0.014594366834148473,0.03427136121252131,0.18350975969939706,0.45139560016291963,0.31622891209101356
4364,0.2264582231422859,0.012367717100575491,0.022365333300258115,0.6557645675875247,0.08304415886935589
4365,0.9834316994960214,0.00261207114454562,0.0030741470463242038,0.00582401498360252,0.005058067329506102
4366,0.11590213326963522,0.1664158490078618,0.5727082383266717,0.038553913715664696,0.10641986568016651
4367,0.38817101160430195,0.33974205527730234,0.1657674594691042,0.013488062075478367,0.0928314115738131
4368,0.29942012146439,0.010750252436792597,0.01396541688490056,0.31377468142283066,0.3620895277910861
4369,0.2584976213789054,0.18320263013309915,0.352661007659805,0.04986454834070637,0.15577419248748398
4370,0.023198435111469424,0.8176609474279997,0.10046168896983224,0.0018980753824113196,0.056780853108287344
4371,0.0030924055601124116,0.5461592774395899,0.3861843356539012,0.002043470035524562,0.06252051131087193
4372,0.9428977190166681,0.01210769727591116,0.010724005759941726,0.009033779608478412,0.025236798339000617
4373,0.6575815534003971,0.003257714645693495,0.010079239708129205,0.3038620379769838,0.025219454268796317
4374,0.9520937224630357,0.009500825124177367,0.007952886140253797,0.007057898385380494,0.02339466788715278
4375,0.7559972936533241,0.03361490194532384,0.012705569346641979,0.07249957162850121,0.1251826634262087
4376,0.25978652827845955,0.00494320920582665,0.029338286815976566,0.656903872402499,0.04902810329723816
4377,0.40275651777976595,0.03681767831015244,0.008982803603357176,0.18213961434395481,0.3693033859627696
4378,0.1762695516207599,0.0025191710198072866,0.028594682880289383,0.6149520993731928,0.17766449510595056
4379,0.004375133825522147,0.03357645076864932,0.5806438646767998,0.009462882024413066,0.37194166870461565
4380,0.3366208461646661,0.02797001110190729,0.08260629740372015,0.2058997000934482,0.3469031452362583
4381,0.12644474021440594,0.008351957158481131,0.041639795405202296,0.5828333641029935,0.2407301431189172
4382,0.2794901696356883,0.02091251624235701,0.16976217455507442,0.4325607127382534,0.09727442682862691
4383,0.31042340145556935,0.0033291417127389008,0.015728105001036767,0.6186972708106804,0.05182208101997463
4384,0.48369782862804617,0.05414093448197725,0.10381541594818897,0.1755255062758566,0.18282031466593107
4385,0.6158723757868199,0.010970974793920925,0.008980975629937143,0.28023880875929463,0.08393686503002752
4386,0.007008283500182507,0.3637375671739894,0.5406527233610942,0.006145866028298515,0.0824555599364353
4387,0.31245187766770716,0.003742992130377568,0.03309254728870639,0.48902158436386683,0.16169099854934213
4388,0.0473698427836698,0.02790307424795888,0.03888026095195282,0.22153698898186783,0.6643098330345507
4389,0.3044016598623528,0.008611351162831592,0.02104035560491381,0.47592186953703075,0.19002476383287115
4390,0.2087505953977904,0.002300700249740058,0.02439845332511656,0.6448295844076706,0.11972066661968245
4391,0.00022202666551655813,0.2318902887148965,0.47042363500967976,0.0012620676542259217,0.29620198195568137
4392,0.23925515477991896,0.1019255803823575,0.11634524710030118,0.3328271606852909,0.20964685705213143
4393,0.6502656576205197,0.04040847370419122,0.020710023548426514,0.04469238889972985,0.24392345622713274
4394,0.1561023634669326,0.0041824332902447225,0.03822798318739039,0.5631313629939207,0.23835585706151152
4395,0.0006667205222002891,0.10615478056665095,0.1575138010642311,0.0010909285868293947,0.7345737692600882
4396,0.0009044945134965626,0.33640368303112167,0.19161291516524315,0.000969682686854194,0.4701092246032846
4397,0.20872020491738152,0.004569696925223176,0.010441789438743555,0.4637017546744484,0.31256655404420325
4398,0.5674608332988675,0.06351629478552874,0.050853220892655975,0.09347696726030116,0.22469268376264662
4399,0.2504435043038492,0.006826731010584103,0.03349239830684054,0.6516796912034882,0.057557675175237875
4400,0.015603875412154732,0.015836025852476687,0.09594274557540945,0.4951839032608316,0.3774334498991277
4401,0.16256657211592057,0.011586487043912621,0.04814501039035157,0.5236523960445766,0.2540495344052386
4402,0.0002466143526952375,0.3450359276790616,0.201642288217396,0.0031979507816795624,0.44987721896916755
4403,0.0005360414522696819,0.26405230130837276,0.231230328198101,0.0031940257434277743,0.5009873032978288
4404,0.19555494978103388,0.006464765198081031,0.051343392919434155,0.5487712931804576,0.19786559892099323
4405,0.00016296020237686144,0.25087085548050125,0.18230436799579597,0.002205530622150404,0.5644562856991755
4406,0.16654110114040632,0.008905939654300307,0.03507260887967976,0.6160009628476468,0.1734793874779668
4407,0.018751802483928357,0.05549786121718631,0.08735999397305652,0.04117169718304641,0.7972186451427824
4408,0.013247790578531256,0.030761552526501527,0.7063084304323937,0.05372614949293973,0.19595607696963382
4409,0.002556489943783927,0.27216319192191696,0.24651791637830145,0.004044785176702088,0.47471761657929556
4410,0.21454611669056553,0.0034269111121531574,0.035785312079989244,0.632661465101432,0.11358019501586007
4411,0.4966782885280481,0.0020850221591976405,0.006804314633185687,0.21956884669501714,0.2748635279845515
4412,0.33797789973668524,0.05891545373545232,0.1108710934180884,0.31427810364116343,0.17795744946861075
4413,0.22310362763075098,0.07072899847002825,0.13699364941780226,0.41699544956286394,0.1521782749185547
4414,0.002545543566535978,0.1247472572998623,0.5626801659912966,0.0033700568184081227,0.30665697632389705
4415,0.6902934978882921,0.05205980410269176,0.03660953464110311,0.0900568546746999,0.13098030869321323
4416,0.35315545084450295,0.007521523221701829,0.024347128420224972,0.5322138285749445,0.08276206893862581
4417,0.013528483929503453,0.016958452758430834,0.11127171911184972,0.46247553967923083,0.3957658045209852
4418,0.5398882554849749,0.12659328135614015,0.22543871948838184,0.02617014668024404,0.08190959699025922
4419,0.8398832617826613,0.011254380646528134,0.007128367463513097,0.03369535440105214,0.10803863570624558
4420,0.0037103470345926193,0.19160195204400654,0.6625780251187922,0.013918727522184563,0.1281909482804242
4421,0.21796793022048613,0.007205706074762918,0.03921646690985607,0.6116671711603225,0.12394272563457234
4422,0.841811363248816,0.13485846017538636,0.009298884335071145,0.002518672376055605,0.011512619864670738
4423,0.000743013865046459,0.16658859736176948,0.18909715429252316,0.0016142940339365236,0.6419569404467245
4424,0.46739930992595213,0.019148882577590374,0.2704772474660067,0.16656724701510928,0.07640731301534144
4425,0.16610683659080566,0.008103838578669455,0.04053473345632109,0.5812247508825081,0.20402984049169565
4426,0.2841136966542325,0.0019920290174177957,0.02915095461547449,0.5755066312867377,0.10923668842613753
4427,0.021393752525238573,0.08207686742835206,0.09846113202319595,0.04473887892187669,0.7533293691013369
4428,0.010865306121414337,0.05562304530611301,0.10128886289314695,0.09707584371814741,0.7351469419611782
4429,8.823232281351379e-05,0.21845598582624579,0.18099913545455776,0.0010600852084342277,0.5993965611879487
4430,0.6628836713710865,0.010000321919209009,0.00423348586980036,0.12463044514086777,0.19825207569903647
4431,3.744618813850009e-05,0.7015414943700125,0.10469281159123868,0.0007250485213887768,0.19300319932922175
4432,0.3605069885268237,0.005631426090044216,0.034199056253852465,0.40505099101961234,0.19461153810966725
4433,0.5957561055209438,0.009908764536371253,0.003409993385837894,0.14415825362464676,0.2467668829322002
4434,0.19175643311084176,0.003855386577159808,0.046312807125650175,0.5793715727528137,0.17870380043353462
4435,0.9656092686596238,0.018730463948069372,0.007197200452066451,0.0024023376834529384,0.006060729256787517
4436,0.4265865215114663,0.005243051180195808,0.018691678652595477,0.3883660528888652,0.1611126957668772
4437,0.8731558434349981,0.04199876241597518,0.026856849877576805,0.013862297650354835,0.04412624662109501
4438,0.24269456893346136,0.005176816330506481,0.03205698952416851,0.47008816634051903,0.2499834588713446
4439,0.8579082410651223,0.003358823971047755,0.0021482000726356716,0.08452736340006718,0.05205737149112707
4440,0.40337292314576956,0.0277290033928531,0.05856859117108444,0.32696629222229495,0.18336319006799803
4441,0.00017602549029676568,0.21383919680289315,0.19636694488180215,0.001281594560678714,0.5883362382643293
4442,0.6276148251934522,0.017809816597368692,0.008468038865153175,0.2695155769478588,0.07659174239616716
4443,0.4125857626190699,0.006462743469218924,0.05075381584348699,0.37473239470228004,0.15546528336594412
4444,0.4002249169072464,0.024553925844166442,0.11928168094189225,0.20166227448159646,0.25427720182509844
4445,0.29841148630000924,0.022882520112332674,0.07145515365585116,0.32950123202400416,0.2777496079078027
4446,0.034595930795320445,0.5569422405964679,0.34541021675662986,0.001301906106387301,0.061749705745194575
4447,0.15645355161186303,0.021833842831457055,0.020210098661229536,0.6552357655411394,0.146266741354311
4448,0.2953705387440722,0.09374911056632704,0.039792381647903156,0.11769777559818649,0.4533901934435113
4449,0.04596874118328721,0.7839920612649702,0.10944190116807548,0.0020659207887851493,0.058531375594882
4450,0.0037670630421729047,0.00782616285640203,0.10126044690132041,0.6202884766047981,0.2668578505953065
4451,0.14766428729295425,0.011442663885091135,0.013326236229775055,0.6872309168930525,0.14033589569912708
4452,0.768647807383404,0.02972266365173526,0.025076489869121223,0.007447874795746212,0.16910516429999328
4453,0.28019433299084767,0.004755239461443759,0.029459287140987,0.4651411076438147,0.22045003276290687
4454,0.3898818058902852,0.008702759695764836,0.0197099640697812,0.44113807218516093,0.14056739815900782
4455,0.25236340306628224,0.1115178836352205,0.18596150964540806,0.2946700879832279,0.15548711566986123
4456,0.46459401931514527,0.0077883881194670485,0.0073824856401258415,0.2669619481311187,0.2532731587941432
4457,0.3215266462365223,0.0037029870890661204,0.01396294459618906,0.6375292684725768,0.023278153605645727
4458,0.013517818013575548,0.0384793865544486,0.23788947789212586,0.11569936232444228,0.5944139552154077
4459,0.5636962223073237,0.012031262202196342,0.007386937667741244,0.27359357860587863,0.14329199921686006
4460,0.0009106741982715509,0.26078460923675817,0.11268706349297526,0.000823086700573471,0.6247945663714216
4461,0.08794026356275814,0.025495572027191372,0.5810985150424488,0.12251856888792036,0.1829470804796814
4462,0.5703341013493008,0.02587618718793637,0.06954616638774545,0.25383159898728636,0.08041194608773089
4463,0.17631155330200668,0.007002854076458709,0.0850020339059038,0.5135586842801013,0.21812487443552944
4464,0.0012578105036668077,0.31847069046368465,0.26458751348760984,0.0036833453289357786,0.412000640216103
4465,0.8142549429509363,0.018943750762104816,0.008112048397279827,0.026603396795227375,0.13208586109445175
4466,0.9541783522018054,0.006125878329941533,0.010121451573118907,0.007350262019206131,0.022224055875927993
4467,0.43361088604084147,0.059977574699012146,0.1879786741202234,0.014767300197568719,0.3036655649423543
4468,0.22395307129734995,0.005900866001280981,0.02127583834491269,0.7010606106422853,0.04780961371417095
4469,0.000522204586479987,0.23214488002924052,0.6518373134230592,0.005664012283940252,0.10983158967728011
4470,0.21579161847362302,0.0045761981312951745,0.03810139872528396,0.5124937735722375,0.22903701109756036
4471,0.00026049993702316905,0.6646651292282608,0.22187374630473958,0.0005158268428952813,0.11268479768708109
4472,0.47561551895140763,0.016149859177642886,0.012332262167807174,0.019677516748784853,0.47622484295435735
4473,0.3424954650136987,0.00486034690534907,0.018263070578797922,0.5798334320047303,0.054547685497423996
4474,0.017526599526333467,0.02173277949721554,0.12570362736284013,0.698227528700995,0.13680946491261572
4475,0.1733851827382312,0.0027844181721487296,0.0385521287822188,0.5900522120256015,0.19522605828179962
4476,0.011682864755033766,0.014038605179258494,0.10945233999157657,0.7433631001788945,0.12146308989523662
4477,0.1550041179486319,0.009157372833050854,0.010444535527399632,0.6518810207764977,0.17351295291441998
4478,0.1719356367687576,0.0051071207184692595,0.03527978734429163,0.5904474013585005,0.19723005380998107
4479,0.2603446731345878,0.008570046302570522,0.006614774988722217,0.6265447798838969,0.0979257256902226
4480,0.03272216456239902,0.11227929254067887,0.053375153028410435,0.0574406678308029,0.7441827220377087
4481,0.0005189096004161158,0.35372324192285326,0.43346156693838134,0.0013350537782654303,0.2109612277600839
4482,0.002324289627635775,0.20380258778186344,0.20092683145044987,0.0022043909000714766,0.5907419002399795
4483,0.1675414573878654,0.003978997585529073,0.029025251365087743,0.6964942452385007,0.10296004842301706
4484,0.2469878709292275,0.024216276108628376,0.12283835972118391,0.17322128183013963,0.4327362114108205
4485,0.028374464211643916,0.03252386569098601,0.08450146494727268,0.645738889351323,0.20886131579877448
4486,0.6146125158156749,0.0058874683420025884,0.04048418350024166,0.30507185696897177,0.033943975373109204
4487,0.7394049016236615,0.006383815276127569,0.006211155576492254,0.011701373144259892,0.23629875437945888
4488,0.33304829248079876,0.007135916230126862,0.030500279106936444,0.494490466409732,0.13482504577240598
4489,0.5191668575068757,0.006537862593136618,0.009962286271079555,0.17694750774434942,0.2873854858845586
4490,0.6348665961327068,0.00272614532403443,0.006055963266642223,0.2863368295908451,0.07001446568577145
4491,0.8904621183960721,0.012102631892954257,0.018703061164705447,0.008808825002201795,0.0699233635440664
4492,0.689800272151938,0.003946689922285139,0.004942641064040457,0.20670866499075088,0.09460173187098565
4493,0.6214974407375989,0.00393833683459785,0.0027016323296659614,0.3189182570220593,0.05294433307607799
4494,0.4767054400551914,0.004730172463463451,0.01618623845568435,0.32405895905999316,0.17831918996566767
4495,0.022772009410136976,0.45900186543316884,0.4622752203801412,0.0005070810658466431,0.05544382371070627
4496,0.6413901356491142,0.04123509471051311,0.16204283264311528,0.013100876953146842,0.14223106004411065
4497,0.5243122519897351,0.004557844670880334,0.011395400689386414,0.38782686086628937,0.0719076417837088
4498,0.9801996941847305,0.004843335083309842,0.003964790343882159,0.00444349037081537,0.006548690017262056
4499,0.38309837251643764,0.005161089855131689,0.019978412967172017,0.43682155476731815,0.15494056989394045
4500,0.0017301777392136732,0.27851753168897325,0.19904668373098197,0.002698068323073117,0.518007538517758
4501,0.3870730828929952,0.00302514431873043,0.02147041600328537,0.5155556522390901,0.07287570454589896
4502,0.2325488846851894,0.009094606400048716,0.031362244202444725,0.4700946505518309,0.25689961416048623
4503,0.25154883965799385,0.004931574669005853,0.024172158854958322,0.5903576689193608,0.12898975789868122
4504,0.15338760095949217,0.005584371557214349,0.05684313886589858,0.5790289461012096,0.20515594251618527
4505,0.587324978659775,0.03317062207695209,0.07503818297745936,0.1978790172326376,0.10658719905317604
4506,0.40264684724552396,0.0039523677655233045,0.02049520799629649,0.4633231518713363,0.1095824251213198
4507,0.004366176114641466,0.08304510985218104,0.7102357010536016,0.024265004066881188,0.1780880089126947
4508,0.015446981812118624,0.01579636043351794,0.10916892619828156,0.5815392410632605,0.27804849049282143
4509,0.2278239136455529,0.003981862684962535,0.01870552975296312,0.6877455109968195,0.061743182919702023
4510,0.0002383190983710634,0.3439848924920277,0.04355996493091137,0.00013054990175157542,0.6120862735769383
4511,0.7501419473472694,0.2003090193640717,0.01705848439545207,0.003837205171349694,0.028653343721857096
4512,0.3351040054998696,0.007066115515296743,0.031795734836224644,0.4060668420843894,0.2199673020642196
4513,0.2338144357951317,0.010243555739859588,0.023456468533294878,0.5289987318084436,0.20348680812327005
4514,0.0002933827149120177,0.561951935485293,0.12985102952034452,0.000657128435666693,0.307246523843784
4515,0.588374197312131,0.1169862097003887,0.14616558878058913,0.02401159198904249,0.12446241221784854
4516,0.7669456081153209,0.19077915066195025,0.015886320422437872,0.004078810297788383,0.022310110502502496
4517,0.009543163028750783,0.0153809284802903,0.1342028597311655,0.544851917414704,0.2960211313450894
4518,0.017067179523019355,0.011082595682575936,0.06771742247644665,0.5386674241631042,0.36546537815485397
4519,0.15643311400713517,0.005255295951916588,0.046858839411064224,0.5320932301528415,0.2593595204770426
4520,0.8432737627768452,0.013386477269279868,0.009378930352079111,0.018506024423874088,0.11545480517792192
4521,0.24747599271510134,0.02430084836971533,0.10859738382247695,0.3715247445136907,0.24810103057901559
4522,0.6571850605341795,0.012166256237292764,0.12222819375257515,0.12365056515471394,0.08476992432123868
4523,0.33672201458319,0.0030422327784787634,0.031136887209507528,0.5526696110880646,0.07642925434075915
4524,0.43834818785356844,0.0015111888711997693,0.021309646222906597,0.40406970560771455,0.13476127144461061
4525,0.4260476773849135,0.019869897655452516,0.17726086792092044,0.24117020543779166,0.13565135160092193
4526,0.035766779875614906,0.026799553357097126,0.07021675482335715,0.6763631687428024,0.19085374320112836
4527,0.44654078682809184,0.049770429919105685,0.0832934393115794,0.29428171522338337,0.12611362871783963
4528,0.898510563086179,0.04240776544664629,0.014515158178938831,0.010775346690736725,0.033791166597499145
4529,0.17954294775897262,0.01389605940657862,0.028734770781143514,0.6027047954217192,0.17512142663158603
4530,0.4111696964857167,0.039058022766354374,0.055536923478382995,0.08371415317435021,0.4105212040951958
4531,0.18656702608571918,0.005602832525810121,0.04634488298596347,0.5868636401878269,0.1746216182146803
4532,0.25749747048330346,0.20171274413275306,0.3865541585803959,0.016175610583298118,0.13806001622024947
4533,0.8423467816580107,0.013920631297804536,0.007305522865693494,0.01705476909556324,0.11937229508292808
4534,0.012379113373857492,0.2908301764232911,0.5814727548145295,0.003730420678516702,0.111587534709805
4535,0.9683317145610908,0.004884926458213851,0.006486492369329756,0.009703296762614722,0.010593569848750864
4536,0.17778127935010288,0.0051488712679940325,0.02322867391912084,0.5966124006297964,0.19722877483298584
4537,0.18649257018700838,0.007984387786516434,0.029983802727302476,0.5783184119721971,0.19722082732697557
4538,0.6551922967507836,0.006934701207018217,0.0052147764999721504,0.15691115578473538,0.1757470697574908
4539,0.13596845930332713,0.04323549018112198,0.022304453696875812,0.6751715135747789,0.1233200832438961
4540,0.7444823896487868,0.017936127811802673,0.16201060894727773,0.006286885465783947,0.0692839881263488
4541,0.37091559292876225,0.005275066114369075,0.02041961140382273,0.4713361393033347,0.13205359024971125
4542,0.3072388251335407,0.009189987631952721,0.008366669101195361,0.4399103024374211,0.23529421569589007
4543,0.7922553874148438,0.029679707902191595,0.008299259966077027,0.03133688502627749,0.13842875969061003
4544,0.4243840402071469,0.006216633064672139,0.0125349617145769,0.3966511800216167,0.16021318499198728
4545,0.26052893195797083,0.003908725014048024,0.02599893054992135,0.6607197123127556,0.04884370016530422
4546,0.005976570289844444,0.08618583699054701,0.05362570637396565,0.138217404235685,0.715994482109958
4547,0.39236576593308564,0.004346883113740622,0.014801794893768719,0.5513787009722858,0.037106855087119174
4548,0.5276770074701419,0.15858398042645236,0.22387960326134365,0.008018281056793945,0.08184112778526814
4549,0.2888537670051039,0.007314642908658264,0.03849683409932028,0.6002421291800074,0.06509262680691022
4550,0.16196906826216861,0.0036398806084147087,0.021273896636550844,0.7287130454612555,0.08440410903161032
4551,0.009725282165000803,0.016872895216451658,0.09475729908053926,0.7692907537155839,0.10935376982242453
4552,0.2390151011325592,0.006908554857953478,0.0357292138566354,0.5888331700999636,0.12951396005288837
4553,0.0001967122043787038,0.3139353558152452,0.17704175558434473,0.0013403259093905829,0.5074858504866407
4554,0.36522754802146495,0.005521750899756611,0.014862828741239205,0.5726815343036343,0.04170633803390494
4555,0.01558733340660878,0.01802895389571318,0.5538947276264923,0.008096123179006072,0.40439286189217966
4556,0.1891005045570555,0.0037890179174351448,0.10313735578748867,0.5509763581632661,0.1529967635747546
4557,0.33660568418261894,0.004045951519556352,0.02113138734406549,0.5715815343185818,0.0666354426351774
4558,0.18089056189978808,0.19594349184528412,0.28452830006757224,0.01616618798390876,0.32247145820344675
4559,0.276149309703282,0.07611040931344064,0.2504491810338991,0.27119520196496105,0.12609589798441723
4560,0.013812884445806249,0.018678248390048183,0.09269528464849847,0.5741188213603196,0.30069476115532767
4561,0.3412160410808197,0.003943257547259385,0.023051693745324932,0.5772737313553391,0.054515276271256866
4562,0.4839372266070474,0.006856057437680609,0.005535347280253615,0.4417274294474776,0.06194393922754089
4563,0.17203685371307967,0.004615142709910686,0.043352856363048115,0.5849641139184741,0.19503103329548738
4564,0.15892569582322255,0.00957623255487658,0.030163612005982245,0.6735129937828939,0.12782146583302476
4565,0.23009069995231143,0.0087476400398065,0.03133479998647737,0.5286353994674566,0.201191460553948
4566,0.19898486880017813,0.005374497105123615,0.025724634479221433,0.5744923324072788,0.19542366720819804
4567,0.6561114292781228,0.015154246603261043,0.19129679222823137,0.020083194795862003,0.11735433709452277
4568,0.8358101234021871,0.010800574259180124,0.019237645356796267,0.054066026583584045,0.08008563039825238
4569,0.6928452504699996,0.007681825795233155,0.006502979179082648,0.22487805395124733,0.06809189060443725
4570,0.6045812241828127,0.00838954567133271,0.004325895182313947,0.14149842396605977,0.24120491099748098
4571,0.7771192973111255,0.13465204320094354,0.03316896832085538,0.017481681063847856,0.03757801010322777
4572,0.2457392797700145,0.009938960183718938,0.03935286002989754,0.6558412064631686,0.049127693553200416
4573,0.486264572242661,0.0056416493577865845,0.008935203980634175,0.2247524623980916,0.27440611202082665
4574,0.087485999961699,0.7484486389736097,0.10098548807797361,0.0025410110071968778,0.060538861979521054
4575,0.5065431772093667,0.009289527411827425,0.019024730966631466,0.029143351617353774,0.43599921279482057
4576,0.8960952473365847,0.013702744750681135,0.01264513523750217,0.025360640197445047,0.052196232477786805
4577,0.8281831504475551,0.012593678640907774,0.0028499553190473796,0.013472408131304512,0.1429008074611852
4578,0.9234919546211755,0.03263447023537958,0.01566937402499066,0.008582068357919552,0.01962213276053476
4579,0.24571770769019838,0.006157396276744656,0.022445973173455962,0.6686952686212548,0.05698365423834604
4580,0.0020852438132299977,0.04202637245295559,0.016350561298664818,0.039830256983921425,0.8997075654512282
4581,0.19705782373640288,0.005537715574286246,0.019565952563796056,0.7228843278858685,0.054954180239646364
4582,0.9355770099708846,0.02711785558985255,0.01183662679230885,0.009648824857246337,0.015819682789707763
4583,0.2367122200015617,0.0060250178343118355,0.024610326985869724,0.449457856025419,0.2831945791528378
4584,0.21284877971289826,0.0044069833129255056,0.029943577623418167,0.696215618518905,0.056585040831853076
4585,0.0006118017732451279,0.07710160692872538,0.6658641115092486,0.012961154552262552,0.24346132523651837
4586,0.3318528204164155,0.004359535468847039,0.02505804482226073,0.4502692278926758,0.18846037139980087
4587,0.06769511646859051,0.11528287309319693,0.029426176186615926,0.01491914970194394,0.7726766845496528
4588,0.002425258056473293,0.32608171270683844,0.12959448185540084,0.0060734542345614465,0.5358250931467259
4589,0.009616832806735625,0.1390945473110774,0.05413322698912301,0.5620140340187494,0.2351413588743146
4590,0.24801662552282472,0.005188561556262962,0.02913609519939726,0.5410239269408835,0.17663479078063146
4591,0.7002418568727643,0.0197357382504135,0.18251396060971148,0.005875790471596606,0.09163265379551405
4592,0.00038115841257937473,0.1446889421432467,0.1566800396844535,0.0009986079575619918,0.6972512518021583
4593,0.5904362457819274,0.015913828282626906,0.05762769473430327,0.08588630927483905,0.2501359219263034
4594,0.04750249433999503,0.5922957044963987,0.22376486504822146,0.005105023492777916,0.13133191262260682
4595,0.0037615125093563083,0.10911668921951179,0.7642554763119649,0.02177945457856586,0.10108686738060105
4596,0.4936524120965563,0.008681719337600688,0.06816136912436598,0.36827940546185367,0.061225093979623314
4597,0.47522190343887166,0.0036035756707973776,0.004904119773996689,0.3147542879849183,0.20151611313141596
4598,0.2988891487454976,0.003352498625630356,0.023944157711910614,0.6196500229445235,0.05416417197243794
4599,0.015578063214412264,0.06347844947849351,0.08053573298176689,0.026703181807384353,0.8137045725179429
4600,0.2128223250481864,0.00500060888592879,0.028904924016958503,0.5672678573352903,0.186004284713636
4601,0.8586001618294273,0.0034121276504709835,0.0019426565938032991,0.06409375945082532,0.07195129447547305
4602,0.08110157387703508,0.14534598158844358,0.1543977287898064,0.12643715681682105,0.4927175589278939
4603,0.38374229575724705,0.005089066242503866,0.019971018133647257,0.5335155693052976,0.05768205056130417
4604,0.44814882075695583,0.00578902492355789,0.010176083589790047,0.451403977022969,0.08448209370672718
4605,0.6658262468346872,0.033180466596904844,0.17820107211415606,0.04287329391811637,0.07991892053613554
4606,0.051343025315506746,0.5089332461364799,0.18866114856773328,0.003823203743811012,0.247239376236469
4607,0.552831442835353,0.013276612938083424,0.09160467980232148,0.2780522259345727,0.0642350384896693
4608,0.1391064453204061,0.0020813081186388076,0.02576075322750101,0.7043943837117249,0.12865710962172913
4609,0.42223414244490975,0.006039714437789843,0.017207643645031582,0.35714648722678993,0.19737201224547873
4610,0.19067603760648555,0.34195213087137266,0.19729826623560676,0.016458206887465156,0.2536153583990699
4611,0.3596790345229293,0.01139528998464926,0.017651448780484066,0.5641701491189813,0.047104077592956047
4612,0.22091147355625557,0.0027738484715485764,0.03561949001787305,0.6702692188276016,0.0704259691267212
4613,0.02779432706925472,0.024285150569623555,0.697225431165305,0.028515862925171852,0.22217922827064493
4614,0.4321225262906798,0.034561512692063784,0.08965899509351313,0.18077317467314166,0.26288379125060163
4615,0.967428535351842,0.00422041060118346,0.0075224564815949664,0.011156719959604563,0.009671877605775054
4616,0.28502691406138203,0.05942742778519293,0.12431091432597595,0.15637962270158245,0.3748551211258668
4617,0.4480407106269214,0.04740802789627364,0.006600244813589522,0.2971324226286045,0.20081859403461086
4618,0.3019645680905453,0.007993363884051332,0.02255450749534748,0.5349125062827202,0.1325750542473356
4619,0.41775561295029673,0.0037995177959213953,0.0267412949186162,0.38404600071926165,0.16765757361590386
4620,0.07071451110824872,0.3611817360473666,0.4056815225357532,0.03769339377010345,0.12472883653852815
4621,0.24221751779834572,0.22152127193728702,0.4095283447134364,0.021445969982944697,0.10528689556798611
4622,0.20447568906505728,0.0048821718028579505,0.027749182067425215,0.5445215286615929,0.2183714284030667
4623,0.00024983101119780093,0.586693400066234,0.10685824491071025,0.0005005816055574837,0.3056979424063005
4624,0.30219206562315026,0.004452455277666315,0.01943601151308596,0.485054812212282,0.18886465537381553
4625,0.0026144382455228874,0.07778631748614316,0.03787797013804661,0.04881860951424355,0.8329026646160437
4626,0.25497126798367153,0.03900726467539693,0.1373460225498045,0.1088354531777114,0.45983999161341554
4627,0.9271994808586862,0.010939635813834496,0.014240565212577121,0.016599145258375126,0.031021172856527255
4628,0.000604584061239748,0.35248978246375945,0.20251121205909883,0.0014990359727273324,0.44289538544317464
4629,0.2876739543425283,0.0042425705050246725,0.026685332684964674,0.5016595292781783,0.179738613189304
4630,0.2695191586927647,0.010127986992452086,0.034336132488462234,0.4897526836300177,0.19626403819630325
4631,0.3865016046948664,0.005992548954926418,0.02869051581537615,0.38396669623221946,0.19484863430261162
4632,0.01469582300909759,0.06911884238539533,0.08701471530025992,0.028300595532539302,0.800870023772708
4633,0.5104090923851977,0.0060445858726668284,0.007324629542933185,0.4150258066179671,0.06119588558123514
4634,0.5209547062305395,0.10115063935223292,0.05582883226850868,0.2317663802815915,0.09029944186712738
4635,0.7093501791295255,0.0029235495450072565,0.00873044801515055,0.22635862503505938,0.05263719827525729
4636,0.3619077033076806,0.007133861094112812,0.025263604527878732,0.5392008899513475,0.06649394111898042
4637,0.5934548030089726,0.00618957930890743,0.004420005322994471,0.3050859173635136,0.0908496949956119
4638,0.349848291181762,0.005660052939823243,0.009369223513447336,0.4324100800226837,0.2027123523422837
4639,0.43542299986304817,0.23402953400211407,0.0965336185848744,0.14016845287352808,0.09384539467643523
4640,0.016244993985709583,0.21392984889752192,0.1530345697810592,0.011962149099737383,0.6048284382359719
4641,0.06322082490376672,0.09747844040547309,0.2676558772723379,0.3021410546629933,0.2695038027554289
4642,0.026681421166867603,0.024229816971820528,0.06873794293864216,0.6455606026803737,0.2347902162422959
4643,0.26187528522080195,0.004939110741555689,0.018995318528617723,0.527062769756561,0.1871275157524636
4644,0.04731210168843188,0.3362962037586225,0.05179620602654891,0.03738165846332698,0.5272138300630698
4645,0.7801515058412768,0.005810113891749416,0.002975172385248025,0.1691981000847396,0.04186510779698608
4646,0.00036106431698021977,0.33227674456650214,0.5887345207778294,0.00476342087276792,0.07386424946592034
4647,0.4541217133808544,0.012107410874725439,0.07481731476212676,0.371923480872703,0.0870300801095903
4648,0.0008996712396058223,0.3431186912404982,0.12339754080850705,0.0017636854589241921,0.5308204112524647
4649,0.23831618829655252,0.0016931573603885613,0.029556544916334145,0.6926316456161085,0.037802463810616235
4650,0.13060028507316726,0.032969401097846955,0.037119687911851135,0.35571209038782786,0.4435985355293067
4651,0.2003485494783617,0.00758554129914367,0.04675887515679125,0.5194332936573611,0.2258737404083422
4652,0.2910140422079792,0.0674124935195337,0.08066437868636384,0.3384159319480034,0.22249315363811983
4653,0.3865733662663974,0.006753935153202707,0.014712373452616279,0.42665287746383207,0.16530744766395158
4654,0.11847442693240669,0.009013032916750603,0.03798222803058148,0.6776825704136856,0.15684774170657564
4655,0.13978572944942816,0.004594518074318034,0.1211838805757631,0.5290362671962492,0.20539960470424157
4656,0.0004385336631667559,0.07372020688347942,0.10836451512397276,0.0007138682386352832,0.8167628760907458
4657,0.4529874741742772,0.007571409862386673,0.01486542967287323,0.42159995833761554,0.10297572795284733
4658,0.023939982501330805,0.03442290866095471,0.017804998053420798,0.473313631346684,0.45051847943760953
4659,0.2950247904605525,0.007189137464400792,0.023947532700767226,0.625968255510886,0.04787028386339347
4660,0.4871258975398388,0.00419011534147176,0.008099454987749088,0.4375767602486993,0.06300777188224095
4661,0.9422135422677924,0.021121926082499642,0.013301526431463394,0.00884641025719774,0.01451659496104685
4662,0.3767551930621504,0.002008115248815848,0.016578123862939356,0.4555972233342842,0.14906134449181024
4663,0.015027474597530583,0.03652470695739246,0.15818293375609785,0.06391723034286534,0.7263476543461136
4664,0.5225899879179648,0.008599104206625977,0.05520426337657871,0.34188752348438317,0.07171912101444727
4665,0.5579626192657683,0.0033724630899347684,0.00446784734590685,0.2881374773584377,0.1460595929399524
4666,0.22653588444569916,0.06266721454614908,0.25045083504891413,0.28720337421223247,0.17314269174700508
4667,0.5219196102371115,0.037589667352908605,0.09276985665830415,0.2563473604035689,0.09137350534810679
4668,0.34725311097652056,0.003683047980499521,0.013156664199469667,0.5988993544913854,0.037007822352124846
4669,0.868008163863281,0.020533601294551892,0.01731783732544149,0.03412959173792004,0.06001080577880565
4670,0.27792621376925425,0.008252092332201408,0.04137922218803842,0.505222385534196,0.1672200861763101
4671,0.045028133000808344,0.05666915535001603,0.04934459899074188,0.4501945848759551,0.39876352778247864
4672,0.18383620179791538,0.4115944241078886,0.21398769773652218,0.003650735922172428,0.18693094043550149
4673,0.07479406097915745,0.043828732607968234,0.051692902691155146,0.027562985242029176,0.80212131847969
4674,0.0040938885625900305,0.06475088243257791,0.03154808953917061,0.06511353879719646,0.834493600668465
4675,0.9053066626591679,0.014143487267585873,0.05107583464659954,0.008599568740569294,0.020874446686077405
4676,0.19489271068591624,0.21849931404940934,0.2454173231466809,0.019020542928947153,0.32217010918904637
4677,0.7938242989742114,0.006179051249362968,0.007622727794286647,0.013457371900678465,0.17891655008146057
4678,0.24298341298423934,0.0036009881227950205,0.031257601974346044,0.5425877881929007,0.17957020872571886
4679,0.4323161809531729,0.004033490543292035,0.008202443783717343,0.5034207577921549,0.05202712692766272
4680,0.5570300112256411,0.06919311189739719,0.28547238178507256,0.013227569860892121,0.07507692523099711
4681,0.2140346967997373,0.006313060940891948,0.03365518902850927,0.5367139796133555,0.20928307361750592
4682,0.8871153929432376,0.003082999453977326,0.0011695203414645219,0.08097749430852785,0.027654592952792607
4683,0.24398993546435813,0.003441891132824116,0.014321778605731545,0.577197047635559,0.16104934716152722
4684,0.33186004972297767,0.09026821317777303,0.0917090892405955,0.31949603582148084,0.16666661203717303
4685,0.322856871379746,0.005038778596774291,0.024138563292976003,0.4126111739703269,0.23535461276017675
4686,0.25245111082727545,0.027398048188718136,0.11628010495079356,0.3833774988037421,0.22049323722947076
4687,0.9860109180327566,0.0015368062214654364,0.003406621860060012,0.004587728980754848,0.0044579249049629885
4688,2.9900810098931165e-05,0.7594256423137967,0.09350904826254493,0.000593321815686357,0.1464420867978732
4689,0.9840484935712221,0.002009520000571748,0.0029494135163881828,0.006484523986477316,0.004508048925340422
4690,0.01245745433500904,0.019588139082294054,0.08651987720392602,0.5760827280062083,0.30535180137256257
4691,0.009093197964251988,0.03416613797797615,0.2359616060891756,0.1253314494517035,0.5954476085168928
4692,0.25073993854856236,0.009846775886564605,0.013937976833829482,0.5392942448158258,0.18618106391521777
4693,0.3532468151973132,0.1050975752389327,0.13786175973340925,0.23152390568922,0.17226994414112481
4694,0.8704041200406142,0.029682860092408395,0.03367211675428273,0.01604420899757604,0.05019669411511867
4695,0.11431058720057177,0.2834068653848413,0.26236541993466794,0.00458351998686971,0.33533360749304936
4696,0.004207800132998381,0.009903729571096769,0.20051922746123454,0.631929186822036,0.15344005601263422
4697,0.4329276247665927,0.006981180627067404,0.014569404213637642,0.39130439865076844,0.15421739174193375
4698,0.23257715510618146,0.005904518262990853,0.031212657086405388,0.5579168908650146,0.1723887786794077
4699,0.4732188051323449,0.0018479703753497456,0.008991365412603357,0.4288822044076162,0.0870596546720857
4700,0.14791507009856517,0.00712891519754014,0.0962254343247664,0.5115233374957313,0.23720724288339695
4701,0.00814447404424314,0.42571842838417534,0.46726836926442816,0.003395955839616098,0.09547277246753719
4702,0.3809984279352911,0.010750265822557958,0.028496286877990336,0.41117117443823065,0.16858384492593007
4703,0.22903164745807905,0.008680474525737473,0.028782818935681746,0.6881394698920986,0.045365589188403124
4704,0.39448866454130294,0.004229960231578417,0.014356547986172731,0.5155564058256197,0.07136842141532626
4705,0.008293350559022694,0.029740608045784298,0.6909039065373118,0.016091607766657166,0.2549705270912241
4706,0.8540708226973558,0.014740953294867175,0.022434372912920792,0.0169769032062631,0.09177694788859331
4707,0.12730723329677837,0.026472636823166924,0.2800421751742248,0.08857006310797925,0.4776078915978507
4708,0.24398016579824006,0.006125286195593573,0.03315911626777342,0.5088756608926529,0.20785977084574014
4709,0.1929297375448735,0.0024371408198133023,0.014888272855330892,0.6692948926126077,0.12044995616737456
4710,0.029468112588657627,0.13346681755453924,0.5980683490663204,0.0014362137115450809,0.23756050707893767
4711,0.24336087830828634,0.004413296104122118,0.01845192627408773,0.691497576615149,0.04227632269835481
4712,0.0011509912180201224,0.4156531006641931,0.4804186046271182,0.0033157961436886055,0.09946150734698006
4713,0.02449994881025443,0.06203858342479896,0.07659976768303195,0.04320085072143017,0.7936608493604844
4714,0.7106878166244883,0.024311226567959962,0.04309479781862317,0.06322355245756062,0.158682606531368
4715,0.9679333050213379,0.004258973242941555,0.007622092859642997,0.010264742534580215,0.009920886341497384
4716,0.007962932339512115,0.07528745141874119,0.6355214472749974,0.023670351593498812,0.25755781737325045
4717,0.9580610350809411,0.006487075612322218,0.00704318814092913,0.013343419376815605,0.015065281788991879
4718,0.25112482343960174,0.004115589072197736,0.0696686719108788,0.5791664846027452,0.09592443097457647
4719,0.014008728543796695,0.021095996414763292,0.13125340559132925,0.7298416909644367,0.10380017848567394
4720,0.04605135470190965,0.03843976003868324,0.031818440246151915,0.41506210199258997,0.46862834302066536
4721,0.8517553015921568,0.004525646570622485,0.0021790327246681953,0.08710039642591072,0.05443962268664167
4722,0.4772512793758244,0.01801241882392087,0.05332932285431393,0.08111693988699419,0.3702900390589467
4723,0.14912009638497603,0.012743265365891952,0.03400683826591374,0.6370326476669318,0.16709715231628655
4724,0.008102830619699065,0.34260132742000093,0.5405215119722468,0.002385588667407745,0.10638874132064541
4725,0.24366843839974126,0.0025951867411504715,0.02077986424546143,0.6518927359720219,0.0810637746416251
4726,0.000876527408637944,0.9107689075313676,0.026551570068977758,0.00047362749477593887,0.061329367496240746
4727,0.12323929652241979,0.13427890304854756,0.24971189538503374,0.17966426685721162,0.31310563818678727
4728,0.5463617951557185,0.0040033530267991465,0.005478708754833353,0.13433278938055343,0.3098233536820958
4729,0.010564587426080204,0.010879601740736756,0.09863057398450892,0.5288009427987123,0.3511242940499619
4730,0.08358000529855333,0.03982998140497748,0.625490232232747,0.005174740049643731,0.24592504101407842
4731,0.19875563336713414,0.3537685070977273,0.21012602311526837,0.008045910052953175,0.2293039263669171
4732,0.1650639855434394,0.004245711195259949,0.041439885624697526,0.590578081905164,0.19867233573143925
4733,0.8821681664850624,0.013227358195403157,0.01907271158899719,0.02160080340662138,0.06393096032391571
4734,0.33390126030473966,0.005112729823293256,0.019593101649992388,0.5475849184631456,0.09380798975882908
4735,0.01695795948234168,0.2641994244107689,0.3404236417045271,0.03528367408958672,0.34313530031277545
4736,0.07544138489557636,0.06499775193258853,0.6779712779283616,0.11985922926957104,0.061730355973902425
4737,0.8095174172914839,0.022878192588939476,0.028389774601505175,0.030106040414008106,0.10910857510406324
4738,0.3302715171638301,0.05784396634986954,0.025381863372414302,0.08873385926907018,0.497768793844816
4739,0.4770268352522302,0.005937502800118006,0.02057924825235398,0.44628718085994407,0.05016923283535394
4740,0.3175625438834019,0.013882296059853135,0.13826083619176863,0.3717334488634587,0.15856087500151758
4741,0.7420519536818073,0.01114872542046718,0.017488776761333244,0.20285592836216598,0.026454615774226146
4742,0.18487710905650154,0.005785120679907131,0.024498929238695438,0.7422076960102365,0.04263114501465943
4743,0.3328668842951937,0.03592988668982977,0.21423722408055468,0.26665940026090373,0.15030660467351817
4744,0.019204498450998222,0.18273699079306932,0.5945099052061388,0.0015335044566544527,0.20201510109313917
4745,0.8628258152343495,0.028305982668757185,0.026111324037528246,0.034291700151153674,0.048465177908211185
4746,0.21990705240181174,0.006120573599948377,0.0479185736255167,0.4324773065101272,0.293576493862596
4747,0.08329873150830336,0.28198399830445475,0.04130723931962941,0.02738428293668889,0.5660257479309236
4748,0.6107065776522179,0.003164182261462367,0.009033449965448592,0.34621234179693805,0.030883448323933107
4749,0.7683463930789863,0.1291651156173667,0.03636115876585062,0.008780177751519583,0.0573471547862769
4750,0.4550245299711436,0.10003673179970093,0.16299173382992888,0.06747745746545698,0.21446954693376966
4751,0.697322546568922,0.0313818480873564,0.16937941004949592,0.016958974398954173,0.0849572208952715
4752,0.9251600507191613,0.004472593519719384,0.0119953720704707,0.036684517556139724,0.02168746613450885
4753,0.7332471864336884,0.008247318740736028,0.005000297911835645,0.1684552765653267,0.08504992034841341
4754,0.024324436618384095,0.27344094325021245,0.19546199109808307,0.10537203635193432,0.4014005926813861
4755,0.40853254657560334,0.003533735399005256,0.009911188395756873,0.4639802996370223,0.11404222999261215
4756,0.5678611393418105,0.007985005555859187,0.001530195812929159,0.3698017932521402,0.05282186603726094
4757,0.2940302005686479,0.00205614433924338,0.020860949616405524,0.5575005007607325,0.12555220471497067
4758,0.52328399783756,0.003897938011231537,0.01039108396129068,0.34707910961555044,0.11534787057436746
4759,0.36356190940666977,0.007049536166203412,0.018735520552486437,0.4429814631438975,0.16767157073074287
4760,0.6591396163789053,0.08524533809049235,0.19842861670352988,0.008171487921072928,0.04901494090599962
4761,0.4519195561900854,0.004218925079316856,0.018984959936760595,0.30034109580974566,0.22453546298409133
4762,0.015291222086027189,0.016778088352071063,0.09025157243222058,0.5060859367147115,0.3715931804149697
4763,0.2489748895698705,0.11721723477314028,0.066560194760377,0.3815644170090007,0.18568326388761155
4764,0.021186861630084163,0.08709440460408054,0.2237669777305519,0.07209564574497948,0.5958561102903039
4765,0.420030928805745,0.0025821525088514864,0.0218101227391763,0.4759293742338544,0.07964742171237289
4766,0.5897503338276777,0.026335513223905156,0.06114799502370152,0.14431317001471716,0.17845298790999853
4767,0.1891360768213428,0.009889914373636975,0.08908813483621883,0.5976019363314223,0.11428393763737908
4768,0.5405855127892324,0.04000590061455588,0.08927906070951211,0.18589372771008833,0.14423579817661125
4769,0.3364780813449673,0.020189315483606356,0.000987749796752254,0.023263963674786323,0.6190808896998877
4770,0.014319365796218075,0.0324448887662594,0.12182547966039715,0.46858432838616565,0.36282593739095964
4771,0.24449895532870752,0.029291949330354998,0.16671529893487694,0.39746265247465534,0.1620311439314051
4772,0.2615302670112516,0.008701477797630981,0.025576735414856767,0.6054696952062499,0.0987218245700107
4773,0.170395265945326,0.0038498525854309402,0.039805782389548655,0.5804137494806325,0.20553534959906183
4774,0.2183143231383551,0.012789083326419846,0.038886362927997,0.5193177863350144,0.2106924442722137
4775,0.0027042986932796723,0.048030438210695935,0.03070405978309259,0.05521309071617898,0.8633481125967529
4776,0.9480069888205948,0.005350817402825014,0.010558311110046006,0.012472577582303189,0.023611305084231128
4777,0.0028081306315015705,0.228851008552682,0.20875190983408434,0.0026028043687461957,0.556986146612986
4778,0.18583622009497516,0.09366971508170592,0.12527442109301629,0.43238102273926327,0.1628386209910394
4779,0.1989300953167962,0.0032797434957156126,0.029430149504585456,0.7114971937057458,0.05686281797715691
4780,0.02171512751919873,0.21940018162650543,0.6091754804761611,0.0020223768005201235,0.14768683357761458
4781,0.3157099700126743,0.00626294951598091,0.021062870033979803,0.46587097776742786,0.1910932326699372
4782,0.6274585265815905,0.006141641109417135,0.004827301048515654,0.14282429584587,0.2187482354146067
4783,0.0027042986932796723,0.048030438210695935,0.03070405978309259,0.05521309071617898,0.8633481125967529
4784,0.06892806875560875,0.13421259320795326,0.6729859836014587,0.06535120984007337,0.05852214459490595
4785,0.009545546782177113,0.025321959662567246,0.10048646388264734,0.5244262612124002,0.3402197684602081
4786,0.001018056724902503,0.2913952314210642,0.6173587315065461,0.006049923118527425,0.08417805722895964
4787,0.009074187345295345,0.15700594046423,0.6894393814720021,0.008242167050052216,0.1362383236684203
4788,0.1555311231671722,0.25679903404447185,0.23758707653376118,0.014359422295328982,0.3357233439592656
4789,0.6103635364132093,0.024680566587486095,0.02130908947988223,0.057520769473253824,0.28612603804616843
4790,0.25354904919591315,0.0046369457389946155,0.03728308855044843,0.6122885114801533,0.09224240503449055
4791,0.01584441762074978,0.03138515126122034,0.5714292612825315,0.005476556246355974,0.37586461358914247
4792,0.7759406636237615,0.007660560058956831,0.003040351493552896,0.13878637214829315,0.0745720526754359
4793,0.0085814910694785,0.020905488344408977,0.03933834386581435,0.5876822161980564,0.34349246052224175
4794,0.00025242552846461904,0.15908604432186138,0.18851278323344592,0.001336914820206803,0.6508118320960212
4795,0.05972357365397896,0.035506037247644125,0.018874437961671094,0.19856130269973543,0.6873346484369703
4796,0.883304568377299,0.061906267359313864,0.003946409287992493,0.00321537847714358,0.04762737649825092
4797,0.15805374164931993,0.002090228027708916,0.040226141616650585,0.5852822233128154,0.21434766539350505
4798,0.40085029993922383,0.00693420959284684,0.005654540241292886,0.5019645421996809,0.08459640802695556
4799,0.17668116392575176,0.008660772459043247,0.026031623581550537,0.5383177872855726,0.25030865274808184
4800,0.26902685696648165,0.0016345125956520542,0.012137699462069764,0.52396024317982,0.19324068779597642
4801,0.4025428666175703,0.00809720154527997,0.025365916009251897,0.43912812880289914,0.12486588702499869
4802,0.17562928175680714,0.00305110281671325,0.03621896465824174,0.7262477215745774,0.058852929193660454
4803,0.28460768218941934,0.004397625021402138,0.03143009028196189,0.5007026199910793,0.1788619825161373
4804,0.805404501503755,0.02910087928962254,0.006538472069607959,0.028937177758213375,0.13001896937880106
4805,0.2746426959544862,0.032858308574337906,0.0905239987996498,0.3082161277700002,0.2937588689015259
4806,0.8929987587082313,0.00826876611365195,0.004199737929526559,0.016631549759519547,0.07790118748907075
4807,0.8440779713979659,0.02279653114545022,0.021530558008032868,0.02217433022337726,0.08942060922517384
4808,0.00010718333356660105,0.1479425187863181,0.13863072546705407,0.0010084128800801678,0.7123111595329811
4809,0.7397126657199866,0.00891348446197102,0.01709660425245479,0.2014845328953827,0.03279271267020492
4810,0.2967918093114215,0.0040148856798162495,0.006849075363379157,0.6389414091045637,0.053402820540819365
4811,0.018116702501981632,0.02371065811697598,0.08552268167841559,0.6364462831935288,0.2362036745090979
4812,0.0036953867239479504,0.024018888422443273,0.5685908513771492,0.00968311979507742,0.39401175368138225
4813,0.005016969952407271,0.2653581462216447,0.4621977939927311,0.002851097537063071,0.26457599229615386
4814,0.9826469671717789,0.0027372287678795047,0.004225409950799654,0.005826980953381282,0.004563413156160689
4815,0.9107871118946042,0.00872464824454287,0.017918610482105458,0.03720326224660435,0.025366367132143266
4816,7.272723264329431e-05,0.3191334515389734,0.1432762213984122,0.001029778247630169,0.536487821582341
4817,0.7219362221703054,0.014111972850303505,0.0101355947090141,0.043962023533900496,0.20985418673647652
4818,0.17983921849034332,0.0048039809786523235,0.04749240112837205,0.5070621654294983,0.260802233973134
4819,0.19194170900327256,0.0039053811138478264,0.04074399179078956,0.5165736200700691,0.24683529802202084
4820,0.944168281344031,0.01096015467741939,0.010249122073831596,0.00904595269980395,0.025576489204914066
4821,0.27857229705395786,0.004817882233394003,0.027251593799996754,0.4204926675653957,0.2688655593472556
4822,0.3698254961389476,0.055718554444628074,0.011457547901313184,0.4476124518970587,0.11538594961805249
4823,0.20673334764184428,0.007261114737029721,0.031145498118306456,0.5784790780417964,0.17638096146102322
4824,0.20809590713326492,0.006121197965857218,0.03175945298158998,0.5303386601537312,0.2236847817655566
4825,0.23894192590039587,0.010062524283146957,0.043246892353209214,0.4123759859039335,0.29537267155931446
4826,0.17361673736925684,0.024293129381378183,0.45447994250619533,0.11831709401941759,0.229293096723752
4827,0.9699268288841624,0.011495768408573326,0.007330419113521968,0.004776006861595028,0.0064709767321472125
4828,0.01086580661447601,0.08242758443155292,0.2030752183668179,0.09782472208014507,0.6058066685070082
4829,0.7394467573833242,0.08167191285877931,0.0401171332830296,0.025788546036365788,0.11297565043850094
4830,0.018086815160895428,0.030084734170415434,0.7004964836960803,0.024843458556062337,0.22648850841654633
4831,0.0006518784687414597,0.2181536320675406,0.38269213727544615,0.001367343525293729,0.3971350086629781
4832,0.9005859434605851,0.008962913132156828,0.0063539633307681705,0.015374232232606653,0.06872294784388346
4833,0.07370549500340781,0.04111283159267882,0.02948864828405621,0.24233813755413555,0.6133548875657215
4834,0.10089535155960576,0.6872072850706004,0.1315114723593966,0.004898050706559311,0.07548784030383812
4835,0.41589168586818764,0.005374429860982147,0.01881176037545928,0.35846820666580176,0.20145391722956923
4836,0.20139504888068416,0.01038509470229688,0.04252343434085217,0.5436192299398718,0.202077192136295
4837,0.7158701667453664,0.01340876460392922,0.03109695251085105,0.1596006549688118,0.08002346117104152
4838,0.23851028754431092,0.0067914815469094,0.029051332756317445,0.609455092341709,0.11619180581075318
4839,0.7083084712086126,0.01181902864357246,0.04404862636474612,0.10891114409592022,0.12691272968714865
4840,0.01351457608171514,0.04808581963488663,0.4560208519941279,0.19211725902929708,0.29026149325997325
4841,0.6054390199752836,0.007277228763672335,0.0034472452771745843,0.33674415373349864,0.04709235225037084
4842,0.013232960974011904,0.026549319554853915,0.11763043875958717,0.7016072830502431,0.14097999766130387
4843,0.47657129642009116,0.0020879329351645047,0.009814855567080179,0.34709690792687187,0.16442900715079234
4844,0.014071963738903466,0.006758693166681003,0.06094813088232026,0.5091063285847149,0.40911488362738047
4845,0.04397836118046734,0.532414715366791,0.3821869950412231,0.0006681534426023322,0.0407517749689162
4846,0.28632330207521056,0.0131626252802796,0.025200006996175042,0.5051402664063047,0.17017379924203008
4847,0.03450289997648359,0.02681573714767131,0.07153796719330016,0.5333226304777381,0.3338207652048069
4848,0.9614056641158396,0.005926528087561181,0.00857055540502344,0.013019657651383283,0.011077594740192695
4849,0.41529229646308496,0.004900913265852383,0.01830310709879532,0.5109518349072336,0.050551848265033734
4850,0.4951214364981242,0.04923718098982356,0.07584561135423512,0.11597656761296317,0.263819203544854
4851,0.5089049432253061,0.004361886109391032,0.008885757019107019,0.4038072333210698,0.07404018032512595
4852,0.8862503357961301,0.008670971155723175,0.01785280433727639,0.014001069116287216,0.07322481959458313
4853,0.1821614418684863,0.0044215041617144965,0.021174551107952837,0.6101233140599928,0.1821191888018536
4854,0.1547549412496362,0.004696569216372997,0.022062648595972605,0.6825315540359973,0.13595428690202085
4855,0.34185803270386556,0.005777138736499455,0.023354762450459195,0.5564197907382017,0.07259027537097398
4856,0.11985561572803513,0.0030877104011615654,0.07884151024467166,0.6759196518788437,0.12229551174728785
4857,0.3052706388856946,0.04004309320930704,0.062049691237176435,0.3628785622366614,0.2297580144311604
4858,0.736046608543687,0.0058437948801324385,0.004443882209523873,0.16140947621823426,0.09225623814842254
4859,0.23467396021890752,0.04682187681823286,0.13385703687572384,0.4451857388233339,0.13946138726380194
4860,0.21587810868088866,0.04521259841943813,0.00230301641242822,0.04301870223093837,0.6935875742563066
4861,0.8045241893204521,0.04427335417290219,0.12407541723077867,0.0044305791533070325,0.022696460122560144
4862,0.002809629287642372,0.32337212574081237,0.02856967106326316,0.034018041634791676,0.6112305322734903
4863,0.4197107771412696,0.014271577269065715,0.01169477977564804,0.2947393169495259,0.2595835488644908
4864,0.5350639899156928,0.002212877823641157,0.0067452585620786255,0.4049703434825493,0.0510075302160381
4865,0.3233498164714017,0.007128595932350493,0.017663311831166005,0.5933697746496427,0.05848850111543923
4866,0.39482714683527365,0.005766542827406159,0.02879277720797087,0.38946930726624274,0.18114422586310658
4867,0.2578716431614309,0.005615008343120838,0.04223031904772899,0.460944809943601,0.23333821950411837
4868,0.19710888495233278,0.005775668872169632,0.024714906048583805,0.6742985785162449,0.09810196161066892
4869,0.6807865774473744,0.08702982715184349,0.04706947017572291,0.09180520059567174,0.09330892462938757
4870,0.3404752332776266,0.00529103654542103,0.023683709360926782,0.5695964718749844,0.0609535489410412
4871,0.4729116596773547,0.020957465941809948,0.04150856175714893,0.057210308435507916,0.4074120041881785
4872,0.9262990995858174,0.01073949477672583,0.01298129951829528,0.012914408168276608,0.037065697950884935
4873,0.9518479361390471,0.007620661438932257,0.007754696597052948,0.009995471055790425,0.02278123476917732
4874,0.2257850334522913,0.01140276529982256,0.03203289130986507,0.6331678956474994,0.0976114142905216
4875,0.6876305567018365,0.03727618558215018,0.02398585650132645,0.09097700383967645,0.16013039737501036
4876,0.03317038087495082,0.010367907618393669,0.02704232665790133,0.24953031558593414,0.67988906926282
4877,0.2966988490150834,0.07836501290735445,0.09005556075904343,0.3041107254572832,0.23076985186123555
4878,0.0047748269813986145,0.20887391590785265,0.6478325732906394,0.005797708026277953,0.1327209757938314
4879,0.9363075241206867,0.010167555740375844,0.012640657108417136,0.00896455523720055,0.03191970779331974
4880,0.4124748606212859,0.07851220664983627,0.1641475493663583,0.010742309883735859,0.33412307347878356
4881,0.011369243016816568,0.4275823583284073,0.48033599260748794,0.0036625733480465253,0.07704983269924164
4882,0.9705098913280136,0.00539381400213863,0.005784760108692166,0.009066099833329165,0.009245434727826334
4883,0.0009516107783079567,0.28399805505801873,0.27781247341828413,0.0033806645459771153,0.4338571961994121
4884,0.7226883859697192,0.010274890289827402,0.006012658796783284,0.15955573820430824,0.10146832673936183
4885,0.00037146810669240216,0.5731013581943998,0.13611101101224427,0.0005439698955746653,0.2898721927910889
4886,0.04692902581510295,0.3953350452452499,0.27457897977501,0.036911411983060895,0.24624553718157613
4887,0.5272290813173443,0.06222533244947781,0.07689893487678291,0.17370157834654817,0.1599450730098469
4888,0.5450422281030562,0.0031791075881732844,0.007439043472872237,0.2750575684254417,0.1692820524104566
4889,0.4621243233949271,0.004891056383045332,0.01206720979319332,0.37560189115849363,0.14531551927034062
4890,0.16719760629214697,0.004585616672401811,0.03309600573904526,0.6256386399926348,0.16948213130377116
4891,0.5080484351612472,0.09028290946350423,0.3045540628874191,0.013376722536482892,0.08373786995134662
4892,0.26437629048469524,0.005511798114664244,0.023136144557160742,0.6021406756401301,0.1048350912033497
4893,0.32770906354517904,0.34433033505399474,0.0423700498308003,0.012882704548109076,0.2727078470219169
4894,0.19059381479545223,0.0036681574547450958,0.011868643374492688,0.5233370736423782,0.2705323107329317
4895,0.1051946447740743,0.3357808104907248,0.15226627153798306,0.012033107972386357,0.3947251652248314
4896,0.0005147737068217202,0.2345184267046484,0.3414705134996921,0.0011409418965918658,0.4223553441922459
4897,0.361769913953328,0.008829102874621143,0.02234563835347131,0.5343795139774222,0.07267583084115714
4898,0.000498079149277479,0.09124112486311407,0.1809833937283114,0.0009688196862908255,0.7263085825730062
4899,0.0430660987337562,0.0699137627389111,0.4301979314569601,0.17442911416706403,0.28239309290330855
4900,0.004642056575249375,0.24741656470459933,0.6099970200316245,0.004105836983658464,0.13383852170486843
4901,0.3280566257525857,0.008532561771291393,0.012752155773386729,0.22270329887803275,0.42795535782470345
4902,0.5849721664698412,0.015839955620261692,0.22121188147329057,0.05962242920384284,0.11835356723276358
4903,0.5809099839162024,0.027339997367733217,0.07883454817120164,0.14686699525686625,0.1660484752879965
4904,0.3151722127967468,0.0032663962721325964,0.02144235353391488,0.4744992913447642,0.18561974605244158
4905,0.527831657348355,0.0734935540047413,0.08545436895958515,0.24097767124375236,0.07224274844356615
4906,0.44931315073096834,0.007528122601193502,0.019354019601198248,0.4863038638738614,0.037500843192778466
4907,0.2534582838356603,0.003458036407015185,0.050970116990402596,0.4329643122791435,0.2591492504877785
4908,0.32895680816918277,0.080646570000943,0.0947680525988337,0.2543249084386308,0.2413036607924098
4909,0.33170837772802286,0.006422500302762949,0.02173919645946154,0.6075424810617932,0.032587444447959364
4910,0.40520906373299836,0.0022848638750827496,0.011721762426145536,0.5196590872775777,0.0611252226881956
4911,0.2688754715826046,0.009178824045992913,0.06761052520588669,0.4970660642876163,0.15726911487789952
4912,0.8632282990052401,0.012486830754331069,0.020182623994113743,0.019724129203153418,0.08437811704316166
4913,0.48986730721984056,0.026619625426630746,0.09136669369381752,0.1898939127282086,0.20225246093150254
4914,0.7845844453487879,0.010266258162966524,0.028169918404204828,0.05021299694369173,0.12676638114034883
4915,0.013435129298730777,0.027389391487335303,0.05709862010817035,0.5615593913642125,0.34051746774155095
4916,0.04294761849380554,0.05686383866351782,0.04531706744708687,0.02124251443905263,0.8336289609565372
4917,0.3406718402319689,0.004685658935802832,0.011957939770859766,0.5836085136351336,0.05907604742623494
4918,0.022526319706021935,0.14101663606590753,0.06434444324154233,0.03287511829517917,0.7392374826913489
4919,0.41815301006982825,0.03562356333898156,0.058548864997682054,0.294810761489988,0.19286380010351994
4920,0.005847892059253021,0.021480986681747014,0.18184423349451523,0.4700334682729005,0.3207934194915843
4921,0.8981154291920531,0.010145577734512658,0.05853624520522717,0.005954260878054778,0.02724848699015223
4922,0.24250812567364372,0.006159747855578298,0.023543933371055113,0.6091460997040711,0.11864209339565186
4923,0.3735925166505126,0.04722630953928062,0.07918601011753672,0.3234178650411102,0.17657729865156002
4924,0.003129533655387409,0.23936631083210072,0.6423369719107808,0.006611140071183261,0.10855604353054785
4925,0.39970878886550854,0.008231356657438689,0.006667360284067103,0.5342354594630748,0.051157034729910844
4926,0.3324544192461688,0.06285358566959187,0.09677827448724911,0.3119322774632236,0.19598144313376645
4927,0.2685455107036005,0.03255223897824095,0.020363151975523835,0.6305405869581105,0.04799851138452413
4928,0.49899249317725647,0.028405788118101818,0.2729535286638166,0.11626206447818005,0.08338612556264495
4929,0.3200573179822419,0.04319199833729636,0.0943280547857847,0.2334170632275541,0.30900556566712295
4930,0.7827434089648831,0.006332037006904958,0.004198633555957454,0.15323055440349684,0.05349536606875762
4931,0.32803420447922566,0.006749131907921836,0.03258459603402202,0.5145191165032703,0.11811295107556004
4932,0.06385981986815076,0.33876847511717667,0.06168461201010125,0.038581138400359094,0.4971059546042122
4933,0.249978734918019,0.004496696789099582,0.027689921047148694,0.6696527489124767,0.048181898333256035
4934,0.7489460723730418,0.04011649696362641,0.1608257055545672,0.005769124248297508,0.04434260086046713
4935,0.33539360820060593,0.011826800479542468,0.009145038369340412,0.286875993212056,0.3567585597384552
4936,0.9083538359183464,0.014230050583847863,0.011988789385744717,0.016553491250673173,0.048873832861387814
4937,0.007769921521840218,0.04354995889389942,0.001751327280573444,0.02007637302696272,0.9268524192767243
4938,0.023203539597512014,0.08723344647008445,0.44797723253801947,0.1979917167026036,0.24359406469178047
4939,0.5429343166510187,0.04074307927608368,0.06158136795273318,0.23496141578019872,0.11977982033996573
4940,0.18611698539684887,0.0033121735843490937,0.031041661693687505,0.5778095023464679,0.20171967697864668
4941,0.40007179768432377,0.028653128382678146,0.06046071911009511,0.33556196399570537,0.17525239082719757
4942,6.322715444155484e-05,0.2593294628908946,0.19524787120537132,0.0008911495987784174,0.5444682891505142
4943,0.24576235905122376,0.006231965401614513,0.03307992983517063,0.5928336141499213,0.12209213156206969
4944,0.22588892203237404,0.00355451852718681,0.01755454170239759,0.5674604110529506,0.18554160668509098
4945,0.3790966456152468,0.003626044456827097,0.024876688912761492,0.4634315073461286,0.12896911366903602
4946,0.4901838560391755,0.007763352159158795,0.004079343679127113,0.4592916065927497,0.038681841529788846
4947,0.22383290979155698,0.005780312131796222,0.031549466989038336,0.6368914749461501,0.10194583614145832
4948,0.41738619998446225,0.006800199556761658,0.010917168481372605,0.23686691076171534,0.3280295212156881
4949,0.24889163091092534,0.005036830053223485,0.04610147423438822,0.389293935845008,0.310676128956455
4950,0.010953322377521746,0.09898570333884898,0.7327183923453899,0.02768896068024645,0.12965362125799262
4951,0.1753908494045571,0.017185691663763613,0.013923948283850638,0.14703459602605565,0.6464649146217729
4952,0.21047292181979554,0.03016154760804561,0.10365715640461771,0.3145044073584599,0.34120396680908116
4953,0.8655320554582913,0.04603773448200497,0.023378246168691934,0.021047942635309777,0.04400402125570206
4954,0.14271434988282622,0.005433554491496701,0.024983906733052032,0.6747485204210657,0.1521196684715592
4955,0.2519781846930881,0.006040180563986206,0.03187059376276084,0.484114521573311,0.22599651940685403
4956,0.07956730545367337,0.2867663409040145,0.2904526405520072,0.008674715090371663,0.3345389979999332
4957,0.00016824014926071647,0.3574091453506703,0.15079722097565096,0.0009611135224869436,0.4906642800019313
4958,0.3059780023620148,0.004338220048794819,0.04049997505680097,0.46448616677661914,0.1846976357557703
4959,0.0005020322056343058,0.1823060176078512,0.1380554162121916,0.0011506794212227495,0.6779858545531001
4960,0.009963755440632556,0.012968513045446179,0.13566599526709283,0.4057128610434889,0.4356888752033396
4961,0.00018295284109689277,0.16303544366888836,0.1540283273735662,0.0010923543224248097,0.6816609217940238
4962,0.3755443470944543,0.024133737249504607,0.055399883619276405,0.18316173888240714,0.36176029315435765
4963,0.18929677591932065,0.005818835957073458,0.011899265908776034,0.5659905301673587,0.22699459204747122
4964,0.3148657906701097,0.003120354053284504,0.02000928581516543,0.5261710718493621,0.13583349761207827
4965,0.3524790048391854,0.12484380059278173,0.1869195387076501,0.02714270831078365,0.3086149475495992
4966,0.38076614652189983,0.03059451393877989,0.07339664379195497,0.23080473743646943,0.2844379583108959
4967,0.782069600246371,0.022645803960525773,0.1289528822274585,0.0036909923465976,0.0626407212190472
4968,0.5994557218129244,0.02098995726928544,0.03374504356753838,0.0660676836415187,0.27974159370873314
4969,0.39148097427184175,0.010660387535877563,0.022963444876278983,0.4748935103388026,0.10000168297719912
4970,0.0001839847108787487,0.2754840175036458,0.17754373349255345,0.0013441262218880112,0.545444138071034
4971,0.8737723265769095,0.02942489747342641,0.03224419429451244,0.02224558094357594,0.04231300071157572
4972,0.00037323530965198935,0.1337063019319022,0.002360580245838771,0.013113701238168468,0.8504461812744386
4973,0.38208335611710564,0.09111467021441355,0.3344492748277008,0.036195044497852824,0.15615765434292714
4974,0.8732940352979572,0.044143314164013084,0.01819421205345953,0.02757733388038996,0.036791104604180155
4975,0.33369110340746483,0.09579566473039429,0.0399609006800085,0.06726457622860972,0.46328775495352253
4976,0.02981766076961349,0.04755903023936566,0.23317829428524287,0.08291905258193258,0.6065259621238455
4977,0.2640344845625357,0.008018873881566255,0.017610414847886415,0.4984200271812339,0.21191619952677776
4978,0.9656787167725208,0.00764564845619195,0.009438254950456356,0.006971652724845896,0.010265727095985031
4979,0.0004167140767938292,0.1591534059634672,0.1290328325443601,0.0011195026075562888,0.7102775448078225
4980,0.7632444908535755,0.019714101490628664,0.12597778399269288,0.028795834235603498,0.0622677894274994
4981,0.9158002015378647,0.04428904763439587,0.01527746419113778,0.007674621288944237,0.01695866534765759
4982,0.1946117421497688,0.003179898333854349,0.029730306678009716,0.653068098770688,0.11940995406767901
4983,0.5058092470344336,0.011350904815629965,0.007666987948620168,0.2436470751152686,0.2315257850860476
4984,0.8068076810358584,0.026996526656608975,0.008466387127078678,0.03971641598891725,0.11801298919153667
4985,0.0018467766832582612,0.04477629278068091,0.027405270309800518,0.0302548048296927,0.8957168553965675
4986,0.7056940461218826,0.020263005658752213,0.15001574878370852,0.007767082896533461,0.11626011653912321
4987,0.00019093320688454762,0.3691476378935103,0.14258997677621327,0.0009644190626742775,0.48710703306071756
4988,0.017264912171855662,0.10573060908896859,0.10556387906022116,0.04002867383581263,0.731411925843142
4989,0.2652576972261428,0.004040582631898725,0.023984019385978182,0.49741599201465375,0.20930170874132675
4990,0.3626039608839386,0.006567742132468854,0.02956964723498799,0.41461726595913817,0.18664138378946635
4991,0.3135366287563322,0.016984438250198606,0.007706080296914928,0.3881018710247521,0.2736709816718021
4992,0.6330579649610799,0.00314007337079864,0.005956456853219515,0.24967877550800197,0.10816672930689981
4993,0.16794867526274257,0.004362481728493806,0.027466858922377723,0.6259729938373181,0.1742489902490679
4994,0.7202088411024381,0.008514709211883348,0.003630843707790147,0.16364556069947864,0.10400004527840954
4995,0.41500635117679924,0.012445803593308411,0.022073970389162978,0.45649881111927626,0.09397506372145319
4996,0.3435870422660098,0.006993244341798485,0.02804987253201875,0.4003064453817809,0.22106339547839218
4997,0.8286575382440513,0.03529963465733672,0.02829072624139669,0.01819442374230664,0.08955767711490853
4998,0.566437045907688,0.03907845941273033,0.0898268482267986,0.1343221148787739,0.17033553157400916
4999,0.8170689281677713,0.015157268240986742,0.03153184741163533,0.018116975937134,0.1181249802424726
5000,0.01880896664872423,0.022529364621588468,0.08553773252191123,0.596767118989769,0.2763568172180071
5001,0.527128220285244,0.025763614590733272,0.046169211878618395,0.1696312289414257,0.23130772430397875
5002,0.3548432780096272,0.00386341189487858,0.017037172562481395,0.5352326948408642,0.08902344269214867
5003,0.022430160106192292,0.03194976170201354,0.015475555741001325,0.42174277252084164,0.5084017499299512
5004,0.39636239231059117,0.021612627360293946,0.08114031461292553,0.20594012113714177,0.2949445445790476
5005,0.30682018883911044,0.03525425174475135,0.023231226205549443,0.5569879355832806,0.07770639762730817
5006,0.0002005494723302622,0.3791523429117954,0.20361476088255653,0.0011081950920187166,0.4159241516412991
5007,0.25452205347996604,0.011582534764800293,0.05237779677586381,0.4091909011751716,0.2723267138041983
5008,0.09212851545952551,0.03683687050649748,0.42095933437488425,0.0780381608146128,0.37203711884448
5009,0.34121101001305904,0.004952697668372096,0.023429983415858134,0.44664894772887664,0.18375736117383418
5010,0.3291785442243932,0.006514950171117386,0.04021436912265622,0.4753331605325315,0.14875897594930168
5011,0.909905827584232,0.03834885723079503,0.018892767706841902,0.013260051726471777,0.019592495751659195
5012,0.26517977874654985,0.08414044250685274,0.13127261565588702,0.43907876184561967,0.08032840124509076
5013,0.021985836234215444,0.04465164274129993,0.5114507249792217,0.010233948663572842,0.4116778473816901
5014,0.7132854651994289,0.006284014554954419,0.004276611517723496,0.15369919908812912,0.12245470963976414
5015,0.8642382046881866,0.026105162477360923,0.02624394740672555,0.02814793360247539,0.05526475182525145
5016,0.7742761542064588,0.015439487363731743,0.1254039274139136,0.010072744540796597,0.07480768647509933
5017,0.800169308028767,0.005786410804882696,0.0009188320904609037,0.13832565164385355,0.05479979743203569
5018,0.20221552946776133,0.04101141429720565,0.15353906503559855,0.4538346875016707,0.14939930369776377
5019,0.976401783279399,0.004084300100968284,0.004276327918688749,0.007387422135103355,0.00785016656584066
5020,0.7397802920708781,0.005560213330651707,0.0032514515623139617,0.08714112358309996,0.16426691945305621
5021,0.29862573960521827,0.008908195192006564,0.07396272439574829,0.49715540956733595,0.121347931239691
5022,0.14604242042313081,0.006531100471382807,0.03469483010997262,0.6682899272674102,0.14444172172810354
5023,0.5009975417070766,0.0266413202044775,0.07070699480008394,0.2854389682658762,0.11621517502248582
5024,0.041120181262207754,0.43625032776016465,0.44669270923057114,0.0011732109760055126,0.07476357077105082
5025,0.47608952611739874,0.006500509429767596,0.008643573983080834,0.2119115254293838,0.296854865040369
5026,0.8747311144278114,0.014800414473885231,0.019591629968264645,0.015680013745235668,0.0751968273848031
5027,0.9275827917142587,0.010547721311354572,0.013662323983429522,0.00909615130948439,0.0391110116814728
5028,0.19090021657157635,0.005510678923173157,0.030199553023534314,0.5882589367036092,0.1851306147781069
5029,0.5358280920339454,0.003160074181128914,0.006548599094224196,0.1279700874672161,0.3264931472234852
5030,0.20312657401799242,0.0020117123569836225,0.033897324322330245,0.6360738704470258,0.12489051885566793
5031,0.2163295463821491,0.002765234421181981,0.03707627984449546,0.630286286945894,0.11354265240627959
5032,0.14292956560639805,0.1489390749086191,0.2393681771952016,0.014165569139515827,0.45459761315026537
5033,0.4102361148907795,0.011617679997519729,0.04547228774471756,0.36673554002108366,0.16593837734589956
5034,0.010156741118817921,0.03744982982323805,0.29394777700280733,0.15395702376187392,0.5044886282932628
5035,0.47667963147281006,0.022697347636992722,0.0482038111650939,0.27701530677896435,0.17540390294613883
5036,0.5852509328318727,0.0067586698189091975,0.0051937297946871965,0.1491725448471494,0.2536241227073817
5037,0.29851129694544937,0.006699290955250117,0.020020343220809506,0.5525953239071911,0.12217374497130003
5038,0.43236430600791487,0.08635243194459097,0.09321807115878294,0.33671552376032304,0.05134966712838827
5039,0.0012686155937484938,0.24274291886884794,0.22156536789915743,0.0008981388342298689,0.5335249588040163
5040,0.023867903375876937,0.03392757074228506,0.5618680049806686,0.00491786246285177,0.37541865843831757
5041,0.9501115468662394,0.0030292930019562288,0.00629776196696647,0.019278963312530945,0.02128243485230668
5042,0.959932135010134,0.006789300964330445,0.009328444109712912,0.012921825781194182,0.011028294134628563
5043,0.22262872589871546,0.004863075345542725,0.037814727107682716,0.49932432928712817,0.23536914236093098
5044,0.43520701833360265,0.005634462716480868,0.012036330905484593,0.42173006173597016,0.12539212630846172
5045,0.43164322335598604,0.05450281760340994,0.11197338924945947,0.2589418902066175,0.1429386795845271
5046,0.5320114754262086,0.013386493827276313,0.08151722647829693,0.2961843941169823,0.07690041015123575
5047,0.004008513959300478,0.03353616085444762,0.8606901255927325,0.019351450589171,0.08241374900434852
5048,0.12917828327797773,0.00945252458475293,0.03512944809554941,0.6218480848913386,0.2043916591503813
5049,0.19216038396310148,0.007187597918653611,0.050204057766948,0.5528405513845402,0.19760740896675666
5050,0.0038937851919780605,0.8249221569551272,0.03850467965601444,0.0006855082753174469,0.1319938699215628
5051,0.3392424657795351,0.2998853077989867,0.032961832737357234,0.00789184439345079,0.3200185492906702
5052,0.001580936643408766,0.15404789916049721,0.23534434595825487,0.00302270166469191,0.6060041165731472
5053,0.8609276625313698,0.03237813514445862,0.03294527514219803,0.017375440023496058,0.05637348715847742
5054,0.4734248238560054,0.005820214666038403,0.023677640079858404,0.3906340667437378,0.10644325465435994
5055,0.32178128309073634,0.007709798167955868,0.009221903506312861,0.5381876468288961,0.12309936840609884
5056,0.0004405605855582881,0.3007982138433146,0.6050141145911544,0.006175767251412698,0.08757134372856004
5057,0.35088471083009876,0.04197991889936654,0.11944353892963895,0.2973438712350164,0.19034796010587937
5058,0.019726421743021378,0.03185499883572012,0.04985140629484423,0.2752705235411406,0.6232966495852736
5059,0.8880192992389535,0.010335874280212144,0.06414146990867667,0.011138177093210896,0.02636517947894671
5060,0.0034589749312903782,0.6204030046904336,0.06197155333058468,0.09742091106301679,0.21674555598467443
5061,0.7512378392155418,0.002305352936369365,0.003914605884188544,0.18951289281544265,0.05302930914845758
5062,0.7469841470350227,0.006912834824634805,0.0028728130214464636,0.15949767973782156,0.08373252538107459
5063,0.39170449609211144,0.06713081259457376,0.08136051517345437,0.21318152435202836,0.24662265178783196
5064,0.0005273320891253171,0.13158204168763338,0.10792596599351187,0.0009710107902254229,0.7589936494395039
5065,0.48608876857776545,0.006746701850873758,0.015159556676479814,0.4159489586487232,0.07605601424615778
5066,0.44026394870887553,0.006204666969011302,0.005425560242928442,0.31971386799912255,0.22839195608006221
5067,0.7125832453258484,0.008256584784313485,0.0205166181989253,0.21787910278385805,0.04076444890705471
5068,0.4969107888833529,0.012953804794357204,0.013282779278466736,0.31517365633551736,0.16167897070830592
5069,0.3102832319677642,0.003169531774564751,0.03243998423192816,0.5202252382955072,0.1338820137302357
5070,0.007711914546692431,0.023161891358126525,0.641622621149256,0.016952213000665742,0.31055135994525934
5071,0.6400355297168792,0.003494520624669265,0.0050985738733048454,0.23315506246051837,0.1182163133246284
5072,0.7538348468613524,0.0013388213270278723,0.002228617775097496,0.09812634357745395,0.1444713704590681
5073,0.843088733500196,0.023553638235984217,0.030292229276513417,0.019451005878391863,0.08361439310891465
5074,0.809626674789869,0.006153089053323846,0.0013178915025299847,0.13152030899851852,0.051382035655758704
5075,0.042208620785389575,0.07814862349728843,0.06105141599489419,0.03191485725654747,0.7866764824658804
5076,0.015048551972521132,0.25397272909608704,0.6093739618293934,0.003191516754360478,0.11841324034763807
5077,0.2268872871299235,0.002956149650512506,0.04184130415293787,0.5176274658589994,0.21068779320762665
5078,0.29295658506305905,0.07139194234881714,0.04510875753190003,0.09990209000620283,0.4906406250500211
5079,0.9220966679744257,0.0138438332155433,0.013761824241204566,0.014097637999757875,0.036200036569068415
5080,0.46758231133790035,0.0053001459182983384,0.010288631142172884,0.3978324491355965,0.11899646246603181
5081,0.16377121744814482,0.07409488227168794,0.005755731399605251,0.1306291813018155,0.6257489875787465
5082,0.5851514167498144,0.02569928843265972,0.012864991106322799,0.03294422130002498,0.3433400824111782
5083,0.2734225246243764,0.009058675725733217,0.02703038814426826,0.5903961772891141,0.10009223421650798
5084,0.363023405027805,0.0040635186599551065,0.019597650104484655,0.4688392858633005,0.14447614034445466
5085,0.2232426155085421,0.005753809471274207,0.011694477089251995,0.5870386009422859,0.17227049698864585
5086,0.7649909055681431,0.0022560595485677116,0.0033267710467436706,0.12440802321922853,0.10501824061731709
5087,0.02278205540159006,0.019394761666947116,0.12470247455120388,0.680331632404123,0.15278907597613597
5088,0.5536519134162508,0.0065451201988830305,0.0074685842730352284,0.30255899636853406,0.12977538574329697
5089,0.2210687951367892,0.005458776385828251,0.04265982444473828,0.48783533870035956,0.24297726533228475
5090,0.3790508470120027,0.11362697918073444,0.31173318161033614,0.014146992017949153,0.18144200017897763
5091,0.00034043598391043293,0.22535828524353285,0.19390162042546527,0.0008850050460365013,0.5795146533010549
5092,0.2827880013012373,0.004148828108443843,0.023057240327927848,0.609964485705785,0.08004144455660606
5093,0.5554808098026952,0.030360466681907068,0.08024022258729946,0.10448115450812497,0.22943734641997326
5094,0.9835619791276901,0.004902123949838185,0.002805562878700952,0.004846652947488385,0.0038836810962823566
5095,0.44846690203672746,0.003069574916258682,0.010958485520520422,0.39304207412155556,0.14446296340493806
5096,0.771015358516633,0.01581511715447179,0.028893229971208505,0.1009033497218889,0.08337294463579768
5097,0.02312693238594009,0.022021300985776794,0.03404255386307392,0.421355393761723,0.49945381900348634
5098,0.920533409059495,0.025267299540443048,0.016635095526860846,0.01648988033143578,0.021074315541765393
5099,0.13075015098941503,0.04015952948578256,0.3973423558941788,0.1414577935239444,0.2902901701066792
5100,0.17931293198479192,0.006873035013824013,0.05107661191654305,0.4946429926128679,0.2680944284719731
5101,0.1948706780071281,0.05414335100121767,0.046063495718724014,0.4266846423073682,0.278237832965562
5102,0.23084724377246912,0.006002567783261879,0.02279879916382307,0.6450995536217127,0.09525183565873321
5103,0.5736421261921579,0.008303505775913086,0.013193523379586757,0.2775202154967844,0.1273406291555578
5104,0.26236236432210097,0.009590281874139689,0.0250261600178812,0.6293623843203228,0.07365880946555532
5105,0.7931982797523782,0.07924256791388912,0.03643471135396043,0.037974552316650124,0.05314988866312222
5106,0.024378792186854237,0.08372314363405917,0.5201135156880767,0.003326186185043389,0.36845836230596635
5107,0.8077678603859985,0.12648140290792748,0.030762463781382893,0.009722693329532272,0.025265579595158835
5108,0.5255562495906471,0.02927859886819608,0.010794914332709979,0.034090749370054935,0.40027948783839185
5109,0.8703893460091212,0.01472041421919905,0.07832707189728094,0.008271902457403033,0.028291265416995743
5110,0.4096938573036142,0.059293252023630644,0.07196986025732321,0.37038460433627773,0.08865842607915435
5111,0.017967406814869382,0.52355820528773,0.39228889553462837,0.0009232160416350842,0.06526227632113715
5112,0.10394217223129068,0.008695181861521684,0.02917797347783002,0.6957207933477552,0.1624638790816024
5113,0.03303283410918511,0.007978023949937713,0.021533484468122477,0.3494739234765309,0.5879817339962237
5114,0.16172552919056124,0.01537812628083466,0.09585891988743894,0.5403956732564174,0.1866417513847478
5115,0.15933312053153922,0.006901344906432486,0.06484400033504285,0.5689033881564771,0.20001814607050825
5116,0.445415055669725,0.00250465516840907,0.008931500966654411,0.4957909199347428,0.04735786826046876
5117,0.2681396058400056,0.043597249866337756,0.1546918583623664,0.10451517498336252,0.4290561109479276
5118,0.07325457999607238,0.08879131892610821,0.5718254983300806,0.003060509861190475,0.2630680928865483
5119,0.9306886809035988,0.0070050435009913915,0.013226920203603353,0.012930513579034878,0.03614884181277145
5120,0.0010443980462032793,0.34841775611590503,0.2601283982010889,0.0033410215957155095,0.3870684260410873
5121,0.09238304994817413,0.04755032207908281,0.02624659773202093,0.39877875820637204,0.43504127203435017
5122,0.0007766087164729258,0.15261379001149003,0.1429525241825255,0.0007881423167163001,0.7028689347727952
5123,0.5076083841560064,0.005486705946032428,0.011711600766951616,0.41707040794668204,0.0581229011843274
5124,0.663038695081798,0.03299071864686761,0.08219863513121624,0.14479819354851936,0.07697375759159879
5125,0.38015065998573844,0.03159181365313556,0.08697159740764276,0.11671276062989432,0.3845731683235888
5126,0.15641310486775506,0.009060983861803767,0.04517474252034634,0.6054754562789659,0.18387571247112897
5127,0.9331852678725747,0.012150219102712637,0.010401478622054289,0.007666187952954465,0.03659684644970403
5128,0.2504377373239074,0.0022532447483431207,0.04296798344509309,0.5514631501927433,0.152877884289913
5129,0.9659979199921512,0.007578572323703461,0.007606852466182936,0.010244218156581419,0.008572437061380916
5130,0.5112287549906168,0.0064169131406304125,0.0047516830769765515,0.18308297948799854,0.29451966930377754
5131,0.8626267518470143,0.018587832145370044,0.022492680134781316,0.01796068994697978,0.07833204592585463
5132,0.37321796457243983,0.005808709418473991,0.013332012786707783,0.452617351433039,0.1550239617893395
5133,0.420257654231029,0.0019963884587360817,0.02087678946738463,0.5111760168338211,0.04569315100902927
5134,5.5983382989779216e-05,0.46024265391480024,0.1422321921509928,0.0008404245142267034,0.39662874603699044
5135,0.9739015230195053,0.0053104624776565594,0.004417884377638711,0.005694463332233819,0.010675666792965461
5136,0.738361665575772,0.020510653634004963,0.010513788522445812,0.023332674319679322,0.20728121794809784
5137,0.30363978885700643,0.005988432095842775,0.019896013032263182,0.4219487275781197,0.24852703843676793
5138,0.010089563410521907,0.02703608916287838,0.0575562599312136,0.5675661624562434,0.3377519250391427
5139,0.0005136016750980871,0.3802274543622504,0.16856406872478386,0.0007567605576897555,0.449938114680178
5140,0.28052584463252433,0.0036430470576173496,0.024294783274156025,0.5347168203575093,0.15681950467819292
5141,0.005730884749240878,0.012882083276066566,0.1615191954142256,0.6336840450685742,0.18618379149189265
5142,0.47671788137503374,0.15334463711660132,0.11570474128055822,0.20336882389057126,0.05086391633723541
5143,0.9523022764598194,0.005560084252834256,0.009184399712514498,0.014263441840209926,0.018689797734621892
5144,0.022507793828165642,0.02270377312257248,0.03842153449815436,0.359129731481635,0.5572371670694725
5145,0.5337173738655141,0.04525315355336293,0.26234983832812936,0.0112683887576571,0.14741124549533652
5146,0.9240064532563471,0.007611350299311715,0.043060024943808076,0.004987049976812568,0.020335121523720474
5147,0.014883670120483913,0.01491773711329865,0.10671158556546528,0.4288657079371191,0.434621299263633
5148,0.24621393888509055,0.021649897492981473,0.3793583915910234,0.22252679641850828,0.1302509756123963
5149,0.11992238973169485,0.06224706153249567,0.12281608030625084,0.1029281478881255,0.5920863205414331
5150,0.0003038092769447236,0.3261002071404057,0.16105377261761133,0.0007478123305858879,0.5117943986344524
5151,0.1957494550523106,0.02510641553627923,0.23283824544219592,0.10892925063837344,0.4373766333308408
5152,0.22299087556306282,0.0037779140454834866,0.051118075651328886,0.511502756513339,0.21061037822678572
5153,0.41452451630763704,0.04214741278373986,0.09009209567051805,0.41857075462704385,0.03466522061106123
5154,0.22585511858281082,0.0070881683738422,0.03554857663183179,0.5043260827628582,0.22718205364865704
5155,0.5009095955306717,0.0937452709448797,0.1007234096532815,0.22284771190646543,0.08177401196470169
5156,0.2924549389469101,0.007069378865001157,0.02506185920738987,0.5341595370119295,0.14125428596876932
5157,0.7186294886526525,0.03717096958298119,0.05100591957310923,0.06325241486991423,0.12994120732134282
5158,0.9837409485206066,0.002156211351149573,0.004070820488616925,0.0045481407257522985,0.005483878913874728
5159,0.4192426719996696,0.005591431379792891,0.024334641555875273,0.35128845865290287,0.19954279641175937
5160,0.6600067526021798,0.04956009159547835,0.027043146476935977,0.13296444669472066,0.13042556263068522
5161,0.28141150299037165,0.012042043845706452,0.08227498234554104,0.4628237022791378,0.1614477685392429
5162,0.41050569295272266,0.011727165604617725,0.02271453768547773,0.4012837732509323,0.15376883050624954
5163,0.2976207131951968,0.011621575487299068,0.020691666400455423,0.42633360784906127,0.2437324370679874
5164,0.44656836905007236,0.006075641883197071,0.009078332013378055,0.23880416876921629,0.29947348828413606
5165,0.34005851985607594,0.005729460656278427,0.027266428362610885,0.4386133066541271,0.18833228447090755
5166,0.08249440228039825,0.03806211896086105,0.06667802058598987,0.5610485643481359,0.251716893824615
5167,0.07595634552234153,0.1817962278494084,0.04939912616016074,0.0679538712315253,0.6248944292365639
5168,0.014396627744387732,0.01789531575824925,0.13151110398377697,0.648275665390928,0.1879212871226582
5169,0.18960438752447695,0.08243844154399439,0.14797226741123903,0.39767144136273097,0.1823134621575586
5170,0.00015060322077360715,0.4486529619283531,0.1367054084474502,0.0009246182996741168,0.4135664081037489
5171,0.4010624378907374,0.0023298770983149536,0.01641895207883187,0.505351860228596,0.07483687270351973
5172,0.007823672813263145,0.053999671157263264,0.6279441823704954,0.007925964103165789,0.3023065095558123
5173,0.6618105198595436,0.0021749934096520016,0.004542724392755203,0.2188558117795377,0.11261595055851129
5174,0.20490255370056137,0.0027239690404608275,0.02839787650899135,0.6989461034235707,0.06502949732641584
5175,0.300711738606698,0.007565355494806868,0.025607589199570912,0.600786619927044,0.06532869677188023
5176,0.5449390628016522,0.02669017672142716,0.02606240237882058,0.0694480130055711,0.3328603450925289
5177,0.223359343080549,0.014779991528265082,0.051486228443729326,0.5643923885277287,0.14598204841972798
5178,0.05953843982893287,0.02220515079931576,0.022617135928095628,0.2507885886697952,0.6448506847738605
5179,0.23330926588229894,0.006626987407547609,0.03069237849100999,0.47163175159458715,0.2577396166245564
5180,0.35551430060933353,0.008062406737442926,0.02873889472258836,0.35539377418610313,0.252290623744532
5181,0.3127349057867945,0.10398884723593181,0.15280905127588534,0.31306326111944466,0.11740393458194358
5182,0.008103121230091192,0.5281997369832964,0.3989520471147998,0.0006627269129364228,0.06408236775887637
5183,0.2630374342949292,0.019831331427788357,0.09147013968610875,0.3379422244574276,0.28771887013374603
5184,0.018947562332883767,0.38401066573086073,0.3064988671141331,0.06703199075052496,0.22351091407159748
5185,0.45054634096395446,0.004488289208872166,0.018876531856366292,0.456790332539624,0.06929850543118297
5186,0.42375685885428394,0.0033537158727800775,0.00490445501666753,0.5057023862508025,0.0622825840054658
5187,0.0988835971388979,0.025341523313009925,0.046506434835169815,0.032950011243662126,0.7963184334692603
5188,0.6278158403822075,0.014766478656435867,0.008481990112424767,0.17424647596873222,0.17468921488019956
5189,0.4015325188054512,0.008504300429469541,0.008134140635256233,0.4952807970768553,0.08654824305296767
5190,0.8502414836467246,0.011241914262413777,0.02268350384674627,0.04986682527482835,0.06596627296928706
5191,0.26184591215298025,0.0033829726636794314,0.028947486376712035,0.5350905007520411,0.17073312805458726
5192,0.972148062887045,0.004088380349885948,0.004891906073247679,0.007069713515851917,0.01180193717396924
5193,0.004145989162577885,0.15541979985396337,0.017902598445020602,0.08884194371640361,0.7336896688220345
5194,0.033584191021225215,0.05822118705493977,0.05930016076128258,0.046239845697793984,0.8026546154647584
5195,0.022169814087163363,0.07906270961473875,0.20448101679876693,0.1619667802493799,0.532319679249951
5196,0.46061249028928514,0.0060288300638523225,0.010248280880805032,0.17314431178341577,0.3499660869826417
5197,0.06621594221330669,0.04032634645754162,0.6332851515635847,0.00523922815699761,0.25493333160856935
5198,0.001648707816855369,0.22686863916918273,0.16215642009085143,0.002713032212459194,0.6066132007106513
5199,0.18583302374979746,0.1963585380177827,0.22871748229059713,0.016706665711313982,0.3723842902305088
5200,0.6858168171576444,0.06283961507993,0.19192703989507592,0.010563442833861897,0.04885308503348773
5201,0.5678633633439566,0.11736408158045641,0.13211511441145316,0.013413168294797691,0.16924427236933612
5202,0.40388916293695465,0.005220102697925824,0.012144159344278477,0.19314418607254769,0.38560238894829346
5203,0.3893822756568212,0.02356827662862408,0.0700832746702946,0.29901296249435116,0.2179532105499089
5204,0.0755726679659227,0.08629387500539099,0.0316975418190562,0.026090539522102826,0.7803453756875273
5205,0.0014006165709564624,0.043980806815066255,0.5961426610905723,0.009929094479257664,0.3485468210441473
5206,0.003438424927794044,0.016744944739692083,0.018304470515115794,0.06511919848481272,0.8963929613325854
5207,0.5950120013751254,0.07466479924804631,0.07000248248328528,0.15130245892513455,0.10901825796840844
5208,0.528592120511864,0.005037113999238739,0.011288394211414872,0.40900688690996145,0.04607548436752101
5209,0.6883231588269716,0.01298964768403516,0.004587576302554678,0.19986211920582744,0.09423749798061114
5210,0.9664549400045357,0.005633638986185167,0.005535090421526707,0.009065506873360165,0.013310823714392229
5211,0.17147647232919308,0.009785913097072465,0.021366522251410253,0.643912828922653,0.1534582633996711
5212,0.1901386618018124,0.004636569397820788,0.028588629058489263,0.5505229099013386,0.22611322984053903
5213,9.401071115486578e-05,0.19465967520187688,0.16545406603083004,0.0011408424917652147,0.638651405564373
5214,0.23337829902374793,0.009941901259767206,0.05126047836905751,0.49877357432468133,0.20664574702274607
5215,0.31222523576731076,0.0022417235828698376,0.025879886968329553,0.5754759750575721,0.08417717862391766
5216,0.2147010505331167,0.004936578523068174,0.015031593365090837,0.6009506245962474,0.16438015298247693
5217,0.9777310593555437,0.003382316604417787,0.0038567754248608464,0.006765929412455372,0.008263919202722255
5218,0.2647953750877514,0.033163634487460986,0.0798302205360711,0.3405986785201638,0.2816120913685527
5219,0.4352838094571994,0.006345659607933901,0.009867291923469242,0.43251448025019035,0.11598875876120707
5220,0.0020224457544182357,0.06874769342162228,0.8507378160909764,0.014590710129059761,0.0639013346039231
5221,0.6189718158651198,0.023853764756374848,0.05637812773916757,0.09708243053453064,0.20371386110480702
5222,0.9007945894111926,0.012948842225866015,0.0158846695095279,0.019756652899104662,0.050615245954308656
5223,0.7029200793093299,0.007039319286369382,0.004041387056182883,0.19435730524797254,0.09164190910014525
5224,0.28476027713619484,0.006108707434863725,0.029811379574943293,0.628261212160566,0.051058423693432095
5225,0.5261920130229577,0.02331513682454691,0.05855203011892844,0.3394931109820569,0.05244770905151011
5226,0.9764595224313315,0.0035281745893230763,0.00471868358000344,0.008182772127823751,0.00711084727151825
5227,0.25838391684535844,0.006236161433951521,0.024318840683469234,0.6645109670998421,0.046550113937378734
5228,0.39361229131355274,0.0128386559502959,0.00647783390452248,0.5244082850089736,0.06266293382265535
5229,0.0009147024783138908,0.3531229588513863,0.5620057064917353,0.0018441961988044013,0.08211243597976015
5230,0.3187883372069987,0.003778473201563006,0.020403389501340657,0.5792221431585887,0.07780765693150901
5231,0.3208608675462688,0.00924011090382375,0.03031029478111053,0.3979449841952988,0.2416437425734982
5232,0.49758723869912613,0.031378126621959795,0.07180356770019314,0.148622943885636,0.25060812309308494
5233,0.45857225693385767,0.002262712268101932,0.01642198778513974,0.33194352674348654,0.19079951626941427
5234,0.5433491169404202,0.027031416675790534,0.04176942893096913,0.08515275303228916,0.30269728442053095
5235,0.6778750355292563,0.018146917405037655,0.011665617580466707,0.03787232714876841,0.25444010233647096
5236,0.3858182613212613,0.004714631372834123,0.024627325502584292,0.5421568669966792,0.04268291480664125
5237,0.1679105413654531,0.0059665933490660895,0.026617088218630666,0.7223755682743134,0.07713020879253686
5238,0.189144508241142,0.0025198044044760825,0.044576925118935705,0.5233653553250838,0.2403934069103625
5239,0.32461243874791107,0.004192832613825165,0.025733449407354763,0.38075461436084174,0.26470666487006733
5240,0.9625543310642035,0.0046225632867500045,0.007637606875382407,0.011861260928895188,0.013324237844768959
5241,0.5780361580094777,0.06309583473871663,0.24259768801322673,0.031237837669435907,0.08503248156914309
5242,0.27566186563358586,0.08241121167755788,0.18920541965622323,0.3419738196248047,0.1107476834078284
5243,0.002244058311483086,0.29327152224472025,0.24299272804699704,0.0032443677769627257,0.458247323619837
5244,0.3681289817161344,0.04499789891548296,0.039004969196666406,0.06656052013711986,0.4813076300345963
5245,0.46892595329930176,0.004905948810653592,0.011198379690559142,0.3609925091153027,0.15397720908418275
5246,0.01987619828545316,0.339786704764353,0.5553925301702175,0.0012890147818997088,0.08365555199807669
5247,0.03162404106904122,0.20079255240864557,0.09728199103087445,0.07225833327032706,0.5980430822211116
5248,0.010330307956440148,0.013466213278796357,0.12498647411893998,0.5137876320000022,0.3374293726458213
5249,0.18275133830334594,0.009342199748299881,0.054689529494147085,0.6029944733857,0.1502224590685071
5250,0.8615713467885929,0.07339378670775322,0.004678717259163594,0.0038908887584439694,0.05646526048604636
5251,0.17073468389242244,0.004576032048062549,0.031233139635585896,0.6298873789388003,0.16356876548512883
5252,0.32887998537441737,0.007733783411274051,0.03310207042027694,0.5648485201469094,0.06543564064712223
5253,0.37003516527558356,0.006641078143074711,0.020660014653049705,0.5265751349058051,0.07608860702248689
5254,0.9334477123782795,0.025913731891879725,0.013959076091657068,0.011637499191457514,0.015041980446726291
5255,0.9720266881638876,0.003736620442316918,0.006027860142737949,0.007120736688089942,0.011088094562967719
5256,0.8786861178337987,0.013629197957286147,0.014688065110424867,0.021833407603776236,0.07116321149471395
5257,0.8847098591236492,0.036999648108549825,0.019246388129092795,0.023013087638213258,0.03603101700049517
5258,0.021683646061545627,0.015961514591838692,0.13089796981582805,0.4933092253096237,0.338147644221164
5259,0.09594971977464682,0.005957244081222214,0.02175259013752938,0.7573514142875442,0.11898903171905745
5260,0.4166240521340031,0.012907818726239416,0.024902519199748563,0.42617554535896224,0.11939006458104673
5261,0.4863861743186035,0.02044201728921645,0.04782082500772888,0.2791174121013495,0.1662335712831018
5262,0.0042598949131181065,0.24749722733266505,0.6532391691800232,0.0033624266099578997,0.09164128196423574
5263,0.3412378885184959,0.010523954455895471,0.01613243862978569,0.3773953729884959,0.2547103454073271
5264,0.07909729344841937,0.06693682410767862,0.1743620894420684,0.04281563236068284,0.6367881606411507
5265,0.2037583137888481,0.044981698759344706,0.02729811196636536,0.5545533764741694,0.16940849901127245
5266,0.7307864697338499,0.12438495109288993,0.048208313875123955,0.02877778952768034,0.06784247577045588
5267,0.47402521283963434,0.0055243997085416266,0.015947295013818474,0.43756297732329696,0.06694011511470867
5268,0.5840949017046722,0.08918349467118498,0.01842379572473124,0.03738952039504016,0.2709082875043715
5269,0.17832725511219535,0.008009236261342407,0.02739712399380327,0.6230110997810568,0.16325528485160204
5270,0.29131529139590434,0.0027724050064911743,0.018735147429191256,0.4940515671737117,0.19312558899470147
5271,0.1502643372867687,0.003717309566602532,0.03449479323106597,0.6246707401053775,0.18685281981018523
5272,0.45395092025836936,0.02725338330427876,0.06774947521225354,0.23851251788964214,0.21253370333545624
5273,0.2844043626404801,0.010851691473814042,0.03350365432066579,0.44693719073265537,0.2243031008323847
5274,0.10190489452299187,0.3203339761594179,0.4421684274579196,0.03453448018632779,0.10105822167334297
5275,0.036254194112020875,0.01210970479384243,0.03617412721317011,0.571540942688923,0.34392103119204354
5276,0.011280112252511961,0.015043175369468018,0.10326372194136225,0.5073038199384894,0.3631091704981685
5277,0.5374515073256051,0.24916589692413935,0.15829192310646445,0.0013910181304429196,0.0536996545133482
5278,0.5141265077325079,0.002797855552977085,0.018506092674068476,0.42589983309533985,0.03866971094510657
5279,0.0005086355090280442,0.3656756796855771,0.21561193468904596,0.001114817098846219,0.41708893301750277
5280,0.5407612484102182,0.004907083749082795,0.010996990696745349,0.3984486053565869,0.044886071787366845
5281,0.8125070649604095,0.03411936805430937,0.030801527740905957,0.06990122696640387,0.05267081227797127
5282,0.9361107428175787,0.01162018072648413,0.011871981855059348,0.012044038897077345,0.028353055703800614
5283,0.5127548398650856,0.06444397537790013,0.04951206494031772,0.07418723880160233,0.29910188101509416
5284,0.019900821764836978,0.024790579449111876,0.06413744217135996,0.4645304134439659,0.42664074317072526
5285,0.00845058951414593,0.036586608011298476,0.2330888439766929,0.09274046235619263,0.62913349614167
5286,0.9658304815097385,0.004368941468599096,0.0071836406190141444,0.010447518708767766,0.01216941769388054
5287,0.5485871610907621,0.26418654825310267,0.05374378351213286,0.03933828591815012,0.09414422122585225
5288,0.4254202256304779,0.030879747587151063,0.12801581180854507,0.16044165989183828,0.2552425550819877
5289,0.37164541471702467,0.006431881833378887,0.021747795613385003,0.4448293517154583,0.15534555612075326
5290,0.005613629480321339,0.27868843009404304,0.5910190108350118,0.003686508181144872,0.12099242140947894
5291,0.0116782982018623,0.36977789541841216,0.5163720548162055,0.003347134246541705,0.09882461731697836
5292,0.0009195320132771481,0.9012207630220043,0.03324532494036608,0.000549139325421439,0.06406524069893114
5293,0.0036180158180003667,0.23354151416178118,0.602141129942378,0.0036841778585743543,0.15701516221926606
5294,0.8487415788513997,0.013338472117949,0.019159364727997345,0.06220256497460887,0.05655801932804518
5295,0.6530512529448746,0.023103287365494326,0.060454430995807065,0.09885889375070869,0.16453213494311528
5296,0.9364301749400196,0.009418730111077621,0.01219995660593537,0.012903511113560506,0.029047627229406837
5297,0.7987764612941116,0.01484225303213606,0.12166810375533706,0.005833149279205746,0.05888003263920942
5298,0.006359424018635835,0.012324885589630342,0.10527423325773579,0.5210564539651414,0.35498500316885656
5299,0.6012360342383513,0.02329592214552722,0.033855579860361196,0.10478085064491045,0.23683161311084985
5300,0.014094291618276642,0.4413564289588966,0.47531652831155385,0.0013837032673270787,0.06784904784394571
5301,0.4317353035171193,0.01015595422276123,0.009054184970316508,0.40794327683152537,0.14111128045827756
5302,0.7468447500959923,0.009034601214287164,0.0008215945340184679,0.08199354448041324,0.16130550967528876
5303,0.033952652928060746,0.010373730710946303,0.0221330970894397,0.33120576217374514,0.602334757097808
5304,0.007472907953890979,0.06198361815198028,0.3384134663280225,0.12468767084212404,0.46744233672398217
5305,0.3677914444484536,0.02116537795993918,0.04240584018929513,0.43931740879939396,0.12931992860291822
5306,0.340515730703652,0.00562876806526502,0.032126883184093444,0.395646626724867,0.22608199132212262
5307,0.23515875833896963,0.00863290277968405,0.014274678463494983,0.58660012587192,0.15533353454593135
5308,0.0004387135453227239,0.3321639636393647,0.5885346932961386,0.005023450957773078,0.07383917856140083
5309,0.8649826886472655,0.0014116848789565073,0.0023971619569735946,0.09543617440149392,0.03577229011531024
5310,0.0003000588801087783,0.15609771293708455,0.044139205675100705,0.004188727615369322,0.7952742948923367
5311,0.8085315217816861,0.12370665642837324,0.0258024698984798,0.007518091296963576,0.03444126059449745
5312,0.0014153433536037026,0.2558286672211729,0.14880895747603448,0.002051022717128373,0.5918960092320604
5313,0.09963847715944608,0.01497936539638515,0.41372914256222443,0.1144297545966213,0.35722326028532303
5314,0.2783488420304205,0.004345682059199973,0.01956058978667713,0.625606444152581,0.07213844197112133
5315,0.32599371107254793,0.006200118226853209,0.02669297616052298,0.45425634782607466,0.18685684671400113
5316,0.3153355654841779,0.00809277860962316,0.02971582852750397,0.5438106265589842,0.10304520081971082
5317,0.48929412478955986,0.00699631511902387,0.0026633701311603235,0.34613248669370134,0.1549137032665546
5318,0.7625800270247118,0.07789476906281134,0.052212718220769117,0.04292251561336843,0.0643899700783392
5319,0.5277210121221351,0.0031855037669748527,0.014577378113107747,0.41623380363500495,0.03828230236277731
5320,0.2283637163205678,0.004132445586509528,0.05220555982710516,0.5400629561916241,0.17523532207419343
5321,0.4901848663760057,0.020824991986522566,0.05464198950704249,0.25591601452447044,0.17843213760595866
5322,0.01645975896628012,0.006966686000197265,0.05493773963018254,0.5803770067723156,0.3412588086310243
5323,0.4061888438184181,0.28734994667442965,0.031933821292874864,0.010485609924786409,0.264041778289491
5324,0.37061462159763314,0.0831857838086146,0.1705818046773598,0.21283267647867793,0.1627851134377146
5325,0.9072051214343742,0.017393912752250985,0.017211734637372703,0.023033164664238905,0.03515606651176309
5326,0.002064650579685077,0.4777199422615445,0.15261441593848538,0.0022811213712684384,0.3653198698490167
5327,0.016645815550592344,0.06632527944006154,0.22932124650917704,0.13251343095568063,0.5551942275444884
5328,0.34437598319463053,0.03149342904687053,0.07312691109466311,0.22278243308666992,0.3282212435771658
5329,0.31954074407279603,0.15443491792005193,0.032195107800753665,0.07438173429536876,0.4194474959110297
5330,0.9829358324320904,0.004549864707986768,0.003208672821657779,0.005628964984338912,0.0036766650539261257
5331,0.2578130741009725,0.008460513069764362,0.03842087760744099,0.6135076640560837,0.08179787116573842
5332,0.00275359231524279,0.2656061818822502,0.6200563928144661,0.0036835357903669923,0.10790029719767365
5333,0.32322270743059955,0.009877130928187974,0.034634565730928456,0.5542769712818335,0.07798862462845046
5334,0.003360050107416359,0.03366628330520714,0.692720214523925,0.013023205832780984,0.2572302462306706
5335,0.3250413394354216,0.03191675011647193,0.15415511401819987,0.1904514555737991,0.29843534085610757
5336,0.9469695296813162,0.010022932955820572,0.00878904784213349,0.012827588376157112,0.021390901144572778
5337,0.3629123223335949,0.006061066693739791,0.015433382498185471,0.5699602595274325,0.04563296894704741
5338,0.227949254687947,0.0044227801153127935,0.04591459074864027,0.4855906562326856,0.23612271821541433
5339,0.9452188276195259,0.0049524082950790395,0.006527593721665705,0.02638153229927869,0.016919638064450758
5340,0.43143291965329206,0.027468956473731272,0.0625364668131017,0.19714367517402362,0.28141798188585126
5341,0.45346053168466977,0.006155252164861957,0.0141943962195994,0.4645820030070628,0.06160781692380608
5342,0.07750822669274604,0.06818169669158991,0.11636430631481899,0.08502454681495061,0.6529212234858944
5343,0.5424478369215576,0.012677248939643235,0.009565436891162661,0.22948572039477122,0.20582375685286522
5344,0.738148508629535,0.005736482924347523,0.01943464738181735,0.20301922751800772,0.033661133546292334
5345,0.41185132540218516,0.03214137864668805,0.13694873180675468,0.2751637700294733,0.1438947941148987
5346,0.34968657977319995,0.008428272505766174,0.012982464669669314,0.2747123688283626,0.35419031422300185
5347,0.8924344804584493,0.013267061319058134,0.0034631413226429947,0.016143419581681598,0.07469189731816808
5348,0.21343668382403852,0.011367336981445817,0.03963893076458094,0.691214170322122,0.04434287810781274
5349,0.3800722118360659,0.003643013964617464,0.01217525280438323,0.4188619755137534,0.18524754588117998
5350,0.014302484382645732,0.03180007162874908,0.5162758245574555,0.007760565967407507,0.42986105346374237
5351,0.16123172450002327,0.0034790461593795048,0.024688715330504075,0.6397153824499858,0.17088513156010726
5352,0.06835776346155763,0.796417343407221,0.07936837491814408,0.001997078175575221,0.053859440037502086
5353,0.008329780087562898,0.007330937127790748,0.02924712975055797,0.5209609579130745,0.43413119512101384
5354,0.04842870698222129,0.015046615660506307,0.05906232345042483,0.3091877177462276,0.56827463616062
5355,0.2661466060238307,0.0033707933442417826,0.029185329524076743,0.4989776043856179,0.20231966672223287
5356,0.8489638091757618,0.014832885081781967,0.015692607997126316,0.04282731133839448,0.07768338640693548
5357,0.3920681680051082,0.002075422288426741,0.020186915086990755,0.5369446114762629,0.048724883143211356
5358,0.0038830065075432904,0.02040093685897146,0.6813889651283448,0.019185669427547562,0.27514142207759285
5359,0.2650340328338813,0.00495136067624037,0.041855226840134284,0.45844231441422584,0.2297170652355183
5360,0.21049366087872506,0.009515544570782537,0.013832701184989344,0.5928778804698566,0.17328021289564638
5361,0.9259761203890032,0.03268969763968274,0.014218570732024621,0.00754471979752617,0.01957089144176309
5362,0.9888455059712901,0.0023735101633521358,0.0029427587902915177,0.0025710504073194573,0.0032671746677467167
5363,0.45498132379038114,0.011002003593499666,0.01831625400491961,0.3147131651875893,0.20098725342361012
5364,0.47948186221776434,0.004557625890223564,0.014275091264289823,0.3405622537676791,0.16112316686004313
5365,0.007828493923946456,0.3842900096379459,0.5160008804200387,0.006334463989005835,0.08554615202906315
5366,0.06745867319068552,0.08293517909957478,0.7446582358896837,0.004530138727806823,0.10041777309224938
5367,0.9890149043788694,0.0016162808248378067,0.00237224835269086,0.0038744099093728323,0.003122156534229202
5368,0.6437127922845898,0.009207530719728149,0.04302969677688016,0.1007744264530976,0.20327555376570433
5369,0.02599514352616111,0.09890698677567551,0.1360207419036949,0.09779839346728608,0.6412787343271823
5370,0.3743832656897102,0.023416129500509773,0.019174429447516593,0.48029879329723896,0.10272738206502441
5371,0.00524046279238687,0.1900865632176863,0.6985691430483559,0.002934953593983833,0.10316887734758695
5372,0.0017302606630095227,0.04192152668715263,0.017523558875249718,0.041361643901028214,0.8974630098735599
5373,0.719270022311236,0.0057719815730634125,0.004784548600866656,0.14552005425452927,0.12465339326030453
5374,0.00030714723663252626,0.7603120646348515,0.1627412480654775,0.00025411911619936575,0.0763854209468393
5375,0.3989509363748262,0.029627964160570123,0.15075763519881855,0.18859790589058523,0.2320655583752
5376,0.00027816772309289086,0.5758229501392793,0.1187256010118228,0.0006125205960712392,0.3045607605297337
5377,0.0888461157945548,0.2976981248606667,0.2720958652299521,0.008636418649701813,0.3327234754651246
5378,0.9702368134715592,0.0057839980963706634,0.0059762124173712555,0.006485076967696949,0.011517899047001878
5379,0.4992678572150804,0.0011445562599412516,0.013135252838541028,0.3455600739345171,0.14089225975192027
5380,0.5540297633630684,0.007221961579731386,0.005995451761386507,0.27311673543790727,0.15963608785790653
5381,0.4119954096539988,0.006468047796648488,0.013628558059931623,0.5400451725247037,0.0278628119647175
5382,0.1834964492474332,0.005246688742612159,0.05570769403746374,0.4856916848986284,0.2698574830738625
5383,0.5964165762632369,0.00609968152158385,0.011710036002323017,0.34803727853339556,0.03773642767946059
5384,0.30847899781921817,0.005241884533935862,0.03130226071351242,0.5377772552583822,0.11719960167495143
5385,0.5851105850036659,0.002502359006222767,0.010437121396446234,0.3584883470661219,0.04346158752754309
5386,0.010653837455616143,0.4690356203069331,0.4133809553486112,0.002411075759936799,0.10451851112890279
5387,0.051876463749996646,0.586234302740688,0.3120017427230982,0.0007896194087458126,0.04909787137747138
5388,0.02799420579215551,0.044942314155774696,0.03751486102524816,0.745924084303153,0.14362453472366846
5389,0.20574167914693028,0.020812354525229042,0.03219596677522271,0.661887283448515,0.0793627161041029
5390,0.018427695296141747,0.22181008446907322,0.28693523044036684,0.012204801094227434,0.4606221887001908
5391,0.0063690512441104755,0.010562914228922455,0.12891151234433654,0.5092491051836123,0.3449074169990182
5392,0.932005544257272,0.02575007697481687,0.013926122057938084,0.009728114452969528,0.018590142257003454
5393,0.011314730545761417,0.014219811000150698,0.1001120229287258,0.4265643143587186,0.4477891211666435
5394,0.00766464011949281,0.017632156717288842,0.105187537541271,0.5728060023218859,0.2967096633000613
5395,0.0027887169108649274,0.28710876634616833,0.18075238103755292,0.00220456605476053,0.5271455696506533
5396,0.6437577767918006,0.03329042049362028,0.1771377571762644,0.009851217917139294,0.1359628276211753
5397,0.9521758176841263,0.01040497395712297,0.009216886510566145,0.012334263173480926,0.015868058674703703
5398,0.05335896054805252,0.08493784500535345,0.0766239446782059,0.11141878777626461,0.6736604619921236
5399,0.9723556559838941,0.004831588351251295,0.004518913904626844,0.006851778615761045,0.01144206314446665
5400,0.28302634143296773,0.007106576703854479,0.028751961234592147,0.4724442720480195,0.20867084858056628
5401,0.02187469413385551,0.35843007720043174,0.5287398889990547,0.0010984295086980847,0.08985691015795999
5402,0.6289842439199561,0.00504745833002652,0.006105604433271145,0.12725376904540325,0.23260892427134308
5403,0.0008542957799438622,0.47530721608451776,0.201639886367271,0.0013497202646301008,0.3208488815036373
5404,0.5847357403335093,0.0030371662169209838,0.010033106166283215,0.3835185132738079,0.018675474009478717
5405,0.7089912200029139,0.009152039779645365,0.0016215694975609716,0.2043832318398033,0.07585193888007641
5406,0.4831550469559752,0.008728540184199744,0.011038121561596516,0.16069083971581222,0.33638745158241634
5407,0.023996484031848526,0.21236536258778105,0.3043884541104624,0.013278971562574448,0.44597072770733354
5408,0.2593269660160635,0.005565444631895928,0.027121977461844863,0.5178888426774014,0.19009676921279428
5409,0.9811074988794535,0.003086579552650204,0.002989667857254939,0.006952514125507117,0.005863739585134197
5410,0.4187013619552958,0.0027049301415218497,0.012324144761559885,0.22483513192784266,0.34143443121377987
5411,0.029993915905066077,0.057465767739247504,0.03880099558289615,0.5936212441386474,0.2801180766341429
5412,0.34018105104072754,0.008649173295839741,0.027769079649080007,0.3087373260069354,0.31466337000741734
5413,0.4600326648449674,0.025293849859946226,0.022931471474843982,0.06597506935305529,0.42576694446718716
5414,0.27162094162417555,0.003267565663143919,0.017356648761670968,0.665374690270219,0.04238015368079062
5415,0.368441416346701,0.027800371540032214,0.06210985593222603,0.4237308773318917,0.11791747884914917
5416,0.1074270307186251,0.011011650846390966,0.023230707028089354,0.7140742441712823,0.14425636723561241
5417,0.37172233192006043,0.0028747200528548124,0.018332120777077444,0.5127362551573799,0.09433457209262748
5418,0.0013612875925896975,0.1688296868114635,0.038217324406193603,0.0037781240995548877,0.7878135770901984
5419,0.3247127214966716,0.003123533591115271,0.024153969491912893,0.5103121681429517,0.1376976072773486
5420,0.8822178560702431,0.02011331737567464,0.010387336671029054,0.025570999140265328,0.06171049074278802
5421,7.448283726614282e-05,0.38248609175437237,0.21540631753361944,0.00047469774237491317,0.40155841013236704
5422,0.14849556820735182,0.021330207818829147,0.007824798417575652,0.10459748436997367,0.7177519411862697
5423,0.17821565128763578,0.007172284597789927,0.02547625682781216,0.5991866760068801,0.18994913127988214
5424,0.9089462053843919,0.03853882572537267,0.02054927029087155,0.011661391547052822,0.020304307052311187
5425,0.0027772123619164003,0.13614005051759573,0.024599799443776143,0.043682796519981804,0.79280014115673
5426,3.658106754233586e-05,0.42946014684788414,0.035406624898917945,6.913905089197744e-05,0.5350275081347636
5427,0.2966011407024922,0.0023664571285047548,0.014055013479456912,0.39023140542966217,0.296745983259884
5428,0.8540996901822855,0.023195335536344865,0.01837219370922259,0.022499104096393756,0.0818336764757532
5429,0.36527327777604846,0.006776172777401136,0.014190654746890097,0.5628241486168465,0.05093574608281387
5430,0.27269725001548156,0.004316590804404104,0.03208373622781056,0.620431146356237,0.07047127659606692
5431,0.9853857888546743,0.004561205194207154,0.0032166704023014105,0.003105921432542376,0.0037304141162748314
5432,0.674119533158797,0.004230974226707791,0.004110146867482959,0.136819826609673,0.18071951913733914
5433,0.29275814114851517,0.003469998050647903,0.03308174681919939,0.4637284219679272,0.20696169201371045
5434,0.9305637905731574,0.008488800070114034,0.009372034957551671,0.029341874511125677,0.022233499888051143
5435,0.11663876164916302,0.0065776553968533895,0.07149405886425275,0.6599919492396523,0.14529757485007838
5436,0.0036708298591585117,0.37965065086844546,0.4968279229145567,0.0037115486624135436,0.11613904769542588
5437,0.009482493018645904,0.34778014064135765,0.5440337860142022,0.0034085454474623742,0.0952950348783318
5438,0.22988650489991277,0.0037450571751302076,0.03944262082013395,0.4927490659975654,0.23417675110725775
5439,0.3340771868694567,0.005739226071172868,0.02563333777597014,0.47424211511025777,0.16030813417314255
5440,0.32597552782289035,0.005808422216577334,0.021358663584017456,0.5233656560335668,0.12349173034294815
5441,0.34819464458795385,0.0027481386146707234,0.019896083590729814,0.513106276630521,0.11605485657612466
5442,0.5381933563587556,0.09124397351555795,0.03155426534431607,0.24884403059048782,0.09016437419088258
5443,0.1464823485101439,0.32330282244558073,0.2505473680567331,0.015418106930942758,0.26424935405659944
5444,0.2438014351746413,0.007022438203405913,0.04301967887189727,0.5023831351437742,0.20377331260628131
5445,0.03349362085538,0.09138789115444729,0.24340298826942128,0.07222531871865893,0.5594901810020925
5446,0.29744047670338347,0.007900601955130435,0.017233632663328488,0.6234576034532824,0.05396768522487528
5447,0.7483123127838538,0.007567653450883275,0.0034747684017445196,0.17560322926515373,0.06504203609836474
5448,0.007768949061452267,0.2585546657540328,0.13496036266950795,0.010939541849057844,0.5877764806659491
5449,0.19518809807162338,0.002610112215590832,0.02773128577325662,0.5811671498820743,0.19330335405745475
5450,0.7492541168817516,0.014961654085595272,0.01133638739386027,0.06833492995861562,0.15611291168017735
5451,0.8705489842892025,0.016900326144600616,0.07493435849488117,0.008546125015933935,0.02907020605538185
5452,0.008792675369764818,0.4326872328456211,0.4703098548541608,0.005773557666845696,0.08243667926360755
5453,0.6303299676771564,0.05956604686787303,0.048186285446426544,0.15925268811586793,0.10266501189267606
5454,0.009056073411632365,0.09416152120087878,0.2865440803886866,0.11171656126829431,0.4985217637305078
5455,0.20975406628580268,0.009931191738503254,0.03176385756292682,0.5850794670680651,0.16347141734470216
5456,0.5580734410709685,0.01828899523581822,0.0444675843322546,0.3013947513854245,0.07777522797553424
5457,0.18005703611822285,0.006352333436955825,0.021633635733007632,0.5491267645146022,0.2428302301972115
5458,0.8214188922354974,0.016606542486957317,0.02488186592418051,0.04687395986939554,0.09021873948396936
5459,0.29874402967579045,0.0030745653521978733,0.02285546341449812,0.6006919882413202,0.07463395331619328
5460,0.24233590165383795,0.08393567488209648,0.25379410701794686,0.26204948721380344,0.1578848292323153
5461,0.20899403766075353,0.01015338880864976,0.046243097459862645,0.49207724023462035,0.24253223583611366
5462,0.7362263642828363,0.012130059618009592,0.14201249910002475,0.00947515583534505,0.1001559211637842
5463,0.04107558909258488,0.04635685579598367,0.6850638254221995,0.018561761393170947,0.20894196829606085
5464,0.6974428622684067,0.17395726177116824,0.10395534857434932,0.0022534917781909386,0.022391035607884795
5465,0.02520049070737042,0.8923806703824059,0.05553543461037358,0.0005575279334451602,0.02632587636640484
5466,0.0022732652894732054,0.2715055744893356,0.24372886419683684,0.003205526735042471,0.47928676928931174
5467,0.1605691827082566,0.002149474141488642,0.02773636770454341,0.6024849636794329,0.20706001176627845
5468,0.5579807660299462,0.05506320955064623,0.007909274466743511,0.19742759324358536,0.18161915670907872
5469,0.27077058166449886,0.0059150731644790145,0.02674729335143696,0.5049901488742546,0.19157690294533053
5470,0.033863859330278655,0.06952949687002295,0.03637916311634709,0.2547844143443382,0.6054430663390131
5471,0.17730706336985583,0.00578946398591088,0.05055381043253475,0.5460276276421427,0.22032203456955582
5472,0.1678525742199932,0.006372069004919876,0.04637406693758841,0.49191189059692436,0.28748939924057426
5473,0.021246563216584316,0.02161928924137121,0.11471290378765278,0.551609891674247,0.2908113520801447
5474,0.18904750284502944,0.007535349344333673,0.03452565503780909,0.5650877256069426,0.20380376716588522
5475,0.01285055861176586,0.2654320595953973,0.6120862995326617,0.006559820638813024,0.10307126162136213
5476,0.4189645237029929,0.01830698154088468,0.04126173549708863,0.44647018437894187,0.074996574880092
5477,0.0003091653864164721,0.3796601627276078,0.12184178544305542,0.0007909503243339669,0.49739793611858646
5478,0.15509856661478857,0.0038602757029751232,0.03540447909737341,0.6332321418248389,0.17240453676002393
5479,0.04385927002131593,0.03293451074400556,0.05983069787380611,0.02199890652805132,0.841376614832821
5480,0.0026612792912180535,0.10811160138882507,0.19330982579308245,0.0017326285665116006,0.6941846649603628
5481,0.023705097162428707,0.009871575894446935,0.05713742556818045,0.3951264950038483,0.5141594063710956
5482,0.6793297258612366,0.030643409967002093,0.04604191498304404,0.0888923956277258,0.15509255356099136
5483,0.24542090918839907,0.0017906248318894176,0.01651886729378573,0.6965131332972166,0.03975646538870907
5484,0.8134950879948349,0.07003735977695932,0.03850054393826606,0.025368249365895226,0.05259875892404433
5485,0.9771755816064619,0.005621289055971059,0.0045031738175926785,0.007027313696465943,0.005672641823508529
5486,0.7565404499288679,0.028341744249097807,0.007925128649866619,0.029751045767510892,0.17744163140465674
5487,0.008311275369897666,0.02260103430223897,0.3093545145504451,0.10460765932027487,0.5551255164571435
5488,0.4853566993100464,0.002025112309737178,0.01383710879907933,0.4745923296611628,0.02418874991997413
5489,0.5106402295873762,0.004223698673023671,0.005483558411142138,0.24742474013201604,0.23222777319644197
5490,0.21182924422188237,0.001919158180438331,0.038871351904142974,0.48253717005055213,0.26484307564298426
5491,0.3085060608376359,0.006347350582821383,0.03045068689199086,0.51146202055044,0.143233881137112
5492,0.341810215961536,0.0035850780656106005,0.02388763564677596,0.5730838238429289,0.05763324648314873
5493,0.9645893699765785,0.007009865512201195,0.0060242243130392715,0.011133774729558102,0.011242765468622818
5494,0.3842427214888302,0.028228432257030037,0.05717689201606152,0.22737429704636852,0.3029776571917096
5495,0.10829267670754207,0.006927036746768356,0.018969025650263198,0.7163914034565683,0.14941985743885822
5496,0.5312143079885254,0.004334833130216959,0.008078809881118098,0.28993865421199383,0.16643339478814567
5497,0.5166382260210778,0.006552743616028095,0.005142198638852279,0.45335069868779265,0.018316133036249214
5498,0.3203599525840876,0.003924168950895486,0.02281262090414494,0.5105025610916727,0.1424006964691993
5499,0.47862943905574484,0.035176472405955485,0.06595132414778201,0.08196903569246072,0.3382737286980569
5500,0.4081793326610554,0.06922094636197203,0.06905780027970462,0.30008258180642444,0.15345933889084348
5501,0.3563152025429109,0.05339346640224064,0.09551232504244117,0.2308807973180061,0.2638982086944012
5502,0.003365081709648259,0.32951292105747565,0.6197266634298387,0.004653868813077595,0.04274146498995979
5503,0.28822480445089166,0.006868884196126193,0.02163969263277121,0.6241503436853773,0.059116275034833764
5504,0.3232040716030712,0.010373178736042375,0.04669420778166557,0.3786755430244528,0.24105299885476816
5505,0.434247082502673,0.004149747278676196,0.010307374542232971,0.5014901202919348,0.04980567538448304
5506,0.2553534316627871,0.08906568668679926,0.09305908328395299,0.3821954949699796,0.180326303396481
5507,0.39380385216696745,0.024584826930589273,0.03322303681515214,0.04360920537325679,0.5047790787140344
5508,0.007046585352251995,0.015284620866697273,0.1489817732508347,0.4883831045500416,0.34030391598017445
5509,0.02744870687233792,0.08493934148921287,0.05601070161701701,0.03107191733720756,0.8005293326842248
5510,0.3764629826784188,0.0021264432793189595,0.015719468723208035,0.5649637188408619,0.040727386478192275
5511,0.24161100478508996,0.008631642933681374,0.019943094391146863,0.5562176027590019,0.17359665513107997
5512,0.8517375014862903,0.015115388514788873,0.08859275784526444,0.0087103185054052,0.035844033648251096
5513,0.13155991783281182,0.0061005692988594104,0.054418657494715576,0.7740780256937474,0.033842829679865925
5514,0.0006775301182038495,0.4349182743911706,0.3577519359536037,0.0007266593101698106,0.20592560022685186
5515,0.7704059257235691,0.010576404069727688,0.022263562337515447,0.13824332779856133,0.0585107800706264
5516,0.804082048047282,0.007692575063682081,0.020300916762508454,0.13432030317550184,0.033604156951025595
5517,0.2244088749654741,0.005835945184832153,0.04009998083281538,0.4414620595866151,0.28819313943026326
5518,0.021110053539895823,0.04696735384006321,0.55083812642498,0.01117043511486308,0.36991403108019805
5519,0.24495337888688423,0.006334370752490826,0.029802543089163757,0.4836408760913577,0.2352688311801034
5520,0.43193763640545424,0.09176753332843458,0.07958335996393905,0.20852500692748976,0.1881864633746824
5521,0.9724313311463824,0.0032995559455538505,0.0035563709922700336,0.0143732162572226,0.006339525658571201
5522,0.19943507938801702,0.007707280156604789,0.026810223800584905,0.554767729281214,0.21127968737357933
5523,0.25429792223233,0.004356239403947348,0.01812809523476277,0.5765567907376062,0.14666095239135368
5524,0.9299088579095313,0.00369230870080651,0.010393217581954479,0.030775912801215874,0.025229703006491754
5525,0.008063405133650654,0.20460227059372688,0.6616026650493545,0.005435323317558328,0.12029633590570964
5526,0.2388241221286081,0.008627711127355995,0.04016591592566217,0.4951629037109081,0.21721934710746565
5527,0.23496506038491807,0.003207333625328702,0.033750727444896385,0.670736852243855,0.05734002630100189
5528,0.36427763931594626,0.01616327485339225,0.003216220364126456,0.5465915836008983,0.06975128186563671
5529,0.17522491498638512,0.008443050081602751,0.04782854041090108,0.4719972948861102,0.29650619963500074
5530,0.1096720396170403,0.12317330026775572,0.08946017470268702,0.06277507263580923,0.6149194127767077
5531,0.3350741689440942,0.013946647719865844,0.024350802276712737,0.4123029214765337,0.2143254595827935
5532,0.4598359976096002,0.008655616393786147,0.013433431167197656,0.4301295007159277,0.08794545411348821
5533,0.5039309797555125,0.005358114086197002,0.009000927926054001,0.41189338235138756,0.06981659588084888
5534,0.08001776238745673,0.005137213854180614,0.03450559804240517,0.6988374796219963,0.18150194609396123
5535,0.4374065630611454,0.003920833917085599,0.012128588083264924,0.4846945752247299,0.06184943971377418
5536,0.3633567889853478,0.06414197638458749,0.11116910148003412,0.23824150716618792,0.22309062598384283
5537,0.00029487321414657305,0.3959561212360613,0.033625774764420455,0.00015532852325475145,0.5699679022621169
5538,0.21589043327087631,0.007145432637032748,0.03319474008023906,0.643490156169557,0.10027923784229485
5539,0.3705974783160001,0.005747195707413383,0.02104671613166161,0.4571921756122487,0.14541643423267622
5540,0.0030272887511989467,0.09168628579954059,0.7361521481505947,0.026359963196841737,0.14277431410182403
5541,0.17040901191548447,0.004251062732227816,0.03932742290981757,0.5804605720847446,0.20555193035772565
5542,0.01703090559775189,0.039765535632626386,0.7425040140494455,0.021896398450675543,0.17880314626950064
5543,0.6443659552397851,0.05651127939209577,0.051073036534618775,0.10999763847669349,0.13805209035680693
5544,0.006867797856457412,0.014874909171651334,0.1275081654046132,0.7990235863397264,0.05172554122755155
5545,0.49539942604424403,0.01125974561336464,0.049516176230093537,0.36818324224365934,0.07564140986863864
5546,0.17413844020664723,0.00843689612764147,0.029213411903286333,0.6600972477760337,0.12811400398639117
5547,0.8573755002261273,0.026449554570479965,0.019326775990834426,0.017581932176201857,0.0792662370363563
5548,0.33864494951103835,0.0073457526749379064,0.03166476294561529,0.4240261390551946,0.19831839581321384
5549,0.2709024532114576,0.02940053796240837,0.0823276680558865,0.22951773613299173,0.38785160463725576
5550,0.8053346120597441,0.004805923689275656,0.002337699944299301,0.10182925330276016,0.08569251100392071
5551,0.004893823392492698,0.1903470516946038,0.6676747645903696,0.004068315473262889,0.13301604484927113
5552,0.32314853095058665,0.00797412639483107,0.007435836577478334,0.38473590110271544,0.2767056049743885
5553,0.1421442158368771,0.12731704790186005,0.263206518107629,0.007646519604096863,0.45968569854953695
5554,0.32499580396911826,0.02486236794198821,0.03664689544053138,0.04334424482584491,0.5701506878225172
5555,0.7504227794609531,0.02552523778259799,0.037669138401726684,0.09476367161435698,0.09161917274036521
5556,0.22487136383919723,0.08227248893650219,0.09588789501756438,0.40881055762321483,0.1881576945835215
5557,0.30246186129155045,0.004054461553462799,0.0312390917376946,0.4190758443068722,0.24316874111041992
5558,0.046504697354129446,0.26579823110600187,0.04801221563740686,0.1277264277004122,0.5119584282020496
5559,0.8759147189472954,0.031878292690134036,0.021848605845503733,0.017343659728734553,0.05301472278833217
5560,0.5192897665642414,0.0074809571592614225,0.004676350898868214,0.2638709305512139,0.20468199482641497
5561,0.0014054387656501559,0.38849832938087775,0.5391472826969761,0.0036278974839045997,0.0673210516725915
5562,0.329313065065681,0.07049142946545942,0.18718704058850535,0.29707932488073246,0.11592913999962187
5563,0.8108210307698925,0.021801952258098133,0.016243944351490784,0.049392974525192694,0.10174009809532567
5564,0.9668686179026481,0.005893373249285687,0.005214202950005235,0.0073511466334352195,0.014672659264625878
5565,0.3845907444026181,0.010093265966818067,0.015449220241542138,0.5239804844797166,0.06588628490930504
5566,0.3146848748239388,0.004585384729989812,0.021692317070971825,0.4857768043366804,0.1732606190384191
5567,0.0040433815953502955,0.0174768243667093,0.6268475585745437,0.012815109610694491,0.3388171258527022
5568,0.9535722161835162,0.015200455350754897,0.010539416102995794,0.008180160821677227,0.012507751541056057
5569,0.5520657111573318,0.03230264673974108,0.22162896018228553,0.011683545370313022,0.18231913655032858
5570,0.0008977322751068985,0.19554815202324002,0.1737743571784735,0.0021729028759473576,0.6276068556472322
5571,0.9882076631081375,0.0015151929836531618,0.0025414685855681754,0.004150784238554078,0.00358489108408692
5572,0.2594927888130937,0.05752907595527985,0.07979541820309458,0.43636929985175327,0.16681341717677858
5573,0.2865447691232035,0.0068269424310706366,0.03572761884810894,0.5409897659039107,0.12991090369370617
5574,0.042574574147348596,0.10853154193286395,0.0615807384536708,0.03195596507452286,0.7553571803915939
5575,0.015723149791246425,0.013178937568270151,0.03128698719684333,0.5621245823081434,0.37768634313549665
5576,0.26643004483881055,0.0016822822073095604,0.01937229687123087,0.6617637071784663,0.050751668904182784
5577,0.028307741917279153,0.03212687845557858,0.07238229453775477,0.7609164568675859,0.10626662822180163
5578,0.31510013542178766,0.010668980518483837,0.024628888548140854,0.555067586178449,0.09453440933313874
5579,0.8126439005177506,0.006739730058054871,0.003743738331377366,0.09562757270799517,0.08124505838482199
5580,0.7302932347825646,0.07414449988237248,0.060775992572110096,0.04735984584972689,0.08742642691322593
5581,0.10481732451691173,0.0037588309710843335,0.0741252612391377,0.6425847032106247,0.1747138800622415
5582,0.21551296741668607,0.005218139603014609,0.029401318214144906,0.5543115603043041,0.1955560144618504
5583,0.37234831535032686,0.01977574222871238,0.04457214551057575,0.48229028140796226,0.0810135155024226
5584,0.8690043450268615,0.022556758875455395,0.021822235958738518,0.038350293235938845,0.0482663669030055
5585,0.0001967122043787038,0.3139353558152452,0.17704175558434473,0.0013403259093905829,0.5074858504866407
5586,0.0014208129161995453,0.07036000634936422,0.6724393758265041,0.02360109731227472,0.23217870759565734
5587,0.23749206887245278,0.0033923788095602475,0.02227487801187968,0.6883520414631822,0.04848863284292509
5588,0.30100732754055665,0.0030234182193963413,0.012958581487796885,0.6323476320075975,0.05066304074465273
5589,0.13745531726208246,0.009523765530860382,0.009834461460523088,0.7105773526396246,0.13260910310690951
5590,0.01370627302233182,0.2603901994002892,0.5803831143396536,0.0025875898325535807,0.1429328234051718
5591,0.2146380074777538,0.009139925456267699,0.032978434666133385,0.5357958904188189,0.20744774198102614
5592,0.0032255837678777403,0.26071539396532584,0.6337291431539805,0.00612769271551201,0.0962021863973039
5593,0.7805222771455926,0.03199568614256618,0.10277958098465585,0.005001008085329244,0.07970144764185623
5594,0.12103732281167266,0.008481008261690112,0.06057703936816602,0.6687500462029689,0.14115458335550243
5595,0.38893469766612143,0.007014607035319533,0.021717851010243053,0.4602102551227842,0.12212258916553187
5596,0.013118189976981054,0.023889852210860523,0.0262705099742873,0.34693951619537766,0.5897819316424935
5597,0.003009868203295471,0.027392035911844255,0.6999880885387,0.010035852259202881,0.25957415508695747
5598,0.7744280752753574,0.018088314077067066,0.031214958296304683,0.07901392757114498,0.09725472478012584
5599,0.9660309325798797,0.0063830686638077835,0.006915365561248174,0.009254311493960483,0.011416321701103814
5600,0.2285272208080717,0.002558286973917159,0.03188828685770251,0.6241341389856094,0.1128920663746992
5601,0.00758624629768096,0.2547424825553367,0.6180056763658396,0.0024332809283419046,0.11723231385280068
5602,0.20022739861459868,0.01535404221788471,0.0490696794680493,0.46410546462299745,0.27124341507646993
5603,0.1314526715498787,0.006175006344134232,0.03751545289085802,0.5938892834285999,0.23096758578652912
5604,0.5642195025715185,0.015623322956272803,0.26837411590690147,0.08220764476416263,0.06957541380114456
5605,0.24526761335062391,0.007538064790099109,0.02275492573378315,0.6263174942299082,0.09812190189558559
5606,0.9858535124076004,0.003603722352324168,0.0039428079596883206,0.0030724180641789316,0.0035275392162082827
5607,0.6157164820971712,0.06900715217431655,0.060791152119925224,0.12394114223233155,0.13054407137625543
5608,0.2811734847336096,0.14499659046047342,0.161108948269889,0.27912777678763306,0.13359319974839484
5609,0.9390740299495237,0.005034742785210566,0.007731142998359656,0.02253408683137944,0.025625997435526623
5610,0.902270222213936,0.016936610112049444,0.014999082758665601,0.014662963131142022,0.05113112178420664
5611,0.01620683113686152,0.040742404555785275,0.2564026274953433,0.09015192684071908,0.5964962099712907
5612,0.0038144347936938847,0.5698591907119009,0.15007228825026514,0.003724605187197006,0.272529481056943
5613,0.247060456060955,0.008544859853644584,0.023602820201416085,0.6832666919899864,0.037525171893997955
5614,0.3224277261811874,0.00800401909156099,0.026683496152850903,0.5104259446649781,0.13245881390942246
5615,0.5889233020417652,0.00439549220059334,0.011011784814524847,0.3676146243935417,0.02805479654957487
5616,0.93873871984503,0.021784143431554583,0.015101567844168044,0.006781855272335946,0.01759371360691148
5617,0.04294761849380554,0.05686383866351782,0.04531706744708687,0.02124251443905263,0.8336289609565372
5618,0.7851496956580777,0.0802439628004649,0.03099679996527303,0.028402014546295852,0.07520752702988856
5619,0.17180858402736976,0.34665808194232667,0.2401002934130195,0.007043973446228764,0.2343890671710554
5620,0.15772979650081173,0.004187503535769534,0.025819733297099804,0.5840660739908685,0.2281968926754504
5621,0.764336621870454,0.014289499958808573,0.0032117099852803635,0.14657644556291322,0.07158572262254385
5622,0.23626452229339237,0.002423985860616527,0.02010178794303872,0.5531095249866185,0.18810017891633382
5623,0.004127634374604783,0.0484699296736076,0.6870648152404113,0.008340641390330108,0.25199697932104614
5624,0.29526463251995144,0.0030602800204646142,0.025972524882867404,0.4106388327052806,0.26506372987143595
5625,0.19656675146288602,0.008254602202935007,0.03490086476355106,0.5374896271384549,0.22278815443217295
5626,0.2543415477864393,0.007520336887855444,0.03532327548899971,0.46872625590209077,0.23408858393461465
5627,0.43166296342853355,0.008174404305443597,0.020855218699074952,0.33604794264796733,0.20325947091898044
5628,0.10430489812970753,0.007377507316292518,0.027755527494864252,0.6831339340087748,0.1774281330503609
5629,0.6284665010802163,0.020215366194247436,0.17828377007354046,0.06590387616520021,0.10713048648679553
5630,0.2471028577487518,0.006384484691812708,0.0648472069246854,0.5571146670960732,0.124550783538677
5631,0.03820959873732285,0.7157336713912845,0.14880824646586782,0.0024796468015830303,0.09476883660394192
5632,0.030874859526081728,0.04096602616557453,0.10426763535956136,0.4854595095785089,0.3384319693702734
5633,0.29742302665785597,0.0029151874546361318,0.01695167025512525,0.5388202125976674,0.1438899030347152
5634,0.941594175032418,0.004386597889031991,0.008756939685046618,0.023080911629483017,0.02218137576402032
5635,0.08463760293288623,0.01918195985559007,0.04403585139623775,0.026319034999566126,0.8258255508157198
5636,0.011104895593953275,0.017331237895847767,0.11648644217933984,0.5423839422550176,0.31269348207584147
5637,0.2250008119530521,0.009964126676990552,0.0428239974054289,0.4827251172891439,0.23948594667538436
5638,0.34107661547392026,0.021235314370258353,0.07104569043228147,0.3272695476695324,0.23937283205400756
5639,0.17827706414345965,0.00690175399981317,0.05017846071894333,0.49252949618959185,0.27211322494819207
5640,0.0005374637671297407,0.10590525466255106,0.12769918763217508,0.0008112334860388141,0.7650468604521053
5641,0.17233361990849475,0.005442686813150833,0.011639500014454388,0.5849244807215545,0.22565971254234563
5642,0.007755132343307123,0.5289119452351847,0.4150803401995264,0.0005095271600762052,0.04774305506190557
5643,0.6349334879990914,0.023093614464790406,0.02089331306642543,0.05348590830464548,0.2675936761650472
5644,7.076281231702353e-05,0.5315759447615189,0.18206726188646832,0.0011552302200341401,0.28513080031966165
5645,7.237331093417865e-05,0.17502036152453457,0.15852861859139164,0.0011808302929520263,0.6651978162801876
5646,0.013622100767635557,0.006154605646567192,0.10078879974060302,0.5635797440925232,0.31585474975267114
5647,0.8276195007024064,0.028877347925115534,0.025325707220108053,0.02813707956639836,0.09004036458597141
5648,0.3924350173403836,0.10193645620765719,0.1070197673625788,0.010601207171183484,0.3880075519181969
5649,0.01520576866195073,0.4656897489161,0.24137564943715478,0.009617771940371066,0.2681110610444235
5650,0.27227142956018885,0.37731698939038616,0.18717313485097756,0.011382236635761923,0.15185620956268536
5651,0.0014024743513807592,0.256116795335301,0.6539346135805186,0.006892054245215115,0.08165406248758447
5652,0.027125602839924025,0.2960193277714975,0.6122532550536562,0.0013158131768325654,0.06328600115808966
5653,0.62038123769741,0.004958084445637138,0.006072732885457372,0.14389671219680417,0.22469123277469127
5654,0.30650909859922315,0.00840751298154657,0.12754264660960568,0.10047192515442223,0.4570688166552024
5655,8.204371269854509e-05,0.1518036869974569,0.15332178489274864,0.0009019176091376309,0.6938905667879582
5656,0.31684780155882347,0.005030255244130459,0.024404199242280947,0.5871872384482139,0.06653050550655124
5657,0.2522299595117435,0.006248094528122188,0.013753384368694029,0.528950395567489,0.19881816602395133
5658,0.3230061378169754,0.003941982991701909,0.014054266183809946,0.5850205483714995,0.07397706463601325
5659,9.649417017802955e-05,0.24843390908212282,0.13252315490378808,0.0009178452753000879,0.6180285965686111
5660,0.19348207634103792,0.0021926612758597203,0.012730327966119337,0.6428939062613036,0.1487010281556794
5661,0.9393965434676177,0.022745393534549737,0.014424644334351226,0.004212821685526858,0.019220596977954498
5662,0.2025698735019644,0.0068500035887048005,0.03401154160484394,0.7072785178946333,0.049290063409853674
5663,0.36970420525346215,0.09134927207166949,0.10586675977333523,0.2639411690098353,0.16913859389169786
5664,0.9491602479756696,0.005634819543222127,0.008864713069237373,0.017771790602827846,0.018568428809043393
5665,0.9393044432983518,0.02594961674191475,0.011334963326843897,0.008603461149940199,0.014807515482949188
5666,0.004059076756419302,0.039727183029894905,0.7039277577628903,0.020338023383903385,0.23194795906689208
5667,0.0009547209657818608,0.2960601871071199,0.23480652678353414,0.0032024019118681484,0.464976163231696
5668,0.35280700708370616,0.016861145477718137,0.028283915438103945,0.481632900721515,0.12041503127895667
5669,0.32507694848797797,0.008560041119481032,0.01187194967196063,0.3757080024129798,0.2787830583076004
5670,0.06893916340390051,0.5722043865008274,0.21231074567578792,0.005871270789376981,0.1406744336301071
5671,0.4852413190801798,0.00438865171946955,0.009667569420704163,0.43943685076315253,0.06126560901649395
5672,0.3476374425899251,0.0028889873969765115,0.021551677338602717,0.5340349585749384,0.09388693409955728
5673,0.8453309213469207,0.011833803684193742,0.10120104479457129,0.005782316897883695,0.03585191327643068
5674,0.14647674893815504,0.0046256058617745776,0.03583010312139021,0.6196901368622301,0.19337740521645014
5675,0.06139267317192497,0.09694007243597164,0.14543398312485706,0.09377802043436444,0.6024552508328819
5676,0.21237527455999602,0.00989291694858061,0.032998142991296935,0.6300980606480593,0.11463560485206713
5677,0.918772535305553,0.010827068131989834,0.05091763626395186,0.005377268808021895,0.014105491490483275
5678,0.34231159153453733,0.047131576262334364,0.02164587801505043,0.35551559428057844,0.23339535990749935
5679,0.011413317981625317,0.023299173593603877,0.12503242484984708,0.5793007767584796,0.2609543068164441
5680,0.4695139235239577,0.008123913765207698,0.0030404547429470673,0.3924344324231237,0.1268872755447637
5681,0.20366647648374048,0.005464742107960391,0.013268386630477365,0.6279187002205374,0.14968169455728428
5682,0.9249410390053884,0.003264043616424799,0.008388229471383903,0.03583469211524022,0.027571995791562623
5683,0.5442411512456096,0.008042599317157225,0.005730785060583385,0.33711538135707475,0.104870083019575
5684,0.2920107406906611,0.006508062239859526,0.03146929655115624,0.4747637796945632,0.19524812082375992
5685,0.40786229709951727,0.0032861203522564037,0.011006377430792602,0.27228434304644983,0.3055608620709838
5686,0.15788941793109337,0.36715331504568305,0.2476555163085609,0.01832707066872298,0.20897468004593966
5687,0.8705842992483729,0.006231328817256096,0.012937571181530086,0.051384602426366284,0.058862198326474435
5688,0.1955519219593364,0.02922163665732002,0.237899102881552,0.35596899430273654,0.18135834419905505
5689,0.9009045650344061,0.002812683397948619,0.000989185753583264,0.07167620919784044,0.02361735661622162
5690,0.5784824077490092,0.031564465282987016,0.06690469557919941,0.09680430296282429,0.22624412842598016
5691,0.4737975573191669,0.021664952872366177,0.04973612016727986,0.29298868271744594,0.1618126869237411
5692,0.03755240434482657,0.04432128832463452,0.0682318320324563,0.17603819813732138,0.6738562771607614
5693,0.24578910119952055,0.005229448638798305,0.027935152616764176,0.6536661408978235,0.06738015664709342
5694,0.003661801872237195,0.35214351460894133,0.5334996277668032,0.00316844880459877,0.10752660694741945
5695,0.38349764180472873,0.0036263792290173852,0.013046533966133837,0.5517947789013817,0.04803466609873821
5696,0.011151752620088636,0.028783899706362265,0.06660700861884428,0.6421233116370768,0.2513340274176281
5697,0.027192754480448625,0.1191254603281218,0.620287858289085,0.0033481734705392754,0.23004575343180544
5698,0.7991324661919161,0.003666189096613952,0.0025531026347284857,0.12213115630724054,0.07251708576950089
5699,0.00019046446185327847,0.19516414730644407,0.21307351633941954,0.0017165503937033577,0.5898553214985797
5700,0.7106878166244883,0.024311226567959962,0.04309479781862317,0.06322355245756062,0.158682606531368
5701,0.5736069648599585,0.023466467984087924,0.0971743098880681,0.18061066799288017,0.12514158927500513
5702,0.26977261205355546,0.015288238287213802,0.014296566041598603,0.352591972544475,0.34805061107315716
5703,0.17298194715996879,0.006708410397348271,0.039277860947992384,0.6080947216446784,0.17293705985001234
5704,0.19960994915426783,0.0040604712694288095,0.02119138262857907,0.7163562028612029,0.05878199408652139
5705,0.4857896212052495,0.01638761019143264,0.20580451517577786,0.023076471454664647,0.2689417819728753
5706,0.6745702230856009,0.008681956902634671,0.004003676723179606,0.1463956577909823,0.1663484854976023
5707,0.9254043587369741,0.01287145509835279,0.013630237944988851,0.009074788951152655,0.039019159268531396
5708,0.2920854837400845,0.00379577483425147,0.028739909426218256,0.40242885763609404,0.2729499743633516
5709,0.21711085148388712,0.023913657264775057,0.03441501817031286,0.6159160263723675,0.10864444670865746
5710,0.07583611107652426,0.0046384504262331734,0.050711815365048894,0.7042033929688235,0.16461023016337029
5711,0.2692670777100239,0.008564307638406814,0.027289499036531755,0.5959250665318584,0.09895404908317923
5712,0.23942977009878105,0.012360732273720323,0.034473072227840455,0.4497498218407471,0.26398660355891107
5713,0.9169801862279195,0.007907591091014445,0.013930267871812028,0.03274755098938675,0.028434403819867275
5714,0.5176682647208151,0.14280888385977175,0.2311489493857588,0.01068070452025238,0.09769319751340202
5715,0.27238145450812895,0.007360565071585842,0.027066834314419426,0.5336278734565433,0.15956327264932252
5716,0.4310390458553653,0.03037033935551825,0.06735074965556258,0.1546147987726761,0.3166250663608778
5717,0.24061911324585017,0.009387619220842183,0.021748740694623663,0.4834713305609349,0.244773196277749
5718,0.4343277011539428,0.00423046732701268,0.013991957989332204,0.4350002462800322,0.11244962724968015
5719,0.002161451636023635,0.1542105296217126,0.5000165262142198,0.0025696721663267985,0.3410418203617171
5720,0.09322505829866759,0.7406294588249324,0.1057971525476129,0.0022894168527585156,0.05805891347602862
5721,0.4711094595923858,0.027254663606931837,0.07398636340806604,0.2676263601446758,0.1600231532479405
5722,0.0013136620276604112,0.254219983327884,0.18488415579702996,0.0008183685622973283,0.5587638302851283
5723,0.800470613819991,0.006356971085637834,0.0010031921860042268,0.12233184952817457,0.06983737338019232
5724,0.17758176969272124,0.01003333319967945,0.040618246876723954,0.6895867686654948,0.08217988156538052
5725,0.7494884642178988,0.00780500958883829,0.019259189474831767,0.19096646058106925,0.032480876137361794
5726,0.3238799144329489,0.00662816188969246,0.028978219666260262,0.48326673687449684,0.15724696713660155
5727,0.033952652928060746,0.010373730710946303,0.0221330970894397,0.33120576217374514,0.602334757097808
5728,0.20435303485910614,0.005724804302445592,0.04337857789200155,0.4963788742068654,0.2501647087395814
5729,0.879490338149029,0.011902463391898543,0.07204099472685355,0.005925394979709822,0.03064080875250913
5730,5.975356190212924e-05,0.4729559628873536,0.18709793738724323,0.0003188884623698642,0.3395674577011312
5731,0.49503748492158933,0.05693331739999802,0.09357964515389786,0.1203785571057285,0.2340709954187862
5732,0.2945677994102504,0.002768696921572456,0.0297896637283171,0.5612437318375968,0.1116301081022632
5733,0.014593862228800065,0.16405557572053792,0.4314697237941878,0.1641904657320462,0.22569037252442795
5734,0.3154656877808349,0.0018102910133647918,0.01760930562333259,0.5866397882069393,0.07847492737552855
5735,0.8374588118056134,0.07896061422621936,0.026308849008538925,0.02193334337134518,0.0353383815882831
5736,0.9536918262909583,0.007179436514700193,0.00679878054292581,0.015423871901516208,0.01690608474989932
5737,0.3519587101833257,0.002322754289356294,0.037685422105617344,0.552807552338454,0.05522556108324674
5738,0.3690454957065838,0.00990389194754646,0.008601763077888647,0.3750136952351484,0.23743515403283263
5739,0.09679434861570621,0.03456661208224626,0.46092771534609167,0.07933921677869188,0.32837210717726395
5740,0.608455577568513,0.007165775685327879,0.011673098514601727,0.315537137934552,0.057168410297005624
5741,0.16437882549412258,0.030715537196267333,0.049906857304531566,0.5364983368919042,0.21850044311317438
5742,0.16195537308545804,0.007559618364863419,0.047028798200655045,0.5838173608374615,0.19963884951156213
5743,0.4332580183706901,0.004289634530371932,0.012101862351110044,0.42377629153922347,0.1265741932086044
5744,0.9508996811233228,0.009054888262383385,0.009850600861094844,0.006985891222387394,0.023208938530811504
5745,0.0023628033415896217,0.20112833120901508,0.24841619633856354,0.002927441869274355,0.5451652272415574
5746,0.1583883458071722,0.008702624004919305,0.04038276843869068,0.5833602990973359,0.20916596265188186
5747,0.47808544621732274,0.022730943022326693,0.03440075050251284,0.3864152181196874,0.07836764213815023
5748,0.3560531693421701,0.015311237671451941,0.022175823437749348,0.5170593788497255,0.08940039069890325
5749,0.36514934346337136,0.005187671544731719,0.007992471877408177,0.43587629648927534,0.18579421662521345
5750,0.8920430680262855,0.013022132490395416,0.060258945805539026,0.01456232460550699,0.02011352907227305
5751,0.22187223359423927,0.003587035627778018,0.0904815255807351,0.5117015506539144,0.17235765454333318
5752,0.5603855976307313,0.02884268646403093,0.046912208999390415,0.18463955605647858,0.17921995084936881
5753,0.36442247584902987,0.008403679795633823,0.008445240445904303,0.40779098781156525,0.21093761609786676
5754,0.21563911484212725,0.006663366922539814,0.03256665180594778,0.5780623782160917,0.16706848821329343
5755,0.2772793908391532,0.024292563357005508,0.08672152963677131,0.3445816498791823,0.2671248662878878
5756,0.3298725788408412,0.050439919175085966,0.08683791542616831,0.2370659043272843,0.29578368223062024
5757,0.27644989399372794,0.006883019411140793,0.028660789631284312,0.37952866287537895,0.308477634088468
5758,0.28970136594001505,0.005129345629735579,0.029361954680903666,0.5064301861381723,0.16937714761117356
5759,0.3993386219583291,0.041381137111078076,0.11555842202441852,0.3287956040785176,0.11492621482765676
5760,0.0008548284506257089,0.38212376658982317,0.04979109038993892,0.0001766484086038343,0.5670536661610084
5761,0.008779936478747774,0.008383303132171822,0.12223485079657702,0.5028475139770868,0.35775439561541655
5762,0.32731242388027626,0.009112674040590074,0.2792670016910605,0.27775687428664153,0.10655102610143154
5763,0.1746170708819508,0.004008181562370148,0.08011335654808188,0.7116946496274871,0.02956674138011005
5764,0.22380079604492933,0.04698622181263474,0.07917450418630681,0.303343109021379,0.34669536893475006
5765,0.9383107067979266,0.02202154813437414,0.010431550594809151,0.007100421524709838,0.022135772948180126
5766,0.3251719557339125,0.023487458353078347,0.2830573315739274,0.23265221470449696,0.13563103963458467
5767,0.0015964828562356193,0.5961221330321703,0.047452998639129135,0.005174480495573105,0.34965390497689175
5768,0.545045622376975,0.006684482214567335,0.008897364945883997,0.3027470072868427,0.13662552317573093
5769,0.22949754073933812,0.005848667365705903,0.04597502612743477,0.46762846475597675,0.2510503010115445
5770,0.0004275749828580098,0.35707458329932135,0.17541730366366534,0.0009284688690340474,0.46615206918512125
5771,0.946234737318224,0.00962870115717488,0.00912588183838434,0.016439962922108635,0.018570716764108115
5772,0.06939599942978825,0.06890296268078588,0.0481195716192542,0.029142589707185078,0.7844388765629865
5773,0.15070995662783138,0.35059463996882856,0.2413479905766117,0.014652028717943699,0.24269538410878452
5774,0.9674576635698234,0.006504161187446526,0.006142961788634343,0.00981324258498953,0.010081970869106253
5775,0.09567257215574818,0.0023692818210666825,0.024195412481258734,0.7585424859414646,0.11922024760046193
5776,0.24311482563819678,0.008131319374433347,0.037590518704219054,0.5970481313766679,0.11411520490648286
5777,0.4272262576676296,0.009001763409512186,0.010546466487131676,0.20512155330111925,0.34810395913460734
5778,0.06785737137430001,0.35494985751657493,0.2721128449768671,0.007303774416839209,0.2977761517154188
5779,0.6344206020032188,0.005876013710108129,0.003381777971153444,0.12345992581571695,0.23286168049980266
5780,0.678661655320567,0.011543756261364195,0.004090834047737994,0.22690489223028837,0.07879886214004239
5781,0.17413862010673462,0.27593260936469216,0.041252570873029054,0.12112527513012258,0.38755092452542156
5782,0.2455924592884258,0.00348983256606447,0.04955948002065721,0.4168933101930846,0.2844649179317678
5783,0.6599866134939145,0.02421568850539045,0.06590466265924778,0.1469592509575632,0.10293378438388393
5784,0.001155231092627655,0.3655813232082217,0.22970918887635,0.0014107905721207255,0.40214346625067987
5785,0.5484057585934232,0.004101280290524448,0.00985324004806977,0.3771086006109984,0.060531120456984264
5786,0.8907332438228286,0.029919613506658463,0.005304749563221415,0.01378844425050749,0.06025394885678405
5787,0.011981645505434551,0.010484915987212063,0.0786863234310898,0.8211431293549157,0.07770398572134783
5788,0.8256798704515436,0.061886217225749336,0.038531285257533014,0.016612587285991378,0.05729003977918289
5789,0.0006558226581345688,0.10622460329267348,0.1513129101135404,0.00102341734139732,0.7407832465942543
5790,0.33426468545367766,0.005040330173142892,0.0271696908689468,0.5509507596223354,0.0825745338818972
5791,0.025388873571013406,0.03198229766910595,0.08434791909630063,0.6728711539478609,0.18540975571571916
5792,0.27122937204646297,0.030377898681373743,0.08447876552765461,0.36528332791922447,0.24863063582528425
5793,0.8523131726493969,0.06522279923830429,0.030419107374264637,0.02023790044685321,0.03180702029118103
5794,0.03554432899703368,0.016389589533455186,0.06986987709866517,0.6925025017162812,0.1856937026545646
5795,0.813177303265059,0.011019331676184645,0.0952540233717662,0.004926438729956732,0.07562290295703346
5796,0.4985848863075134,0.061191406060175174,0.07801893576034116,0.25038229822873803,0.11182247364323217
5797,0.3952825458426626,0.005573545051032823,0.020857156465842044,0.5150706976265539,0.06321605501390858
5798,0.7865085588754508,0.026130049296271194,0.008354157459700928,0.033490436673475676,0.14551679769510137
5799,0.045756497607513,0.3622160110093448,0.49292095986344303,0.00269108687172004,0.09641544464797916
5800,0.08368967946106402,0.413603738052657,0.18122421201844366,0.007205682670595321,0.31427668779724005
5801,0.2646405652170645,0.007060904953462377,0.025245574370099052,0.5977611976560236,0.10529175780335041
5802,0.592572861590038,0.020310276513858867,0.049258384076883426,0.1176553817114481,0.22020309610777175
5803,0.8111321184243651,0.08528426983883709,0.037774306508436536,0.016750777431168245,0.04905852779719294
5804,0.23865919415584763,0.0057162946044212876,0.06701199729334922,0.46947382781728303,0.2191386861290988
5805,0.5229700745290103,0.18387285876358012,0.21226956587269927,0.007448390552839591,0.0734391102818706
5806,0.2010115937446297,0.008832169533152525,0.04680093027410258,0.49269409469624376,0.2506612117518714
5807,0.058423412918047625,0.006692381148216165,0.04485396389587699,0.7881013550644744,0.1019288869733847
5808,0.2632190573300065,0.009198885115659805,0.046398300717883326,0.43310134148419593,0.24808241535225448
5809,0.3040871226652217,0.009960044212948424,0.07928779630460014,0.5318614054070087,0.07480363141022109
5810,0.21143251638112825,0.0026429954607825796,0.02901325301476149,0.676010113294411,0.08090112184891678
5811,0.564565868808341,0.04093329903649916,0.026826572388383003,0.05417390768649424,0.31350035208028265
5812,0.21782710836535435,0.026732118991534454,0.19974116269661055,0.4409290260905934,0.11477058385590709
5813,0.6213139352030153,0.010054654614296986,0.005233834962975296,0.14562863520400188,0.21776894001571062
5814,0.07953945266380853,0.3476016261719756,0.2390216184571247,0.0075542371378974635,0.32628306556919373
5815,0.012510629905924699,0.22897695952215472,0.06574158595963059,0.012789847347727585,0.6799809772645624
5816,0.2841136966542325,0.0019920290174177957,0.02915095461547449,0.5755066312867377,0.10923668842613753
5817,0.9507287844623596,0.007283503108337483,0.010469890496111718,0.014516632900080768,0.0170011890331103
5818,0.9853402744143528,0.0028043820241661697,0.0031977703265857883,0.004836129774936761,0.0038214434599583165
5819,0.2114258448521679,0.004608849199471101,0.007947064763460554,0.739496332284561,0.03652190890033954
5820,0.2773576924105843,0.0063845712532518435,0.03671170088811181,0.5518502614700463,0.12769577397800572
5821,0.03651818756131263,0.052358855304185055,0.37250810977866106,0.15976789325036597,0.37884695410547525
5822,0.00022188687316484522,0.17052946161031218,0.15979600165310986,0.0011623710812261685,0.668290278782187
5823,0.00031238075884883415,0.7324498915343117,0.06123049388365483,0.0003974849746357368,0.20560974884854877
5824,0.932095021978952,0.00961558132030676,0.009403724926468985,0.00955600086782064,0.039329670906451425
5825,0.1613802713307583,0.005415482764726634,0.028031075288881303,0.6435741144592821,0.16159905615635162
5826,0.9178585026862657,0.010216382380961404,0.017165893079519687,0.019892201982174732,0.03486701987107841
5827,0.27770897192571725,0.06540308512180555,0.07990913589150447,0.42500259628843395,0.15197621077253878
5828,0.30089510312076995,0.0061474957027535535,0.02480735416957192,0.4608289954580265,0.2073210515488781
5829,0.3540170032567926,0.0035276578536864757,0.01701627143543727,0.5810834605018639,0.04435560695221989
5830,0.3249795998394676,0.05110196903427121,0.11313157884903768,0.2532326786542413,0.2575541736229822
5831,0.4428009616582385,0.03408189817745759,0.07680624596824659,0.3075275977252446,0.1387832964708127
5832,0.00048232982826320106,0.22674539577228006,0.14950872306066187,0.0012173160217140266,0.6220462353170808
5833,0.14232815589352352,0.007330199582484971,0.025271926172976782,0.6241269415601413,0.20094277679087358
5834,0.3768127903580045,0.0051633205534524365,0.01836356604760336,0.5567356424744648,0.0429246805664749
5835,0.15178424386658285,0.3549816548359635,0.24072034457989244,0.015627325167571794,0.23688643154998956
5836,0.42898745441479663,0.005359550967867244,0.005497783367520517,0.4990122707836516,0.06114294046616389
5837,0.22109206767455594,0.0024367191592679907,0.017707932075010133,0.6790001221902678,0.07976315890089794
5838,0.8638745228397172,0.004189928270145613,0.0018670157511790943,0.07871266878276868,0.051355864356189454
5839,0.34591140213276256,0.0028554732899197716,0.018370469820321842,0.44319026945630763,0.18967238530068825
5840,0.21128048956207526,0.004025077810062844,0.05117411683523308,0.489679417529232,0.24384089826339686
5841,0.5919766019143736,0.006451083312805821,0.01354497057583376,0.3316116771182128,0.05641566707877392
5842,0.189747121109195,0.004472680761605962,0.024397305169966767,0.7257069971428708,0.05567589581636147
5843,0.8321723435901441,0.006491660810313748,0.002218387117836806,0.08199167548594534,0.07712593299576004
5844,0.4872561243356958,0.005147722890727754,0.0032921393427853113,0.2869133554156113,0.21739065801517993
5845,0.48097504264374946,0.010862689868396355,0.025935381248379956,0.03127484623444251,0.45095204000503164
5846,0.40107021089846895,0.00468169601407204,0.009472305062366924,0.202129590554833,0.3826461974702591
5847,0.3341053574405843,0.005388357874405797,0.022371638837552027,0.5790815500211053,0.05905309582635261
5848,0.2454259968013416,0.009704920844911293,0.03702529057257487,0.5117949729853033,0.19604881879586894
5849,0.0006080610075559976,0.11954000421469668,0.3484047774278576,0.001131758017490481,0.5303153993323992
5850,0.011772301367672301,0.02846595104354528,0.09516808261457736,0.7871021532372953,0.07749151173690991
5851,0.1671466150038456,0.002520089220230019,0.020623246785712385,0.755371816169572,0.05433823282063991
5852,0.22142911798332124,0.010611059012966507,0.03286241872549241,0.5226319647005928,0.2124654395776271
5853,0.28576266060667255,0.3956554882868939,0.1949846737748771,0.016743058308185264,0.10685411902337119
5854,0.9414344252769586,0.009337497372717133,0.0095582644914233,0.006872375406164047,0.032797437452736736
5855,0.1348441061304539,0.00853331577535721,0.02500863858310768,0.6699255551537804,0.1616883843573009
5856,0.46605470020627443,0.010482101767190923,0.012199281097034408,0.29192117344971613,0.219342743479784
5857,0.5045870374610116,0.002765139108257112,0.011770171162816092,0.3814299902030431,0.09944766206487209
5858,0.16328037984419425,0.42886383706479847,0.3064434529118973,0.03518334430630731,0.06622898587280279
5859,0.975695012109795,0.008885916521807187,0.005183216004843075,0.003520115713321921,0.006715739650232753
5860,0.3787361718034227,0.005820179413342196,0.030571284101987128,0.42154316103102285,0.1633292036502251
5861,0.07913846335066481,0.007723830324726917,0.033288670952772305,0.7083967304440686,0.17145230492776725
5862,0.0654630906306017,0.05321585707248195,0.025787709471708855,0.19925599669833252,0.6562773461268749
5863,0.01981081302578713,0.02699852542812634,0.09706890449108305,0.5419313448301591,0.3141904122248444
5864,0.10236403515617659,0.006968709300693077,0.021642486287884385,0.7234661204324948,0.1455586488227511
5865,0.7073587056827184,0.005616029113787338,0.004270678964413287,0.15046785364462562,0.13228673259445556
5866,0.5753678980490744,0.007354728539667362,0.003019682085205556,0.3327616424965292,0.08149604882952358
5867,0.36993726584421244,0.03267654518001423,0.3217608681493791,0.14334192320555283,0.13228339762084168
5868,0.0035476026199631368,0.25935496315050216,0.6369620072350153,0.00342082175008266,0.09671460524443666
5869,0.03513004117304637,0.042003731738174704,0.030183282245072954,0.19119682732257653,0.7014861175211294
5870,0.20644467500370312,0.0042194828485726575,0.0297129131235013,0.5704888000501209,0.18913412897410203
5871,0.3243257797643843,0.0633740921605385,0.15143523816765453,0.3070668327363153,0.15379805717110745
5872,0.09532447410903326,0.09195469514522218,0.2004251179133874,0.03763900306826462,0.5746567097640924
5873,0.17423887807730978,0.0057114809988211565,0.03445435125157141,0.6582791509557282,0.12731613871656933
5874,0.7870671219022544,0.08219095228038929,0.03779034048337858,0.042411224911836055,0.050540360422141675
5875,0.3084545149425179,0.030178214790085162,0.07416044317814564,0.32481199095562796,0.2623948361336234
5876,0.8725558397670068,0.1056796166991385,0.008623295139411475,0.0032230545527569448,0.009918193841686313
5877,0.3714492880005997,0.008511457900024565,0.03331840480908152,0.38934925374388346,0.19737159554641087
5878,0.10296508899110224,0.04502603352892478,0.09899299340013025,0.0769119691749758,0.676103914904867
5879,0.011422572716863597,0.042465043768067735,0.7139942148559203,0.0407175726453183,0.19140059601383003
5880,0.45036034892277016,0.004736178352667699,0.019538492829973924,0.32131134386005855,0.20405363603452956
5881,0.04319462859203947,0.3087716629380063,0.4909864873325568,0.0013676980331046326,0.15567952310429276
5882,0.2196997968766691,0.007022737002507811,0.030672687516454866,0.5534651204850463,0.18913965811932187
5883,0.9051795037969989,0.006836379058867257,0.014749990525987551,0.011296543344637488,0.06193758327350909
5884,0.9067948069605862,0.0274898147057741,0.016057196799168758,0.017989865572558154,0.03166831596191286
5885,0.4697560726394504,0.003352508412317629,0.014777063707484677,0.357167299915601,0.15494705532514627
5886,0.02103622181582048,0.0378052902564846,0.09436187279479259,0.5839431089147481,0.2628535062181541
5887,0.8590251461704331,0.05250576456194274,0.027042146812904705,0.024246343629276697,0.037180598825442814
5888,0.5074681297062279,0.030189264692344956,0.04342348937713396,0.06067915397819053,0.35823996224610277
5889,0.2667244870169546,0.00213960633153013,0.030381802645494473,0.5048038459541992,0.19595025805182154
5890,0.48544321639909593,0.00311410471893956,0.016347647713798534,0.4285046360904798,0.06659039507768622
5891,0.43341099633103186,0.007317035514498161,0.009509694817854582,0.29268697527195203,0.2570752980646635
5892,0.865921781322127,0.04048325711471693,0.026289533685581273,0.013358361721731122,0.0539470661558435
5893,0.16039286222799967,0.28377312107984076,0.28592135329621987,0.008846810423987977,0.2610658529719516
5894,0.12816140679686508,0.004182651750757324,0.030619908934927484,0.7633729672518866,0.07366306526556346
5895,0.1384075396836385,0.005611650964631042,0.0329364839175333,0.7993134200534612,0.02373090538073606
5896,0.27404750178138154,0.041857905188342454,0.08727710839390025,0.21021220765761142,0.38660527697876435
5897,0.88221870171971,0.010784466363584417,0.005159122649893911,0.018380746672417618,0.08345696259439407
5898,0.6724956318577605,0.009675674734313702,0.005597223174887156,0.19953233839501563,0.1126991318380231
5899,0.7431837059903873,0.006847592018427994,0.005196834372827873,0.15171689914332426,0.09305496847503258
5900,0.03235389175104777,0.062023060666860606,0.07373501572678058,0.07352407812781134,0.7583639537274997
5901,0.28424726573081033,0.0251432284200576,0.15260958712404094,0.08774255265419656,0.45025736607089456
5902,0.00426694106839178,0.298414806738455,0.5748935890909954,0.00361801699820086,0.1188066461039569
5903,0.24129144061175975,0.012354446615258401,0.1618229125424882,0.4331782144119553,0.15135298581853843
5904,0.4704003801086218,0.003773939572479754,0.0034401964708785683,0.4418560283943716,0.08052945545364817
5905,0.36746275919292126,0.004589010106613261,0.020922761546186358,0.5500766639937947,0.05694880516048436
5906,0.10826319914468055,0.19169757418778494,0.2450633830459679,0.007538186983056301,0.4474376566385103
5907,0.18614217184539508,0.002439339436204078,0.023760078566057448,0.664954294341357,0.12270411581098625
5908,0.004901019890591582,0.012325124385370166,0.10984074948911736,0.6372714950213242,0.23566161121359674
5909,0.26747007122005273,0.00360329065989738,0.0209737515099531,0.6709249746573709,0.037027911952725805
5910,0.49500821660782274,0.3152579794401194,0.05222583177084743,0.05557276313160462,0.0819352090496058
5911,0.007130767060536635,0.22362680864218648,0.11922144222801725,0.004866711864773093,0.6451542702044866
5912,0.0026304187489643647,0.3258110624716811,0.11683781056738533,0.004312896298617749,0.5504078119133514
5913,0.13815216680362472,0.004194279135141379,0.008645550178839227,0.7132132297052933,0.13579477417710123
5914,0.25116150929887626,0.00481853077026484,0.03005537182333201,0.6494168032384623,0.06454778486906466
5915,0.0009516107783079567,0.28399805505801873,0.27781247341828413,0.0033806645459771153,0.4338571961994121
5916,0.20242469227581983,0.004216100527283396,0.04627915499811782,0.5140938589055928,0.2329861932931862
5917,0.912028874967696,0.02092255220245353,0.012543244826945205,0.01447500326239717,0.040030324740508216
5918,0.9495045416602326,0.004491038684345419,0.03324909159059907,0.003269005106211263,0.009486322958611902
5919,0.19938721571025322,0.007796174052649268,0.05043810142917676,0.44008117322643076,0.3022973355814901
5920,5.7140679801865053e-05,0.5042008483710289,0.18297902396529594,0.0012542079625929067,0.31150877902128044
5921,0.851300515836557,0.019125159775504347,0.025561825593504384,0.03505935330590561,0.06895314548852864
5922,0.003944937450335137,0.35380988482996495,0.5619550063208285,0.0018172016771518384,0.0784729697217195
5923,0.599973958078885,0.06282612697772604,0.13779946131002732,0.029153451295365687,0.17024700233799595
5924,0.004596052604057533,0.018762427570529105,0.47602809570699633,0.075637559474175,0.42497586464424214
5925,0.46234701089754293,0.0029710209834378897,0.013993379253353309,0.44798325327183713,0.07270533559382872
5926,0.40560098940757877,0.0047420326476118125,0.004583977128193315,0.3786205804671989,0.20645242034941738
5927,0.9308263224500403,0.00852815423382391,0.042778062626257204,0.004858662419896324,0.013008798269982247
5928,0.4014177076193825,0.003535532253670679,0.013465801564450966,0.510291521072062,0.07128943749043383
5929,0.012253334788476521,0.004867237563794792,0.09058891033364448,0.5685202833497439,0.32377023396434024
5930,0.8133552095559211,0.004452645096173332,0.0011644365788361364,0.14183673390576998,0.03919097486329947
5931,0.1569434055331881,0.005728179101977885,0.039620107795625484,0.5600307397096361,0.23767756785957242
5932,0.3840198383691449,0.006144293771027094,0.024375717960313202,0.5089029986206519,0.07655715127886291
5933,0.8530218676005327,0.018153987262498988,0.02294740774992259,0.02563224666236189,0.08024449072468398
5934,0.09390146864385171,0.024734151207722866,0.0012586211125601983,0.04529678947879137,0.8348089695570738
5935,0.04693478762564304,0.5108535818358463,0.36473983936089044,0.0016110285161229033,0.07586076266149731
5936,0.1753192804018117,0.00805843753693752,0.03074378412086716,0.5588422884914496,0.22703620944893402
5937,0.36017273493205965,0.009908712691171972,0.00751269465530204,0.5447725006606513,0.07763335706081499
5938,0.2610976762074773,0.01042291501113058,0.010387438034422495,0.5032287694760901,0.21486320127087957
5939,0.009803768066430378,0.03350147107888342,0.11730329153824251,0.7663495939983649,0.07304187531807874
5940,0.4984325268254676,0.004945762341229778,0.01692396825245428,0.34080098466475667,0.13889675791609163
5941,0.2200048495019981,0.0028192593087166583,0.05642149439785032,0.5127636959415999,0.20799070084983506
5942,0.8481525022841951,0.0027088889933017425,0.0018357357628462417,0.09695752582537488,0.05034534713428193
5943,0.8866463052060382,0.014918052957136883,0.019153145377978187,0.026293470925466075,0.05298902553338078
5944,0.005301040318061199,0.011043940257125216,0.10952337648653146,0.6823672323521999,0.19176441058608218
5945,0.13473244592597786,0.30114221502990607,0.39648183168928813,0.02469564685565756,0.1429478604991704
5946,0.27434730319663325,0.006055599437309105,0.044601789726760585,0.42786689961123675,0.24712840802806035
5947,0.6290882778305074,0.0030886317215069545,0.005977021635388738,0.3396956645943129,0.022150404218284077
5948,3.0210379805985653e-05,0.7239948599277535,0.10038451541449618,0.0004164641130495571,0.17517395016489495
5949,0.17310771743257258,0.007020005093667355,0.04597749663011474,0.5277225629617257,0.24617221788191956
5950,0.1815671450041527,0.05609301979516142,0.14664546889776717,0.4985379904040838,0.1171563758988349
5951,0.14188040233471264,0.16349062904056283,0.22456036864858356,0.023428680453808026,0.4466399195223329
5952,0.5187159890485182,0.009123709789966824,0.01317910613541383,0.39804797125966285,0.06093322376643832
5953,0.09387212384795966,0.004343770682661482,0.018223015067029336,0.7717935088959345,0.11176758150641515
5954,0.010484412385940223,0.011436010560831725,0.12318182859131366,0.5118333211157702,0.3430644273461441
5955,0.5610054424547339,0.009919446017717923,0.006072187335564427,0.31545668178570613,0.10754624240627758
5956,0.9240064532563471,0.007611350299311715,0.043060024943808076,0.004987049976812568,0.020335121523720474
5957,0.00023303960592095337,0.42073548417923223,0.17266005093045556,0.002280994421526741,0.40409043086286445
5958,7.445396721024392e-05,0.382337837535618,0.2153228245752893,0.000862120568997996,0.4014027633528845
5959,0.0004777505534910079,0.212729499806176,0.26780673856607934,0.0032726767100746037,0.515713334364179
5960,0.008543048342189176,0.02400647311635901,0.08816081853536188,0.5831981953981931,0.2960914646078969
5961,0.431356343015363,0.021030217426385975,0.007427084619069906,0.2532821455229345,0.28690420941624667
5962,0.01593666991226212,0.24839387142139419,0.23003794537040903,0.2196141883158044,0.28601732498013027
5963,0.7619658214879093,0.1538191989844607,0.031227557992077146,0.007548531224262731,0.04543889031129014
5964,0.11748265123816924,0.14744405504128838,0.6077560721210421,0.06807901526975445,0.05923820632974579
5965,0.8407741692547099,0.012609579802625602,0.02410830128043377,0.042222316321678624,0.08028563334055201
5966,0.10484363506330109,0.009630705375311653,0.02778437779044789,0.7312743313373664,0.12646695043357298
5967,0.0018044546738530183,0.2743330253558726,0.2195101838065222,0.002715561757210443,0.5016367744065416
5968,0.009557304568097478,0.10521369633382774,0.008329823340795676,0.041892808795850625,0.8350063669614284
5969,0.9628630405293139,0.008232202908795143,0.00908038587407933,0.010330207978941627,0.009494162708870015
5970,0.8269312935289025,0.009716686477805516,0.018462041205508272,0.05467166723535509,0.09021831155242852
5971,0.10395065891219797,0.005804070060700363,0.02687079803373666,0.7246745199626937,0.13869995303067134
5972,0.9282681961247814,0.008795724472038292,0.010369383802492933,0.030459376439211185,0.022107319161476405
5973,0.5643567313977332,0.004955048280378233,0.009948101076401435,0.3792063585875634,0.04153376065792368
5974,0.2956032388059654,0.003470299527560291,0.026702477234083997,0.4400342945686775,0.23418968986371272
5975,0.0018028485348016454,0.29793451270186316,0.5965858534920231,0.005011290637313596,0.0986654946339984
5976,0.36513651779784395,0.01794884800527073,0.08140840026127251,0.2994280051762901,0.2360782287593228
5977,0.014519202395513239,0.025897735859163794,0.07939382978975307,0.04824790125454313,0.8319413307010267
5978,0.7241539113715201,0.00231885277006201,0.002839123844501454,0.16971096703886082,0.10097714497505542
5979,0.27618607619106617,0.006129378640777465,0.05074230444243291,0.4597010635148942,0.2072411772108292
5980,0.3173248178630296,0.1844992007813437,0.1247589499895294,0.20593144555519233,0.16748558581090495
5981,0.49763568815940784,0.054952968156335914,0.10585016882597943,0.14290099811328325,0.1986601767449936
5982,0.24527666445578147,0.08076488318689817,0.0839230553835669,0.35077247767460196,0.23926291929915144
5983,0.9597220387960675,0.012159555321500594,0.007128357025706175,0.009539341886091112,0.011450706970634498
5984,0.8411455697868371,0.004781423423202764,0.0013540691105096798,0.09313088646309124,0.059588051216359364
5985,0.0329432765918222,0.050189350652357245,0.7044837498633332,0.054382498505758214,0.15800112438672922
5986,0.35165827111194237,0.004558684204114408,0.020428910271761056,0.4769616965764123,0.1463924378357699
5987,0.18313527106205993,0.005719491395571756,0.026081452103773474,0.6140330375054618,0.17103074793313303
5988,0.5353192311284951,0.021942647002417395,0.06826223914709394,0.12771537969204488,0.24676050302994862
5989,0.2939175225811795,0.0083391680715357,0.025630074617183883,0.5949681347065338,0.07714510002356721
5990,0.297312271677199,0.03463499452341027,0.10584440655719703,0.2442956505663374,0.3179126766758563
5991,0.01310842463125821,0.00631902537106301,0.11504938028292827,0.7655387322011561,0.09998443751359438
5992,0.5015972967351388,0.04680255243761103,0.11393862505928007,0.2425623824648125,0.09509914330315751
5993,0.012084536382564837,0.04055850510705605,0.7183869627449818,0.059927436277787884,0.16904255948760952
5994,0.013994071588180794,0.05893806064291406,0.24456887923297174,0.0629371848148208,0.6195618037211126
5995,0.897955557346381,0.03507970879123842,0.018598947405691908,0.02353414586694355,0.02483164058974538
5996,0.10988951507314115,0.004975943526890069,0.030286060284700444,0.689032680051793,0.16581580106347546
5997,0.6510991055798195,0.0034501827957446837,0.003978205275309891,0.2639296021421437,0.07754290420698227
5998,0.4029882794808709,0.004117547707262339,0.021266380796231357,0.4525155388930983,0.11911225312253698
5999,0.316773894906207,0.3811151974245055,0.16068668745435932,0.014900778063519348,0.12652344215140876
6000,0.24081017872076105,0.04045857564684711,0.0806262572418805,0.1709952011157781,0.4671097872747334
6001,0.0005417773927052853,0.2818852750976236,0.1740106667484907,0.0008378587772387372,0.5427244219839417
6002,0.45793688847081687,0.0023046133068778517,0.009065586859211477,0.3936784240206217,0.1370144873424721
6003,0.20151186019436576,0.009670910568244017,0.031465794263352886,0.6505300803793912,0.10682135459464616
6004,0.020810609350026307,0.02272100051451872,0.01618107260756498,0.48277444660832286,0.4575128709195671
6005,0.3124275887729516,0.3521589734095701,0.18693368253236262,0.013869535149628229,0.1346102201354875
6006,0.49861640894359266,0.019712315340340868,0.06164494291049202,0.36477078951694825,0.05525554328862624
6007,0.6915319085371566,0.09679292102725205,0.16565364734854288,0.005493802139501268,0.04052772094754703
6008,0.005186227051730993,0.44960012884057704,0.04720042221240778,0.08889213565390762,0.4091210862413766
6009,0.289239468246982,0.0077007393708420505,0.011283735546087666,0.4761914172377881,0.21558463959830032
6010,0.3496169907727443,0.005931880904449845,0.0071077947256655725,0.5670610441401271,0.07028228945701327
6011,0.1431048838402336,0.08363523925102818,0.23966178758913412,0.014182944708750077,0.519415144610854
6012,0.842138332192926,0.017172334104466506,0.021654603760655363,0.01634667707100624,0.10268805287094583
6013,0.47902889853808156,0.00473283903704802,0.012899096023648414,0.4391753059263706,0.06416386047485137
6014,0.013687521242343343,0.2026824455608421,0.57393556412823,0.0011813967324207683,0.2085130723361639
6015,6.201151334266292e-05,0.18185853266192142,0.16975768994614363,0.0011809923564732273,0.6471407735221191
6016,0.00596255572931428,0.2719675917812431,0.05024927768867771,0.10149469912894615,0.5703258756718188
6017,0.841804746414407,0.06262307771840508,0.02958229230482257,0.027949785501390347,0.038040098060974976
6018,0.24591994723058755,0.00927676940525791,0.034101127641888045,0.5006506495510936,0.21005150617117277
6019,0.017590821580867208,0.05159284403715921,0.6855437940324078,0.02499501187202226,0.22027752847754342
6020,0.320269080204929,0.34393830963530153,0.03243558113259451,0.016759873233045168,0.2865971557941299
6021,0.6942435671049378,0.0034037314408408522,0.003617299685738473,0.09897482718028275,0.19976057458820012
6022,0.10500902815207867,0.08172459518008611,0.4751603032437937,0.0741601311747971,0.2639459422492444
6023,0.3126751305314987,0.027319265961548003,0.10534591179169092,0.3262012535928306,0.22845843812243175
6024,0.042208620785389575,0.07814862349728843,0.06105141599489419,0.03191485725654747,0.7866764824658804
6025,0.5581001697956736,0.011440845092710417,0.011770624259986281,0.2874875903840124,0.1312007704676174
6026,0.7733172706057012,0.003979324586243932,0.0024078296027139545,0.05388827325560602,0.16640730194973474
6027,0.9640835637985676,0.003237269863392754,0.007312449524029939,0.010080934600491262,0.015285782213518352
6028,0.9200792135911183,0.010241100386727158,0.015308774949789952,0.019419532260315422,0.03495137881204895
6029,0.008402595835356099,0.01261459454002913,0.09104783439811275,0.547042196202015,0.340892779024487
6030,0.28946612820380413,0.006784238695102962,0.020906612106862447,0.62504763775328,0.05779538324095042
6031,0.6546943586752967,0.020645977958503724,0.0467728833531134,0.18981681305811432,0.08806996695497199
6032,0.820876374747442,0.05118894050762967,0.02970623322690824,0.03600330190952334,0.062225149608496795
6033,0.7890546694655718,0.002804020533532889,0.004481244467614641,0.12725890913070512,0.07640115640257554
6034,0.0051568896101258765,0.42336788090867883,0.47560154752270667,0.003126309902216012,0.09274737205627256
6035,0.6905746563475592,0.042389933800980745,0.016710535467547232,0.0372608178391202,0.21306405654479268
6036,0.12553360382527903,0.009183132468935906,0.07799979273800445,0.5810144001257757,0.2062690708420049
6037,0.013235720185054126,0.012909191933083581,0.09162221143763673,0.5174222862192921,0.3648105902249335
6038,0.004366759477439362,0.39308900462561985,0.18868036823526807,0.02383894130393952,0.3900249263577331
6039,0.021480574421960757,0.024287982030179078,0.057347233697061406,0.47995031638438157,0.41693389346641707
6040,0.7557192817613939,0.03627294019513343,0.030311347055146546,0.05629207224784411,0.12140435874048201
6041,0.7198386521595083,0.07043808458483401,0.04791877943157984,0.006082511004036718,0.15572197282004113
6042,6.607615208931163e-05,0.14213763475754226,0.17592118880564697,0.001062842363994715,0.6808122579207267
6043,0.022903187691876072,0.08166108912259641,0.5364176918303504,0.1599087619982035,0.1991092693569737
6044,0.9191762252409802,0.016051214409152064,0.011879531967467315,0.017168131696494737,0.03572489668590571
6045,0.6694783624287706,0.009834099164944958,0.006636449171384374,0.2010516051397815,0.11299948409511856
6046,0.583399336636931,0.01754744743787507,0.05089280738298066,0.09331828090923402,0.25484212763297914
6047,0.48633173645282457,0.0037401212313899848,0.013095743883088406,0.4484658213691363,0.04836657706356063
6048,0.016967620529143124,0.038014552761707975,0.7149084832008027,0.04470389814555115,0.1854054453627951
6049,0.9206989021482155,0.028833772961406767,0.01276243591332735,0.00703794764485052,0.030666941332199858
6050,0.5466985369424457,0.007621792012927355,0.015266826436484205,0.3770836662676153,0.053329178340527354
6051,0.21167329804322613,0.011648863037289573,0.044831692930713714,0.5032731970064386,0.228572948982332
6052,0.7531802882725844,0.04895184628360985,0.11903554016931343,0.006736816659991931,0.07209550861450027
6053,0.33160559870623835,0.003960887623048827,0.024088269920199582,0.5643493091805275,0.07599593456998567
6054,0.3173160205828046,0.042142726319227275,0.31129199473086405,0.1938894107251575,0.1353598476419465
6055,0.18867517419124336,0.008280572735574494,0.045094664600086945,0.5346329083632143,0.22331668010988096
6056,0.37240560423844604,0.009209922393649077,0.00779817125034114,0.28199155786369007,0.32859474425387364
6057,0.046080663284223895,0.024930255004133046,0.02928269179813105,0.1781185452840473,0.7215878446294648
6058,0.22583056379095492,0.0107197525782485,0.033870708412558945,0.6557261453915411,0.07385282982669647
6059,0.4230504174964924,0.05321553400261483,0.1322002968123444,0.26488891540927595,0.12664483627927245
6060,0.000621903975822048,0.0719079504990679,0.13915660382064834,0.0008536861222214635,0.7874598555822402
6061,0.6335408363273444,0.0036193038994830444,0.010620595103332946,0.3241031367712904,0.028116127898549177
6062,0.45783145494127514,0.0016370125914654287,0.026232577134850443,0.45992009232548925,0.05437886300691969
6063,0.30531358772971046,0.002277876686549505,0.02092940554208532,0.4630989786412049,0.2083801514004498
6064,0.17988422182047398,0.004452756686737141,0.022405348940242903,0.7404939631248785,0.05276370942766753
6065,0.9345074514226906,0.011799901477178769,0.013657157626669464,0.015955454134505224,0.02408003533895582
6066,0.8467134524227496,0.004796323831555926,0.0025635148503700697,0.09170957896241945,0.05421712993290511
6067,0.8371134164018657,0.025654706296066847,0.025382659750977116,0.017323146380845453,0.09452607117024496
6068,0.4381596584366053,0.010251784553988886,0.061911869609608185,0.4187061144779211,0.07097057292187661
6069,0.2376773526110093,0.006188391650106892,0.02950644272684692,0.6806842814959188,0.045943531516118005
6070,0.8066193509526692,0.07544224685958793,0.03468279856638697,0.02891459560959373,0.05434100801176204
6071,0.0062303788285055246,0.009706542486887697,0.19848747675086603,0.5444872527009342,0.24108834923280653
6072,0.01510648299021643,0.5520869343051612,0.36192432934412166,0.0008073920365287022,0.07007486132397202
6073,0.015896064486846277,0.4819633824193025,0.436664851591167,0.0015465394853220848,0.06392916201736226
6074,0.19578054159406763,0.008553599011163714,0.024442213243935768,0.5927473230986062,0.17847632305222666
6075,0.41559708127819023,0.0017614937266421597,0.009651079631326352,0.5294866168490714,0.0435037285147698
6076,0.7432913528641225,0.1251938804455501,0.11014022915927818,0.0017332636304390812,0.01964127390061017
6077,0.3952351083886806,0.01095585827650146,0.006622974427024556,0.5114382780734504,0.07574778083434293
6078,0.420318265992478,0.0036652551646883668,0.014673941871500352,0.5033925779197386,0.05794995905159468
6079,0.6825801386901854,0.007109862335244368,0.003341530811255585,0.0953830678851133,0.21158540027820122
6080,0.5075443252891685,0.01771904966831461,0.050165245349177316,0.12127010667489604,0.3033012730184437
6081,0.8333307032588808,0.04442872200791547,0.032971956570351825,0.016753865922754595,0.07251475224009729
6082,0.0018389801620753948,0.03632516189263652,0.7528061903456261,0.04659768465525912,0.16243198294440286
6083,0.34273307660744246,0.02362342580530519,0.05468272211467464,0.26840694939474163,0.31055382607783616
6084,0.566687032233139,0.07628732435815755,0.05813618918502705,0.20148600917092582,0.09740344505275053
6085,0.3814372602727075,0.0075217773497065306,0.026006489620935998,0.43335832616628156,0.15167614659036835
6086,0.37274972948673035,0.009023514615769774,0.015555228809623518,0.5001278232852944,0.10254370380258193
6087,0.16069834821591786,0.15341330700722755,0.212694907032917,0.014951269236770265,0.4582421685071674
6088,0.01253086791888394,0.01706872078363216,0.11942023629683438,0.561546221821472,0.2894339531791776
6089,0.00020719167581611617,0.3127667361953549,0.17142526278800482,0.0011575087399961353,0.5144433006008281
6090,0.28664195648540475,0.0028368244443570754,0.020179642404545013,0.5948262386556297,0.09551533801006357
6091,0.026873410189406824,0.028872881193113743,0.6151432392391621,0.013043307414143189,0.31606716196417406
6092,0.21561424175536342,0.007203083413080426,0.009811608724361374,0.7099996100764213,0.05737145603077344
6093,0.00014086272498149496,0.4984439177648124,0.12128442222962828,0.0009182051600386,0.3792125921205392
6094,0.28223811941943316,0.007846479098109472,0.031103384462244,0.5020834267665095,0.17672859025370377
6095,0.23796098915500413,0.09237744232156236,0.20560756746866218,0.022942283196704286,0.4411117178580671
6096,0.5852826540541707,0.013461593067066974,0.0512005868938395,0.11263059461732534,0.23742457136759748
6097,0.017255031373142528,0.012483638854900933,0.11620024916515212,0.5849395594154083,0.2691215211913961
6098,0.8766487873127082,0.0132661320393757,0.017823714638249853,0.014123259395832918,0.07813810661383339
6099,0.20605285960494465,0.005841547961449424,0.05918080856536819,0.5275513636279716,0.2013734202402662
6100,0.3796210181143486,0.0068958424854480725,0.01175632085997607,0.33601168974902385,0.2657151287912034
6101,0.2320502160535061,0.0033474717679951227,0.02337061885009838,0.6796127247263798,0.06161896860202074
6102,0.012789352410414935,0.2742060685365667,0.6049296699704839,0.0040761504356246125,0.1039987586469099
6103,0.44784933100939023,0.004641169568771573,0.017258532522855616,0.3370448151333488,0.19320615176563372
6104,0.4297086197790071,0.004062407633068977,0.021174152673506346,0.47584854358389594,0.0692062763305215
6105,0.2886878520936199,0.0029610074326889414,0.026361137103934607,0.510815303453669,0.17117469991608752
6106,0.009531447095574536,0.38292601483019695,0.4995971782960258,0.0054700860138282795,0.1024752737643744
6107,0.5091185990352295,0.2005456993938485,0.06386581860132451,0.1484391054935842,0.07803077747601325
6108,0.27324651279313,0.120258823768004,0.19835568356888705,0.2808164441255549,0.127322535744424
6109,0.20739596144112102,0.00878651639853123,0.031199579532499057,0.5648074209471438,0.18781052168070494
6110,0.29101921101443323,0.011838285535618122,0.033181693793524154,0.35252147810952794,0.3114393315468965
6111,0.007155433996338908,0.08169934066095931,0.007900308227896601,0.058627898291020906,0.8446170188237844
6112,0.1958322449697611,0.00400684123483317,0.03803201932937826,0.512317721836273,0.2498111726297544
6113,0.3027983453141907,0.03344022855238427,0.06595730436490645,0.32023482846419854,0.27756929330432006
6114,0.3378754997713019,0.005592310062017954,0.017536982351952442,0.5937006893125625,0.04529451850216521
6115,0.36508401965194653,0.048107163945503975,0.14820676576281172,0.28054834559858255,0.15805370504115512
6116,0.028002337082126606,0.027361384555205922,0.05494818043036982,0.47760135671005605,0.41208674122224154
6117,0.2544740743091105,0.01338125890392881,0.20089459512840127,0.37817088474885674,0.15307918690970262
6118,0.4039324396278762,0.002940281110872022,0.012112944280669325,0.3786390832701331,0.20237525171044923
6119,0.0524450255674527,0.03870884965078043,0.052164891044771296,0.032409667192736295,0.8242715665442593
6120,0.030339739751463268,0.03914021922112352,0.05615097445672207,0.0720265095776781,0.802342556993013
6121,0.2629367365848388,0.0065345772961138415,0.031969698670286414,0.6487799994488728,0.04977898799988816
6122,0.1833047854389945,0.005512437194644075,0.047443755830876046,0.55582468746641,0.20791433406907545
6123,0.004269192705147612,0.36511913421541636,0.5117302982908901,0.003525381636140489,0.1153559931524054
6124,0.3178903180318654,0.04890894046334978,0.07228776239647945,0.2258540273159802,0.33505895179232514
6125,0.3491086228717757,0.17424104665708648,0.07442253121666058,0.26252413725022883,0.13970366200424836
6126,0.5807571072316342,0.026578706209175264,0.02817340033691775,0.08087906213092363,0.2836117240913491
6127,0.019282757753640436,0.4726716931710587,0.43309757287134537,0.0007418122790738171,0.0742061639248817
6128,0.9097791034340441,0.029985524832218297,0.017000609205909057,0.014424542058051985,0.028810220469776358
6129,0.3161342144835353,0.008112562725125587,0.03600203392791562,0.4211059947792922,0.21864519408413133
6130,0.40472820617889765,0.007666642304595622,0.027055190460857668,0.35392296149233027,0.20662699956331884
6131,0.0003274366994289385,0.5199789005018186,0.13347445562320853,0.0004321723308619444,0.34578703484468193
6132,0.6787311776798726,0.03131472080480995,0.1992591012556685,0.01580790034432988,0.07488709991531912
6133,0.23607314067993385,0.0098200458503348,0.05640944335571261,0.5006747577384332,0.1970226123755856
6134,0.09845167582182011,0.11236059397183648,0.03936443778238577,0.028669753304261286,0.7211535391196964
6135,0.2531907154345778,0.008809676964432264,0.03405156383219883,0.4113147000640732,0.29263334370471794
6136,0.19310043645306957,0.006390079015830544,0.03134411679519001,0.704327308834897,0.06483805890101284
6137,0.0009118335815918323,0.796669261805183,0.04858800146143512,0.0017561111402288577,0.15207479201156124
6138,0.7067767075794825,0.05500866081536641,0.17513811335205934,0.008304382188341886,0.05477213606474983
6139,0.022842744046959712,0.027013817102568435,0.051076738753030315,0.2996027267913054,0.5994639733061361
6140,0.008527886932242436,0.016649280961343462,0.12821095982984396,0.4718233528706485,0.3747885194059218
6141,0.7885732481354036,0.027355046484825073,0.10902679691979816,0.01035838439443407,0.06468652406553933
6142,0.7442681084095327,0.061942065369512044,0.010088804733490796,0.011902420424307173,0.1717986010631572
6143,0.001327407098960772,0.20764932246995094,0.2318333809567725,0.0009397613195707223,0.5582501281547451
6144,0.344418783687491,0.004573834652322516,0.015345991100173095,0.4567540089998916,0.17890738156012181
6145,0.2607999266406544,0.005562918028949268,0.00966300094083132,0.6610471032369127,0.06292705115265235
6146,0.2757831543768456,0.005220016723655028,0.017276469088418945,0.6400138556950767,0.06170650411600374
6147,0.5300312097737027,0.058379245128134895,0.12730023470227741,0.133033388072212,0.15125592232367302
6148,0.24680575223988296,0.0038145787651208646,0.025459363075266955,0.496767449646076,0.22715285627365323
6149,0.25076078580931277,0.007404113281781712,0.033824819147379136,0.46998400151917447,0.23802628024235184
6150,0.45774440407650147,0.06974969507118448,0.009495009287927512,0.35363421560814523,0.10937667595624129
6151,0.9862334554896989,0.0029541715750509667,0.0025287094324433473,0.00436838436847581,0.003915279134330898
6152,0.001083926534618637,0.2516402934218084,0.16054355813421106,0.0012154233889220653,0.5855167985204399
6153,0.2047322448242983,0.006402144713087949,0.04204045301215431,0.5290202219471576,0.21780493550330188
6154,0.3809851626644632,0.0113805255937899,0.030204718177454713,0.4050243821486812,0.172405211415611
6155,0.01009833199984438,0.01864354075634702,0.1593465891114325,0.5230690850144698,0.2888424531179063
6156,0.31866215396808434,0.006193847071243367,0.027389174417853497,0.41951901388377916,0.2282358106590395
6157,0.41159932181154935,0.006516899508915865,0.015200958566085967,0.5128639967890734,0.05381882332437538
6158,0.4193167806317356,0.00787853966602783,0.010112103563268601,0.5025980438814597,0.06009453225750832
6159,0.9092431705789329,0.005710876547977688,0.011769604751506613,0.021088257459079413,0.052188090662503406
6160,0.007138094168628103,0.018489296177023447,0.0671300845036035,0.6498983543966654,0.25734417075407956
6161,0.3446104495985506,0.003606746885127093,0.015855274315746952,0.5322464418636571,0.10368108733691819
6162,0.7888471561044865,0.025379259922725356,0.02527146617016112,0.03288132227416183,0.12762079552846523
6163,0.2151168767671627,0.011108212681726707,0.023976896063843445,0.6664720676752061,0.08332594681206112
6164,0.4130295153139202,0.006523430148459534,0.030144519338388888,0.4026773599261975,0.1476251752730338
6165,0.3419691459533412,0.00846187915303602,0.008825040184698077,0.3797774873605198,0.26096644734840496
6166,0.16290122488739625,0.0028906711419494683,0.021936547908819482,0.7307981192234572,0.08147343683837766
6167,0.21314952520645233,0.013578729989155491,0.13946365483036177,0.1142199203854108,0.5195881695886196
6168,0.23362948507752077,0.005376133384042735,0.04993588036283042,0.4901264661523352,0.2209320350232708
6169,0.8489451967425681,0.016831568083718614,0.08843065525029187,0.007621520021877061,0.03817105990154435
6170,0.00012824422505454714,0.4871845714597229,0.11494795345389885,0.0009931926281449557,0.3967460382331788
6171,0.4053487320828162,0.31371325712814097,0.20513277220226725,0.006997621167470656,0.06880761741930484
6172,0.16561404583235959,0.007915916791185178,0.04836174351244631,0.5423970026225987,0.2357112912414102
6173,0.1798946256930729,0.004161469951000407,0.032202651882816125,0.7236192771413967,0.06012197533171372
6174,0.49911712623974286,0.003586516083243556,0.009674022272202779,0.21291137691678924,0.2747109584880215
6175,0.9649151471556024,0.011563516370477183,0.00865640648045015,0.005507732699940983,0.009357197293528977
6176,0.7754916938963846,0.034280326747545005,0.11277866289872643,0.00480542398525495,0.07264389247208904
6177,0.5735836308210029,0.006258624150713625,0.01183166238961609,0.019039359653281834,0.38928672298538564
6178,0.03469339742729966,0.013853790282333424,0.022159166853494672,0.2186152156043645,0.7106784298325077
6179,0.20886224859089014,0.005853639857116162,0.03128114502468139,0.6871524302588883,0.0668505362684241
6180,0.1852386404129701,0.2681995268878939,0.24405596200451687,0.01277294558920787,0.28973292510541127
6181,0.22411213668109525,0.014718315969464314,0.1536193751917755,0.1567161735092182,0.4508339986484467
6182,0.5968276288901558,0.04314897168723678,0.042014043466405096,0.13419174278518595,0.1838176131710163
6183,0.19895605126914084,0.0024165755242208384,0.04695649239941351,0.5508586785620911,0.20081220224513374
6184,0.33671406527497455,0.027786360690288496,0.15246856184873897,0.3253438947397273,0.15768711744627067
6185,0.28948724881421306,0.006452276578546968,0.022060204411500563,0.4263721963040468,0.25562807389169273
6186,0.09635131625672413,0.005090054352971308,0.024241234554858878,0.7430759772857943,0.1312414175496514
6187,0.9833094765388892,0.0032117154136603104,0.0034787054013324485,0.005564739420464158,0.004435363225653722
6188,0.6775523974045673,0.10549992135709176,0.010324681243145537,0.006307452236494935,0.2003155477587003
6189,0.0017123236259740761,0.18716212490250916,0.21600097063892088,0.002545447094723575,0.5925791337378724
6190,0.1811713000333524,0.010800510449275302,0.04177046646160394,0.5156803412837271,0.25057738177204114
6191,0.004645120895764606,0.24852195975901628,0.20089172372227232,0.0025566139382766366,0.5433845816846701
6192,0.009818724716454468,0.023804936430685,0.1634427103956986,0.43180127561710957,0.3711323528400524
6193,0.5025593298802404,0.0057100039610496625,0.007636832356008842,0.34546572532982545,0.13862810847287557
6194,0.7612311679584728,0.0032227450961169477,0.0047035749873223015,0.13252831530332249,0.09831419665476535
6195,0.6238537862122576,0.0726081210783561,0.008054080149219963,0.1378239069005896,0.15766010565957667
6196,0.006820588129191344,0.034413681963983055,0.29265858420534585,0.09596472471023108,0.5701424209912486
6197,0.004228689856099284,0.3525666464544261,0.03277375331508046,0.0038997204109681746,0.606531189963426
6198,0.37912579593528667,0.05393966281782541,0.07936439720558597,0.23760266595705254,0.24996747808424935
6199,0.0027558236210379677,0.31032902048128064,0.20366918914819587,0.003180784871534223,0.4800651818779514
6200,0.011090954965602091,0.09909438301450352,0.24658726530137312,0.08710135529960154,0.5561260414189196
6201,0.20478774910502076,0.004722282013808399,0.04197280183096545,0.4880883975741301,0.2604287694760753
6202,0.0017240604861836959,0.04050358509433236,0.6571210714311654,0.021829040200325542,0.2788222427879931
6203,0.007814302024280337,0.04926101205643535,0.33708190634973617,0.07181559136397407,0.5340271882055742
6204,0.924948535169139,0.026257875557357348,0.01277445495710702,0.015482358703550742,0.020536775612845767
6205,0.048483751002178076,0.026655260892130547,0.02937453094661367,0.21259142796799158,0.6828950291910862
6206,0.2767255754886752,0.006735177796876439,0.037545051465659514,0.4504870646840252,0.2285071305647637
6207,0.6587654144389236,0.004518484177348398,0.003525263351723772,0.1406729024326131,0.1925179355993913
6208,0.2182473161989238,0.006036668533166364,0.0395115174173018,0.5351066079139182,0.2010978899366899
6209,0.5725094841261508,0.040346794172233656,0.23352879219754522,0.02149879745673635,0.13211613204733397
6210,0.2724400856730856,0.006539370543534018,0.01893224665358424,0.4835217418540777,0.21856655527571836
6211,0.5703250148405304,0.012035567595258678,0.006564254401746598,0.354624901371909,0.05645026179055535
6212,0.014789342511831168,0.062452733276617586,0.5339224969039148,0.2057080578569976,0.18312736945063876
6213,0.03367369782026927,0.0483751803918826,0.04007806313870287,0.02887163608881785,0.8490014225603274
6214,0.008147285343624255,0.008587045287137928,0.0688923704324037,0.6456495880352529,0.26872371090158126
6215,0.42719422723383793,0.008937010129945307,0.006925932395683928,0.20797023530029884,0.34897259494023386
6216,0.9593065064223146,0.005053638413436829,0.005777440019472891,0.019919275867039222,0.009943139277736377
6217,0.5484510576274035,0.020330002128653837,0.058542019339588136,0.08541787346538976,0.2872590474389647
6218,0.0004594147686104835,0.0642240770322798,0.12823914616550347,0.0007310340429298194,0.8063463279906764
6219,0.00912690886354348,0.3101421880033929,0.5902619081258309,0.0024187290635814163,0.08805026594365149
6220,0.02442124086600159,0.019077727790491404,0.03394407305372364,0.2857844310706963,0.6367725272190872
6221,0.5580021447009095,0.09887173387884496,0.16878177785811818,0.021357793209162854,0.15298655035296468
6222,0.14361334853791222,0.003226828987302784,0.040186082667561504,0.6758095445618114,0.13716419524541204
6223,0.00044256857311270086,0.099694387516305,0.14510287114908807,0.0006921482804592778,0.754068024481035
6224,0.4301258287660088,0.0027589083334870848,0.01990040839587643,0.48825998572286006,0.0589548687817677
6225,0.8259241744099525,0.06173256326983549,0.03976662977189295,0.03087531251649432,0.041701320031824765
6226,0.2585000685978395,0.08948124466438548,0.09694652059790093,0.3766227061347692,0.17844946000510475
6227,0.7510244434953102,0.014062329011334066,0.05835083773103907,0.09577955875321761,0.08078283100909912
6228,0.8980625777184573,0.04522743879935174,0.023571151916452277,0.012749384836294899,0.02038944672944389
6229,0.24586508031788362,0.0034821253073149846,0.028327471388598296,0.5644315653225717,0.15789375766363145
6230,0.14134245495700679,0.03312259116643089,0.023940731693849464,0.337216268082473,0.4643779541002398
6231,0.1993250665155491,0.0026146456227420125,0.03580507357184792,0.5040661572551349,0.258189057034726
6232,0.28445446589387613,0.0035841222594453033,0.022314163702015263,0.3763119709203931,0.3133352772242703
6233,0.26046590152008436,0.030685657136285557,0.3645574856053512,0.23191604055793863,0.11237491518034029
6234,0.4356237595595373,0.14706999537296914,0.10207389248433046,0.24048544591750384,0.0747469066656593
6235,0.03631131722646404,0.09485905351558224,0.19622822049316416,0.15552037336331687,0.5170810354014728
6236,0.430299214007969,0.008512339458482109,0.013951845196309404,0.38394889366736884,0.16328770766987064
6237,0.2110238479526408,0.036980607436028524,0.07081771123514219,0.38789906050835593,0.29327877286783266
6238,0.21246984156706927,0.009977783633475495,0.04651521871304008,0.574108063007349,0.15692909307906605
6239,0.00012610494709209912,0.521091488686584,0.1782135271172438,0.0014169722522574724,0.2991519069968227
6240,0.6418544089700283,0.04349812356908239,0.06087868661301595,0.07331296407190431,0.18045581677596906
6241,0.2731303318283222,0.0025176435480638933,0.03046527492884344,0.46901823431482564,0.22486851537994493
6242,0.5206260855633967,0.11785879946666952,0.1851910518052849,0.02509154350161134,0.15123251966303766
6243,0.14511369696271362,0.003659991090615104,0.09492260226548395,0.5774728288364075,0.17883088084477985
6244,0.013539212728815928,0.12147954500057882,0.10380619976040345,0.3753680014228054,0.3858070410873964
6245,0.2869453563148775,0.013032307419682834,0.10009654474003185,0.47042246260121673,0.12950332892419117
6246,0.5295505552073847,0.0013372686045450984,0.010467925795902756,0.3915767403528043,0.0670675100393631
6247,0.9304498645562325,0.009067505659222938,0.014030543426377965,0.015136771367969357,0.03131531499019707
6248,0.2131032231654006,0.0050163212099852365,0.027362721802358922,0.7150136368219188,0.03950409700033639
6249,0.5377731440293514,0.09696938171540662,0.2591575188763438,0.0192012789269703,0.0868986764519279
6250,0.7896584023709585,0.032019932791971954,0.04003819039330952,0.029707539652517573,0.10857593479124233
6251,0.526125518570398,0.0065836560628250666,0.009612942978251814,0.33102302523669397,0.12665485715183114
6252,0.25254857739267783,0.007201745165566187,0.02252286663034456,0.5205647306164284,0.19716208019498294
6253,0.006329022520858125,0.39640667868972973,0.5212856972311826,0.006217074230036401,0.06976152732819337
6254,0.028416673607170897,0.2900842193854513,0.32920137363431706,0.0008326115706884843,0.3514651218023722
6255,0.6482317699451563,0.007465834037646447,0.004311505606221693,0.14925006201095875,0.19074082840001685
6256,0.2904593223697372,0.09022479149436126,0.010201613923257701,0.33224332087258424,0.2768709513400596
6257,0.4218961604345375,0.004131180228962406,0.021852620764318532,0.4791453534533236,0.07297468511885806
6258,0.5054306284941356,0.006415632943403785,0.016578768136984737,0.3756493374280625,0.0959256329974135
6259,0.013377838981740608,0.5389872494983774,0.3684150746319477,0.0015068245332150048,0.07771301235471927
6260,0.00033964486781587586,0.13680723969514558,0.24715494538017382,0.0032999404844466403,0.6123982295724181
6261,0.0005574906027440768,0.0656566502718456,0.12802928230811453,0.0007298377028985635,0.8050267391143973
6262,0.5296089003629514,0.02709849459955438,0.049428932718898685,0.18236452064997502,0.21149915166862057
6263,0.9836073620218848,0.0024569014960389543,0.002948091346431498,0.0064816170889701735,0.004506028046674466
6264,0.8629344930187325,0.04933552141489826,0.026198839100718508,0.015442044416542877,0.046089102049107745
6265,0.9450231618078826,0.007457138039091101,0.008350102996644515,0.009032089564126104,0.030137507592255582
6266,0.7798889378607586,0.029695142209804473,0.03390510786038776,0.031904111842931675,0.12460670022611718
6267,0.015753522670898995,0.0360339064355326,0.08627555199288875,0.49235955121868147,0.3695774676819983
6268,0.6664867503254638,0.031623808022856414,0.165310959029738,0.01643501539663679,0.12014346722530488
6269,0.4623883661534286,0.0030461289620699124,0.012968414745652362,0.43998328305611645,0.08161380708273261
6270,0.01491020578827836,0.02914266786557146,0.6208911050821725,0.01603554448064368,0.31902047678333406
6271,0.1442788269739319,0.003422866326392202,0.025857476541572548,0.6260919237875612,0.20034890637054215
6272,0.1646931710515909,0.003184569099573039,0.03889427015987544,0.5628414514972816,0.23038653819167898
6273,0.009107436661257507,0.3279146909596923,0.5815855082243166,0.0007076171309976711,0.08068474702373596
6274,0.11247789121192628,0.07285620963933236,0.03499629668415343,0.03582579618458629,0.7438438062800017
6275,0.005587442040265843,0.10205198504377902,0.2824080646443861,0.12853211212666035,0.4814203961449088
6276,0.4005329330456,0.03590859411690179,0.09185888102621544,0.09791602892665117,0.37378356288463155
6277,0.5312226895322656,0.00756604394377164,0.0023848683731264647,0.2414371788817078,0.21738921926912858
6278,0.36985919377515236,0.011511188717518257,0.007885496817014717,0.5421359702906194,0.06860815039969533
6279,0.00020909986298302486,0.7504663445618592,0.07027122818187502,0.000377023900897798,0.17867630349238497
6280,0.014139032327117194,0.02375548065145198,0.7363205818857722,0.048081581120012595,0.1777033240156461
6281,0.33736457217055016,0.002367477768611877,0.015940848785268233,0.5272871354824663,0.11703996579310341
6282,0.6229440008452793,0.03163578100412598,0.06677197647943166,0.1447336841129924,0.13391455755817072
6283,0.35603558057199436,0.00798255745114735,0.03292282427261039,0.5457495779279171,0.05730945977633071
6284,0.887404798906162,0.003740650487838188,0.0013646596041338344,0.06092149929022705,0.04656839171163897
6285,0.5188954324364073,0.0526473487952695,0.07018996506012021,0.19419649877954512,0.16407075492865775
6286,0.49564102649321706,0.004442901781153081,0.017552272737649692,0.4405602975330848,0.041803501454895364
6287,0.3767527933412965,0.01677948148355793,0.10126145203690406,0.32446236925420574,0.18074390388403577
6288,0.9210880034581012,0.011311318505160841,0.016416078680078,0.029109514480416248,0.02207508487624368
6289,0.4165086327190807,0.03327616770807629,0.32228731656030135,0.09321705296684976,0.13471083004569184
6290,0.21832910440912248,0.0056948506926562574,0.0515932518982356,0.5341732487427707,0.19020954425721492
6291,0.9582546478094155,0.0069571776176871785,0.00840944647162548,0.006214793840280201,0.020163934260991404
6292,0.707136923955955,0.01752906661114785,0.16034915168964683,0.0060823203447178936,0.10890253739853253
6293,0.027547353880756485,0.06990738525657597,0.7170093887092467,0.055614751197332085,0.12992112095608893
6294,0.42852903276656434,0.0331039612791817,0.08929692335208923,0.17307436698762738,0.2759957156145375
6295,0.342167298885013,0.04281631291088313,0.07897242149948082,0.12067659851144369,0.4153673681931794
6296,0.29675336046676287,0.004285636672395317,0.035073375106300646,0.6006443613865975,0.0632432663679437
6297,0.6984564681016862,0.014374599534633293,0.024854641946266656,0.06998854314588106,0.19232574727153273
6298,0.22667418985663942,0.003975515599618415,0.0296401959199297,0.5905847190826929,0.14912537954111948
6299,0.13190320968205194,0.0015469818304963657,0.02941665096366245,0.6772586889915563,0.15987446853223283
6300,0.022372051710249218,0.5184463177138842,0.24537355341837305,0.038253824311215025,0.17555425284627849
6301,0.21678342999160596,0.009688441234785995,0.05071336720011111,0.5075736488788624,0.2152411126946345
6302,0.8701669036650325,0.052361318150650295,0.023503434625489577,0.020058498098870815,0.03390984545995671
6303,0.5750238808254516,0.0025996094478233423,0.005913285406640198,0.29512696967849444,0.12133625464159041
6304,0.7208998805258201,0.008950133488649639,0.005107754702736132,0.16464088674435368,0.10040134453844043
6305,0.5946623722595685,0.017334521484924162,0.07052106220908486,0.10624809924732223,0.21123394479910018
6306,0.5150598550905757,0.012120602975579558,0.021707521937779133,0.3776411104966111,0.0734709094994545
6307,0.21532499004898106,0.011917805342779784,0.013403078080047827,0.6014504948582677,0.15790363166992352
6308,0.7338475223190621,0.008072556320949331,0.02809507122960756,0.17102464018310454,0.05896020994727633
6309,0.6076750449693246,0.006361933312510435,0.005648561336047208,0.22473943569733,0.15557502468478782
6310,0.4898945916782737,0.003633267181259102,0.01105293649440649,0.45891158728300757,0.03650761736305319
6311,0.02585600488496472,0.025535883825748406,0.06059597149795811,0.5993748074129863,0.28863733237834244
6312,0.29144727009053173,0.017476649711050375,0.07345920685013214,0.46104535160675886,0.1565715217415268
6313,0.9722850778060136,0.004826452717795415,0.00611373006046068,0.004724562199274302,0.012050177216455932
6314,0.31635852153019406,0.008006119077421969,0.03403316001232867,0.46000997758250695,0.1815922217975483
6315,0.0013236562974034164,0.2348856591402445,0.13798363316684814,0.0010320482960543512,0.6247750030994496
6316,0.5563363927740576,0.005465534117949883,0.008593762219935304,0.38637762696815436,0.04322668391990286
6317,0.17205481480109647,0.005147568179632859,0.032995117240739225,0.538182183812074,0.2516203159664575
6318,0.44335444620334863,0.04514540184282687,0.05185415135761405,0.2671866883806851,0.19245931221552529
6319,0.01075122429166735,0.01888291195733995,0.15580795659236024,0.5333811178812367,0.28117678927739576
6320,0.45068163151843915,0.018932571172377486,0.01296718820401839,0.03855243518080633,0.47886617392435865
6321,0.004176398670480225,0.0203727288971438,0.6244388840984574,0.020417949741650745,0.3305940385922678
6322,0.26839431637429917,0.00491852174626082,0.03274331007027828,0.5104226224616986,0.18352122934746312
6323,0.5480038336965385,0.020302762629768573,0.04451977449599284,0.22990287861888542,0.15727075055881462
6324,0.0016294352797688776,0.4614411035337847,0.18290344325273947,0.00181029292391415,0.35221572500979287
6325,0.014758002891146775,0.0653357550999583,0.29551713676202424,0.08382374340553767,0.5405653618413331
6326,0.6117505891382652,0.06830490604471684,0.07943030721441975,0.12235814156832028,0.11815605603427809
6327,0.6035844404895823,0.2455305177504953,0.05768785416098286,0.013891086016571493,0.07930610158236799
6328,0.09071605947704699,0.02918411568909013,0.5551597967703097,0.0971834655579489,0.22775656250560425
6329,0.906871048959708,0.009381537730544917,0.021450154607432836,0.021405388859514055,0.04089186984280022
6330,0.17311703359367597,0.003911347276376783,0.027537767991811023,0.5680694357519513,0.22736441538618496
6331,0.5619342451649763,0.002122286568828195,0.010082328309183456,0.36444103016790474,0.06142010978910735
6332,0.19287039812058054,0.006608005096234718,0.10712194396573375,0.5977339523258411,0.09566570049160973
6333,0.010300019235406379,0.013743166481466241,0.07051721214916949,0.48630376089986677,0.41913584123409103
6334,0.016595096380585702,0.051552972068279954,0.0954225855644317,0.026594713471949485,0.8098346325147532
6335,0.1635537416699156,0.007753941709405723,0.030851073402883587,0.598379757234703,0.19946148598309196
6336,0.9888984769544963,0.001976768600920281,0.002411549645998504,0.0035914158064846912,0.003121788992099998
6337,0.0009163591146311374,0.24019620786594226,0.639362477502598,0.0061186904632165315,0.11340626505361212
6338,0.47172634838456345,0.11202677256765443,0.05111510545428544,0.19374223427620865,0.171389539317288
6339,0.4500169443153876,0.02119677394816467,0.055753586335865406,0.15753042816265025,0.31550226723793195
6340,0.38818797754197937,0.010560980446505271,0.01842421003536065,0.39916519001038175,0.18366164196577286
6341,0.3034848904734022,0.01879785590375677,0.08667924736558127,0.24811954909283998,0.34291845716441977
6342,0.9695328942990283,0.006219975094938324,0.008581570974177763,0.005508189863243885,0.010157369768611655
6343,0.014494215144699408,0.02832647979833129,0.1035655581774987,0.6447384846596635,0.20887526221980712
6344,0.32422664440151344,0.026644093678847888,0.07124924698702514,0.441274059140362,0.1366059557922514
6345,0.0077713144615015745,0.06008401450168831,0.6202284288284179,0.01871558301589355,0.29320065919249866
6346,0.19206224292257415,0.005965365905916812,0.021435020943754553,0.6068779848417087,0.17365938538604583
6347,0.9605167456736171,0.00680464962604676,0.005821361084231331,0.01834101425294045,0.008516229363164436
6348,0.00263880010011259,0.4716165831739687,0.17909335885253463,0.001772582486611582,0.3448786753867724
6349,0.3208227212871662,0.002946055737881133,0.03393136716475726,0.5716260654817773,0.07067379032841807
6350,0.20916513427015063,0.008009733042466941,0.02624490084464911,0.6069424611135692,0.1496377707291641
6351,0.2894287936909338,0.043101757453597726,0.07093859789194447,0.3439969991403443,0.25253385182317967
6352,0.07886586963010672,0.006227090138084025,0.03813285423041497,0.6858940949545467,0.19088009104684767
6353,0.46651171169183053,0.014581167669906964,0.05586509253663155,0.06933420464442482,0.3937078234572062
6354,0.17623064256085857,0.008327600085491752,0.04319653053519684,0.5581394334475388,0.21410579337091404
6355,0.012706560803233414,0.32010527830280855,0.5621284801182644,0.0036084727818264995,0.10145120799386706
6356,0.9800337221668334,0.0023412505938326693,0.003355434291614014,0.007553989821218938,0.006715603126501053
6357,0.0027448660220550118,0.36260483959211903,0.5368338460103367,0.0030230373931968754,0.09479341098229249
6358,0.12985355129233725,0.22484951302517148,0.1426411138352845,0.1632428342635326,0.33941298758367416
6359,0.006555483230020285,0.07523582536373735,0.46338079019278283,0.12891570958268492,0.32591219163077473
6360,0.6691196867751061,0.10217984521265197,0.047362778068055694,0.06586807764282963,0.11546961230135659
6361,0.00028515920795239857,0.4069953217372567,0.03229847973999338,0.00012671727662908809,0.5602943220381684
6362,0.22094912804214537,0.008987741703040734,0.03396298994394822,0.5397381239672652,0.19636201634360057
6363,0.002809629287642372,0.32337212574081237,0.02856967106326316,0.034018041634791676,0.6112305322734903
6364,0.24138359946032298,0.05289280793111731,0.0696209682989533,0.43980616396305566,0.1962964603465508
6365,0.9656995925600526,0.004318699348443788,0.006443564983952869,0.008027817393328297,0.015510325714222388
6366,0.253506083156659,0.009982832640723154,0.024647667021895647,0.5537081680738389,0.1581552491068833
6367,0.40352640976477044,0.00981040503974942,0.020939106031113038,0.4435239262318755,0.12220015293249167
6368,0.2288385040488085,0.009596609036392565,0.03742886273203103,0.5276314516089514,0.1965045725738164
6369,0.030770802555892072,0.07062902976165207,0.7364990755164124,0.030838813009183987,0.13126227915685956
6370,0.43035894738041136,0.0030149188684403146,0.012939160316127827,0.48871975635829135,0.0649672170767292
6371,0.0421457199044845,0.10589828140433448,0.3641628323653471,0.292404292969876,0.19538887335595784
6372,0.21609940344698134,0.03296134035792626,0.09399846747043826,0.18392392965165985,0.4730168590729943
6373,0.33442729840508045,0.013453369002830442,0.027077236208375335,0.4818988920785595,0.14314320430515415
6374,0.4628797155027525,0.008388139233186816,0.007636728149211218,0.4438308820235874,0.077264535091262
6375,0.00398009682165976,0.13815304185096158,0.7867803479973571,0.012204577258267244,0.05888193607175414
6376,0.7585751998860586,0.00806275632858823,0.029778448321796425,0.052813353696310086,0.1507702417672467
6377,0.7804587467349098,0.025443107090387992,0.12650074542486744,0.014570042341798425,0.053027358408036296
6378,0.373874388165907,0.004472403581722704,0.012405761164031354,0.4393455712285139,0.1699018758598251
6379,0.3399192703785191,0.11657540395568834,0.11260647785693392,0.2883918442934972,0.14250700351536136
6380,0.6856846882590169,0.057725799602574804,0.05675848319162241,0.09527615619961174,0.10455487274717411
6381,0.011960804295426244,0.046287465571748725,0.16165027186075012,0.5150659608900636,0.2650354973820113
6382,0.19320669608831498,0.0066340593029388896,0.020143653506000787,0.7148068485845821,0.06520874251816307
6383,0.04090426150705344,0.14104205432449254,0.06080712009285509,0.02353363188795251,0.7337129321876464
6384,0.4761209327040293,0.029968826538477454,0.06432788563956449,0.2265863345202957,0.20299602059763314
6385,0.36291221045462635,0.0033507930878292195,0.02041099880051921,0.5423536912468532,0.07097230641017209
6386,0.40565189626026765,0.003849852353461091,0.020066268298403137,0.4629115821575968,0.10752040093027125
6387,0.9547853375928993,0.006503747123801247,0.008984034859889418,0.006639429205774003,0.023087451217636196
6388,0.006979593272483538,0.7174735667511685,0.2407726101301295,0.00017467969279147736,0.03459955015342704
6389,0.8120907563622175,0.008806452151540063,0.0167848589317864,0.12699489844253947,0.03532303411191624
6390,0.0214785841205379,0.07233868966485182,0.4141484149740505,0.23510123403144864,0.25693307720911124
6391,0.5292760039147614,0.005548064933671591,0.004325389578366108,0.1911726010086795,0.2696779405645215
6392,0.0025671113760222042,0.2957776963641957,0.02205751339544946,0.04861514562485827,0.6309825332394744
6393,0.3356215253505554,0.0023877885239592324,0.017954268708059135,0.5625661019527145,0.08147031546471167
6394,0.8258416772089714,0.016881496175316743,0.007425732651365629,0.03262044680998899,0.11723064715435713
6395,0.6248569595942689,0.04952787817990787,0.05563199493578316,0.11457598384535062,0.15540718344468937
6396,0.9432456372791241,0.011232084476493182,0.009024246652330576,0.009303830945887805,0.027194200646164166
6397,0.39160522805435516,0.006906052689117266,0.00878362911102021,0.31726409586514825,0.2754409942803591
6398,0.24585984778907172,0.006075290980747733,0.023821613365701263,0.6155524768770602,0.108690770987419
6399,0.5722681028229847,0.026038588813900778,0.049759198390878945,0.10854692945412726,0.24338718051810831
6400,0.477428604685974,0.0031813655831424764,0.013545158546310509,0.3272551700807105,0.17858970110386244
6401,0.4040595376776441,0.005838609708533487,0.005653569386263012,0.45494719600243116,0.12950108722512826
6402,0.2526868265164125,0.0049738873450919955,0.03663611691172266,0.6279666732729445,0.07773649595382831
6403,0.3230432368819011,0.006171231763559241,0.022636044086189806,0.586689353264047,0.06146013400430274
6404,0.02522970944530668,0.026063493372991617,0.03577658822777339,0.32191917790001523,0.5910110310539131
6405,0.22896494876660967,0.016206678725120334,0.03204771706532301,0.4651015818239583,0.25767907361898873
6406,0.18825385188016033,0.00806179375341759,0.0324310500116334,0.54939241797324,0.22186088638154866
6407,0.9001395249004972,0.015566043593847346,0.0032439514491325178,0.013131233598571468,0.06791924645795143
6408,0.7040139071835932,0.23021554039157088,0.024811283423603028,0.008587147065921166,0.03237212193531167
6409,0.04817446984472486,0.03617485183672145,0.06571728505991299,0.02430396771910147,0.8256294255395392
6410,0.1530539036331002,0.5834624065810515,0.16357889546948842,0.002182468870129066,0.09772232544623086
6411,0.9314714950415361,0.012024240683327136,0.013867559772446351,0.014809339797878705,0.027827364704811664
6412,0.7605037235014908,0.015413351129320881,0.021013813459345807,0.16793808941301167,0.035131022496831026
6413,0.002373440500610509,0.06739289610673496,0.029343965783707775,0.23766038683162463,0.6632293107773222
6414,0.79359360337005,0.004340592585832875,0.003983073510105066,0.10374610418486145,0.09433662634915067
6415,0.7039496977525731,0.07446923728377304,0.08152227705583884,0.0141509548120195,0.12590783309579556
6416,0.5041079761724959,0.02369201702105124,0.2205035832773175,0.06739757548073606,0.18429884804839924
6417,0.7079618091786224,0.02443894175910886,0.028830721906410957,0.0474235575407247,0.19134496961513306
6418,0.9434961329383529,0.00642715573370918,0.010567863480260248,0.013481669876866362,0.026027177970811576
6419,0.335361198049718,0.0020241673915434286,0.019353775252589606,0.5159712850800735,0.1272895742260755
6420,0.8396201470194778,0.03289507294154403,0.0284978848547076,0.01832765226250391,0.08065924292176657
6421,0.27016141098839036,0.004197596169168396,0.033803134438508804,0.40028138820766784,0.2915564701962645
6422,0.08066223145550303,0.06368472463675132,0.008724663958697301,0.1809138048338458,0.6660145751152026
6423,0.021714865267638977,0.07500685953720387,0.4037602149857894,0.2347281609218699,0.26478989928749785
6424,0.17001903171469132,0.0018905877840300698,0.026829795421158067,0.6367980030418261,0.16446258203829436
6425,0.19723747097075645,0.01430583561659455,0.046685555608403276,0.4834238753001458,0.25834726250409995
6426,0.015955961910059224,0.02427159716383145,0.031407010978660645,0.349540065740455,0.5788253642069937
6427,0.3505783995321966,0.0061751627420789604,0.022923071739128272,0.558465564115009,0.06185780187158718
6428,0.40167283364436907,0.13635927078365442,0.34145612306832324,0.021470423603354848,0.09904134890029836
6429,0.44466562119299,0.02229276342530693,0.05186986165424691,0.40275571578632857,0.0784160379411275
6430,0.0007396051747177413,0.2969137036473304,0.15052668287817303,0.0010359741207357786,0.5507840341790431
6431,0.07084716593180196,0.19549584718193702,0.6332839711438106,0.0012024537941868003,0.09917056194826354
6432,0.3030403923121125,0.002822095907346816,0.035892326052912836,0.6307849979413338,0.02746018778629395
6433,0.2660452112030478,0.006216499873318181,0.020357519431759407,0.45796556228179613,0.2494152072100785
6434,0.34522832369316686,0.027963797821802326,0.09681508757226512,0.24011821934509886,0.2898745715676669
6435,0.538091571058167,0.025415313884505547,0.05775253704802693,0.1185784213211501,0.2601621566881503
6436,0.3665833840152476,0.1585062922316774,0.18199442383593747,0.015790717305107924,0.2771251826120296
6437,0.01819719581341866,0.05236262450696827,0.7122565278055311,0.03351705996585173,0.18366659190823026
6438,0.010890356441141833,0.05409698194201963,0.34453289010241095,0.0665509911414366,0.523928780372991
6439,0.007898125344501482,0.015798818668535525,0.1061424451008874,0.5274202485090251,0.34274036237705047
6440,0.34933632888111077,0.005396205360285049,0.028547785633819062,0.5740576295160821,0.04266205060870305
6441,0.02335522629938636,0.06629065145726616,0.6243774237728518,0.1854677971593941,0.10050890131110161
6442,0.0001839340642861049,0.20373054162283588,0.231288018120333,0.0019744711080901694,0.5628230350844549
6443,0.00040872577334948815,0.19725510427668974,0.263295077433672,0.0019490290186625146,0.5370920634976263
6444,0.28361002027673454,0.0868205808390728,0.04018290328104435,0.12113827516193358,0.4682482204412148
6445,0.004356020959387051,0.37294125363090896,0.5301309508793961,0.006322566475088457,0.08624920805521934
6446,0.0024120411502445284,0.019993242226559477,0.7187124596517228,0.016156075329024463,0.24272618164244875
6447,0.17209100735735433,0.0057592472717812,0.02675414383654418,0.6248491794460886,0.17054642208823165
6448,0.2831771183097116,0.01085129250606839,0.02567240997247069,0.5762047091276421,0.1040944700841072
6449,0.8961847831474175,0.008725432540886872,0.06201428840279916,0.004981136538881439,0.028094359370015046
6450,0.9609783451566136,0.006956288002710854,0.007460482939660218,0.00998380091515106,0.014621082985864307
6451,0.7065843376161337,0.003154200828407754,0.0020618179485139753,0.10418132542351245,0.18401831818343206
6452,0.7571223829432605,0.003328127133923437,0.003904982105102797,0.15445470036670367,0.08118980745100962
6453,0.3868514219315942,0.004741248628440559,0.029068121184980197,0.3843142191584891,0.195024989096496
6454,0.9827554348165661,0.002238045388442371,0.00415651742142433,0.006286085493593155,0.004563916879973794
6455,0.15075324505847268,0.006119727288296284,0.028974625063733477,0.7864789177686311,0.02767348482086648
6456,0.8129536080308257,0.0019631964066668603,0.0021389849072157383,0.14028341009927828,0.04266080055601354
6457,0.3259748735177072,0.009897008545866556,0.020877421483329474,0.4586156948002741,0.18463500165282276
6458,0.9347506916305064,0.02896907486599594,0.011597540318793727,0.005121335819844828,0.019561357364859124
6459,0.2618143053478173,0.0035429527120987648,0.0077832720888414905,0.5839858906500058,0.1428735792012366
6460,0.0023778421340343798,0.20736487720592772,0.6654091502213338,0.004684367210187705,0.1201637632285164
6461,0.9383860753429536,0.028382893842254616,0.013749738172539867,0.006030037113175788,0.013451255529076153
6462,0.9247138679937862,0.01184682940326211,0.014952627195299452,0.010858692250511948,0.037627983157140166
6463,0.4331532817461937,0.0045895220703890535,0.019792612526921518,0.49178051853400623,0.05068406512248955
6464,0.010526355282693656,0.009956746141448565,0.11749114441508166,0.5023125990296307,0.35971315513114555
6465,0.27045104156095995,0.0032895505867085503,0.027073612240196162,0.5284830880215079,0.17070270759062736
6466,0.4016557985525021,0.006435158343592409,0.007457062367767119,0.46993870421148065,0.11451327652465763
6467,0.2678708821785735,0.0030066159110627736,0.01733308393018727,0.5253105400501931,0.18647887792998333
6468,0.1294927192310296,0.0016811958675396772,0.0883274923781959,0.7721088973997751,0.00838969512345971
6469,0.45179417286606144,0.0032484474012269985,0.02370199279331499,0.45119918962623806,0.07005619731315853
6470,0.0005879469322908595,0.23044983905057714,0.6579786529914587,0.003908818529537716,0.10707474249613548
6471,0.4676837001282596,0.004601521904436214,0.0139067271504834,0.45714087912443957,0.05666717169238124
6472,0.577439012822538,0.07189559987863114,0.05923923044431931,0.2053088841202682,0.08611727273424341
6473,0.7815128668933274,0.014445963974984629,0.008506048224553486,0.01790043937566643,0.1776346815314681
6474,0.4195570196179263,0.005546949298477486,0.01606292182613649,0.49443802925664254,0.06439508000081719
6475,0.47691007814176256,0.005000540885499935,0.019247299039576185,0.45761566715348184,0.04122641477967942
6476,0.2882708075538299,0.023816679545423537,0.05460212646894271,0.3164383380920797,0.31687204833972415
6477,0.31707092628489325,0.005498784837065785,0.0287509856965941,0.5523007953060377,0.09637850787540908
6478,0.15948567284928694,0.0069492218787008215,0.05124407349730764,0.508525801976983,0.27379522979772153
6479,0.6518032502582655,0.09146679678660644,0.05729200824913855,0.07662593947713711,0.12281200522885244
6480,0.33561825168288273,0.02309655739371833,0.07003029691755569,0.45959529562481366,0.1116595983810296
6481,0.2665695576521346,0.012012999960166509,0.026602554515013876,0.47439143315271826,0.2204234547199666
6482,0.010614219752603083,0.08847860628844179,0.30230965730941883,0.14360942236433688,0.4549880942851995
6483,0.26454979001465156,0.0024535595392558085,0.02355171280431092,0.664566557833521,0.04487837980826062
6484,0.6290329153996801,0.004279213039977079,0.0017029482459034455,0.15405892062539472,0.21092600268904474
6485,0.46289321564127406,0.005613621387129943,0.017314733969802376,0.27079636597751394,0.24338206302427956
6486,0.8601327246298365,0.0047983397922419764,0.014481386439749933,0.05755154455848572,0.06303600457968592
6487,0.01035334980381184,0.03966049711791622,0.28487522728238235,0.11318689472360519,0.5519240310722843
6488,0.11108426015380747,0.2695518695371156,0.24657303605194134,0.007952802701954018,0.36483803155518146
6489,0.7210060760526967,0.0027728179415885466,0.003490487277786496,0.127235457704071,0.14549516102385718
6490,0.3332107576364446,0.0033930455495784313,0.02023392218615523,0.5550810582106344,0.08808121641718746
6491,0.22753303456836305,0.0023723739419755584,0.03409831769547849,0.6834176123951224,0.052578661399060346
6492,0.003151843726300152,0.13937114814567064,0.6902133899653117,0.010161432530629127,0.1571021856320883
6493,0.3296842319641135,0.006793422187890949,0.009777561574420824,0.5524417121634522,0.10130307211012257
6494,0.0376503000632944,0.5007602229677395,0.3958772126468816,0.001619145190388924,0.0640931191316956
6495,0.31853309135783153,0.3905547075416672,0.23843392059748122,0.004090717104984661,0.04838756339803533
6496,0.01052664933878278,0.1259530017601663,0.4580061798035836,0.14446169688695867,0.2610524722105087
6497,0.8937474262944943,0.020030121226978483,0.014297127928215015,0.024719125597109426,0.0472061989532027
6498,0.4523150892114795,0.010027681848749827,0.01324761746292759,0.3757516049051598,0.1486580065716833
6499,0.8098388032394889,0.0353530177257799,0.009591707940319206,0.020177217157717774,0.1250392539366941
6500,0.754724888858015,0.011834119381128773,0.14877237471264168,0.030813213897883666,0.05385540315033083
6501,0.36218813040841086,0.0295646502093443,0.3051787902679532,0.1469329289101232,0.15613550020416855
6502,0.1073976437287941,0.11718987108601506,0.08395545444684743,0.0785272069871619,0.6129298237511815
6503,0.183577110780843,0.03972030057370997,0.13440400169583333,0.21618117622216293,0.42611741072745085
6504,0.15746504588390411,0.011222889738377448,0.034845075906888845,0.5968659627103138,0.19960102576051575
6505,0.381128263132776,0.005077052529174039,0.023661185469602265,0.5624691633524808,0.027664335515966934
6506,0.2584070481651502,0.006353487477945192,0.027921609713959024,0.594240642656513,0.1130772119864326
6507,0.007525854473591245,0.009222287255585118,0.13096314863449512,0.5029858666405604,0.3493028429957681
6508,0.2312146431210212,0.0031722173001658828,0.02711828930910949,0.5083713370970488,0.23012351317265448
6509,0.09412794251691238,0.06371814195886977,0.04293763739199258,0.4503557505290392,0.3488605276031861
6510,0.03352777609536155,0.1381881321829197,0.31035041597698065,0.16518802370811755,0.3527456520366206
6511,0.5957398963702805,0.02281608198288953,0.010207234349049316,0.02118102797920292,0.35005575931857763
6512,0.7191582661071041,0.02314398563779743,0.13666367779374522,0.0334257028285581,0.0876083676327952
6513,0.9592036245496772,0.007328642430052859,0.007937872669983526,0.010622655539581407,0.01490720481070527
6514,0.01725361329587993,0.007864235328416378,0.1022887657667521,0.5449767897131593,0.32761659589579234
6515,0.29425216444486413,0.03708897790830224,0.08286188086518993,0.355850728552658,0.22994624822898568
6516,0.25995343191152204,0.054978419439813124,0.13447948224909645,0.1659485380017944,0.3846401283977739
6517,0.27504654474082385,0.15568251889422063,0.041106367927951325,0.10015982447740614,0.4280047439595982
6518,0.29196960146880013,0.00361615485931112,0.022104342261175032,0.5562968648859115,0.12601303652480222
6519,0.772626675083872,0.002258997474014179,0.0026503423918117397,0.08356261912284493,0.13890136592745714
6520,0.002191771769000526,0.08301776446500579,0.6826368138787507,0.0073570491271279185,0.22479660076011507
6521,0.06627987628027625,0.04940429527202661,0.025274319965478825,0.2149958569596327,0.6440456515225856
6522,0.8454791931445333,0.015084550045846261,0.09789379996205406,0.010338289749073925,0.0312041670984924
6523,0.0004388452922668541,0.34412517128324355,0.21749011671198468,0.0010267227882223232,0.43691914392428255
6524,0.3025035499656241,0.005420667016175119,0.018515803037721577,0.559494226121778,0.11406575385870127
6525,0.2437841906060732,0.03354908514263926,0.06216108263694935,0.31300853148050145,0.34749711013383666
6526,0.630307416405882,0.04724254920769174,0.046974487796754234,0.10243205868566477,0.17304348790400745
6527,0.4183337583063572,0.024288903913125937,0.06785637877820551,0.34020352792159425,0.14931743108071713
6528,0.21068617461295458,0.015233645497769819,0.03578963821273936,0.6626725618209455,0.07561797985559077
6529,0.2256888676728329,0.007820465516786496,0.035522409488706816,0.49169125138955844,0.23927700593211543
6530,0.45530690225292136,0.031384109421869553,0.09446913907904683,0.11147078548214563,0.3073690637640166
6531,0.9327090599312294,0.005956694526121904,0.015155706731383755,0.009854140348543665,0.036324398462721286
6532,0.5270915846053429,0.07292145486222414,0.032494933176758195,0.08785107154131877,0.27964095581435605
6533,0.20353611574956618,0.006583797595815108,0.040524819839073585,0.5518350125386539,0.19752025427689138
6534,0.012623573311748099,0.007893591270969237,0.08550200778912483,0.7218589050513984,0.17212192257675943
6535,0.005759365873351068,0.003623577634635367,0.19198862163003422,0.5613746056958067,0.2372538291661726
6536,0.5593619730051065,0.015345182421630977,0.013625631267505356,0.33694827734661226,0.07471893595914472
6537,0.001183465497896184,0.3577135119611085,0.5530966774894106,0.005607644756258754,0.08239870029532607
6538,0.3936919176298413,0.006212843674206566,0.017214517460075685,0.43950603874615035,0.14337468248972612
6539,5.765359258007914e-05,0.5886791056207896,0.1483382499263356,0.0009869064235218724,0.26193808443677274
6540,0.5104436636618115,0.023555563465785072,0.021042318353754468,0.035162877335506874,0.40979557718314213
6541,0.7311771283861709,0.19438003277556667,0.02561836180994608,0.0139646818239392,0.03485979520437716
6542,0.1620845862845021,0.0020201843667991036,0.037863372026505256,0.5960116965145124,0.2020201608076813
6543,0.9653872416242912,0.0037505509287101522,0.007046600122200983,0.008252411619432196,0.015563195705365357
6544,0.7854288676817055,0.05189139042533789,0.027349233029925087,0.043551728847023415,0.09177878001600799
6545,0.21751278641992633,0.00447677672218194,0.00778744780405995,0.7302083151742355,0.04001467387959633
6546,0.0023693035418629444,0.021913255089296917,0.010696231416383024,0.3065096555767002,0.6585115543757569
6547,0.40463887999358517,0.006788556589219549,0.011646727477506568,0.2808373572984197,0.2960884786412691
6548,0.00032877396420764654,0.6388821430666134,0.1335368002877261,0.0006634337627155832,0.22658884891873746
6549,0.015461139427446719,0.023627511365323827,0.10769059751966689,0.39215322762931504,0.4610675240582474
6550,0.39669220959940504,0.005097239587882414,0.012525217066576928,0.3944740467162915,0.1912112870298442
6551,0.00411861664043245,0.23241963214908995,0.6523268238077815,0.003695836900127305,0.10743909050256861
6552,0.17429159717993525,0.01065839759776882,0.03375467794769678,0.6251444996282135,0.15615082764638574
6553,0.002128601763610179,0.2948326804128504,0.023623335122090888,0.05044885190658491,0.6289665307948635
6554,0.27045654960025545,0.005380794694299278,0.015245358494251189,0.5848593569159752,0.12405794029521872
6555,0.44624479830110114,0.007244739554349359,0.009138447184405655,0.46183820718434637,0.0755338077757973
6556,0.9132174097805219,0.010369867807346066,0.010485812876425178,0.022223016477619605,0.043703893058087064
6557,0.5286196569416847,0.1277521640952087,0.18240694337415592,0.023660762527987576,0.13756047306096314
6558,0.411068157466208,0.00313727843720601,0.019051067929801047,0.5166731401776209,0.05007035598916409
6559,0.001118857242162602,0.13422561906086483,0.4427328811316122,0.0014666265543026747,0.4204560160110578
6560,0.311070726816381,0.01800785309615261,0.057210243758146484,0.4802627224992198,0.1334484538301001
6561,0.00033151921468863325,0.5410835719596611,0.14865058856511762,0.0006030050783825033,0.3093313151821502
6562,0.012117932133249618,0.02778137585845666,0.10209796489733715,0.7453857704724678,0.11261695663848881
6563,0.2337947788981462,0.03268898544466483,0.37701251182290146,0.22993360367831348,0.12657012015597405
6564,0.4074980438356263,0.015287884116370354,0.019824697879456156,0.026830021864447468,0.5305593523040998
6565,0.9664152823697469,0.0028434246122010414,0.007587875863668594,0.010147298113883763,0.013006119040499808
6566,0.4522503590233248,0.041390156921170346,0.051380306980732926,0.23203314523010934,0.22294603184466247
6567,0.21244018889826005,0.09301601757257778,0.14981949869974193,0.4653874054462205,0.07933688938319963
6568,0.31703321009493074,0.005414971665574714,0.017692669947846452,0.5442324355891728,0.11562671270247525
6569,0.006719491726287115,0.2652335877387507,0.5848560857270424,0.004113574078754705,0.13907726072916493
6570,0.38704852992178435,0.007068793230204553,0.0035473031278683734,0.37657868894411023,0.2257566847760325
6571,0.002326595487430935,0.2040047743715759,0.20112616508637102,0.0012145070441807724,0.5913279580104412
6572,0.20230813131749037,0.00256543882918198,0.05159346183583677,0.5542678591219804,0.18926510889551043
6573,0.034074352128532236,0.05249288533047887,0.0377360962092458,0.20120402756612613,0.6744926387656169
6574,0.3117717851178609,0.006049433305020591,0.04430043289771737,0.5718645065145149,0.06601384216488614
6575,0.16111814802948646,0.0038652462647667655,0.0368448772141176,0.6998582809305242,0.09831344756110504
6576,0.2895390598677987,0.004274042461260256,0.015968595411129966,0.454172382866505,0.23604591939330608
6577,0.0003871087225248568,0.3798964857823129,0.15198334871436506,0.0009698209295213124,0.4667632358512757
6578,0.2993079545450721,0.006041092312711492,0.014727099592072334,0.556655314174685,0.12326853937545919
6579,0.46738268040086267,0.008137432066463468,0.009021818241024897,0.19317230793994314,0.3222857613517058
6580,0.766851810149471,0.004394290797118883,0.002474759868542449,0.16025624071979563,0.06602289846507216
6581,0.14625951162779074,0.13888644033388672,0.22690943006243625,0.012934023773903897,0.4750105942019825
6582,0.019851165430458444,0.0348528656070714,0.28870081894435423,0.11529607301774425,0.5412990770003716
6583,0.7770781582763084,0.007342413350147568,0.0060619522978207045,0.01096814632533021,0.19854932975039294
6584,0.010195598312041858,0.028461729902981445,0.10123019430673837,0.454581749203628,0.4055307282746105
6585,0.7438801878454311,0.039346609265273384,0.17127229653738657,0.008126508783278905,0.03737439756862998
6586,0.002741496809291929,0.032214213177700325,0.5856116628639205,0.01719083738159395,0.36224178976749316
6587,0.18033605689399773,0.007093600474373859,0.007381769242739141,0.6572643921761164,0.14792418121277282
6588,0.01884257821241471,0.02913683526926224,0.1005672319576375,0.48173282594307926,0.3697205286176062
6589,0.43300660383247425,0.013420830668386572,0.04900709411395336,0.37665566584321325,0.1279098055419724
6590,0.4567061103787042,0.10880803000526727,0.08072197095070215,0.17365511506415357,0.18010877360117283
6591,0.07557922919414663,0.41526547161935934,0.19573544802166223,0.006778879662094527,0.3066409715027373
6592,0.605874845138062,0.004001119533288889,0.005223283167884718,0.26676592430906737,0.11813482785169699
6593,0.18484606185375327,0.011032583978892837,0.04656483189388696,0.541347805957715,0.21620871631575195
6594,0.3782586734492523,0.005296036562886351,0.018369819846209383,0.4133837202463925,0.1846917498952595
6595,0.4075148887121232,0.006682051365136029,0.015180707744008736,0.5225311394852238,0.048091212693508294
6596,0.020567596491453507,0.02739392676436791,0.04447307195138494,0.7045090338806298,0.20305637091216383
6597,0.013401125419536376,0.007539737017441793,0.11107182876710206,0.5404514006772143,0.3275359081187054
6598,0.9669358165732626,0.006503450231286385,0.006246117788599973,0.01004897284510483,0.010265642561746273
6599,0.5582229227597978,0.03781555701379392,0.10096646476728408,0.18637328081848206,0.11662177464064215
6600,0.0040660971577681235,0.3728207462067617,0.524948441242203,0.003255642885920354,0.09490907250734698
6601,0.019133374008908854,0.006495947278142949,0.08278311945976963,0.6961623633536346,0.19542519589954405
6602,0.211907366399868,0.004571563819396986,0.026472650758476247,0.5652913788112123,0.19175704021104653
6603,0.22044034178210237,0.1497165591541232,0.11785963863245837,0.3145952029265077,0.1973882575048084
6604,0.6912990970107871,0.013708826360148429,0.03418010778749062,0.08484732622300878,0.17596464261856506
6605,0.00021918176008379692,0.15933643538687792,0.5055267693523628,0.002415657837879602,0.3325019556627957
6606,0.8564217006355044,0.03540458024518257,0.02060760320614895,0.03765038251421478,0.04991573339894921
6607,0.3740093018789775,0.0067945740475370145,0.01653016178085556,0.5541981528662697,0.04846780942636028
6608,0.5022787731751518,0.02243864080473718,0.07205811956899448,0.12234846106058565,0.28087600539053076
6609,0.0003682141183251641,0.33387078765738276,0.2317015781426602,0.0011356099065357886,0.4329238101750962
6610,0.6134787633410482,0.003295800041212484,0.0039543374942145465,0.28554940087597247,0.09372169824755217
6611,0.38918755907636166,0.005387340523794759,0.009395054227029699,0.5515813640901401,0.0444486820826738
6612,0.4303892573592638,0.18242773691426942,0.09420967327207941,0.11855685433205677,0.17441647812233058
6613,0.0002383190983710634,0.3439848924920277,0.04355996493091137,0.00013054990175157542,0.6120862735769383
6614,0.20799362182484074,0.0019498661805863158,0.0186320305450231,0.644507679629326,0.1269168018202238
6615,0.43360522145425356,0.005607294923306735,0.011629757668885759,0.4616942284578669,0.08746349749568705
6616,0.8897073908798057,0.03240979945953923,0.022504487931731078,0.016896796670241087,0.03848152505868288
6617,0.35643399985927265,0.03850063315282122,0.08488218238817002,0.23975028265624293,0.280432901943493
6618,0.4787542635581108,0.018781227944047664,0.036801728559679614,0.4016107571026825,0.06405202283547946
6619,0.06509640494251091,0.11033628868039623,0.16679007393306225,0.09160418202734695,0.5661730504166836
6620,0.750356321201595,0.023965199609633312,0.018146035410074774,0.05058184996077959,0.1569505938179174
6621,0.7362489801809073,0.014407447962982727,0.030275343847228842,0.09629224538553353,0.12277598262334756
6622,0.8455788477481637,0.10408614856424189,0.020824920556161152,0.008005729476404402,0.021504353655028743
6623,0.7251623336845416,0.00575737987739005,0.0030177166958164827,0.16210112365572218,0.10396144608652975
6624,0.9451623979720142,0.012016978016813479,0.014272296874216646,0.010387636344792617,0.01816069079216305
6625,0.23752812562459488,0.006482806295160423,0.04716202233706199,0.42162289659896934,0.28720414914421327
6626,0.24064471723326764,0.007362014401129159,0.024433027849292847,0.6522741541938882,0.07528608632242212
6627,0.0021684648369711085,0.38405336227636555,0.06683824215844657,0.004962024086651996,0.5419779066415648
6628,0.7780381315166608,0.007012000179723186,0.003391809387709066,0.1611423920567741,0.05041566685913288
6629,0.012363218358521787,0.027039263925573015,0.5832684079638636,0.011861774850363776,0.365467334901678
6630,0.0064092413753359615,0.07543877033106351,0.004808094466830312,0.019395787295682584,0.8939481065310876
6631,0.31509723064733514,0.006517074179782322,0.0187395938872694,0.47113817107382416,0.18850793021178902
6632,0.600388749030691,0.022182836709633627,0.07907251219007808,0.212615665186855,0.08574023688274242
6633,0.2503333896246628,0.004056732123653394,0.03426426334184074,0.596918450719267,0.1144271641905762
6634,0.3351968214526417,0.008599947235767274,0.023527372059788897,0.5351059404327355,0.09756991881906661
6635,0.02580552376087637,0.02707984901828767,0.08521452686121873,0.6155904007441488,0.24630969961546845
6636,0.011565881449255473,0.04253323118455406,0.26964027189955825,0.08119160974823357,0.5950690057183986
6637,0.003965817557470449,0.03132514743436566,0.6082245580253208,0.01944228164831011,0.33704219533453295
6638,0.06505097904981265,0.18325091484657555,0.14793384808814908,0.20551847649385738,0.3982457815216053
6639,0.22332703625282632,0.10183825128247416,0.10483954492207162,0.356534941355776,0.2134602261868519
6640,0.016972287222676394,0.13262405718376086,0.6162486287460996,0.001281479614048369,0.23287354723341486
6641,0.011579211346343588,0.017346726234456912,0.7328052982025148,0.04744427866622199,0.19082448555046258
6642,0.07861155233714065,0.7309328963644134,0.07849084378747957,0.0063865934650432325,0.10557811404592315
6643,0.9127009594317503,0.008603801088734531,0.019699003190557524,0.017186498199976138,0.04180973808898143
6644,0.04878451783245321,0.7867832853802065,0.09524493906351844,0.0021698925584974177,0.06701736516532446
6645,0.777981577020151,0.0029758465320009874,0.0034274764901598394,0.1270436380226704,0.08857146193501761
6646,0.26676714434771454,0.0032436441805914385,0.03224216361367167,0.5543613942764648,0.14338565358155755
6647,0.3599376768990724,0.13627126022799568,0.07356287647702404,0.27907800272933786,0.15115018366656996
6648,0.04587041888305859,0.016715191149142994,0.04572007444848461,0.7129479277179598,0.17874638780135405
6649,0.2226354266049656,0.0056100362892351225,0.030462724441300416,0.6680918466339996,0.07319996603049936
6650,0.0001561300373563732,0.6385004371106098,0.12688164025251483,0.0005263924376369092,0.23393540016188225
6651,0.5947418643920726,0.03142339652617369,0.07565304866721616,0.1288247192251536,0.16935697118938392
6652,0.571714752335839,0.004280169636722673,0.003729420714990843,0.3752286552818033,0.045047002030644205
6653,0.3613409592707204,0.02034327314743475,0.022427691228538896,0.47286073909860044,0.1230273372547055
6654,0.878747647406254,0.008944954073947563,0.015075144480741069,0.06525669063349872,0.031975563405558724
6655,0.3768933320340734,0.0916367337625261,0.09730964824822244,0.21491802547922556,0.21924226047595255
6656,0.4940327868024233,0.01170807377580261,0.006498193858644798,0.22958594235974772,0.25817500320338155
6657,0.9724860825633983,0.0029325628530233088,0.006235544043722722,0.0072848933660266775,0.011060917173828975
6658,0.548058039406815,0.02621579952291296,0.06483931235279154,0.09978296619444978,0.2611038825230309
6659,0.023263286180767548,0.057633079710961994,0.5476348713935574,0.005560138429044194,0.365908624285669
6660,8.310935230752211e-05,0.6415689385076948,0.02713721252711429,0.00015288157536395592,0.3310578580375194
6661,0.3168749067098609,0.009209192644010948,0.02083885869361251,0.5270469624792012,0.12603007947331435
6662,0.1878782956326432,0.005013155186367917,0.028600658566403793,0.6815215651256957,0.09698632548888947
6663,0.5708479914575376,0.1557693893704947,0.02353522261713531,0.03362259878086298,0.21622479777396947
6664,0.002302116652209301,0.3885434372361271,0.5212498810542254,0.0025525152927559614,0.0853520497646822
6665,0.21887255881123896,0.003307262218655077,0.035425570830357835,0.5149051147438898,0.2274894933958584
6666,0.4106483568485049,0.01721982811332149,0.0624895483356498,0.31854961100841106,0.19109265569411266
6667,0.005429437337147192,0.027558758247799645,0.6074594541913876,0.012039806449616266,0.3475125437740492
6668,0.8757873221200753,0.026815525366957044,0.017472360359797812,0.029191564800176675,0.05073322735299333
6669,0.9729351608831751,0.005124814491654875,0.003994285909466739,0.01047292876466598,0.007472809951037444
6670,0.032820291868164445,0.11353766022914971,0.10390416745393848,0.0783232654381151,0.6714146150106323
6671,0.4398777573783835,0.005157983327166148,0.011613699899639132,0.39933131351749324,0.14401924587731788
6672,0.002106398074212655,0.06252887685028538,0.02722609249322771,0.2205074706516542,0.68763116193062
6673,0.6588522337559028,0.029198082167799237,0.027304831439553652,0.10545035223325346,0.1791945004034907
6674,0.674293093822692,0.028079057264754216,0.011159002663288904,0.03389126610226938,0.25257758014699555
6675,0.1487956748470493,0.007158298004580165,0.03279870834002052,0.5943091490451252,0.21693816976322486
6676,0.2650867411763361,0.010112469444584429,0.00982183339690229,0.6669953834002509,0.04798357258192625
6677,0.9122275477802929,0.015116756028340632,0.01690813100101843,0.01137866013154026,0.044368905058807855
6678,0.46732021711762006,0.002671399130185088,0.009199275136859468,0.21630081270064497,0.3045082959146903
6679,0.0043971768972089625,0.3892251211363341,0.5203638189119546,0.002965097469679413,0.08304878558482304
6680,0.2220755308837987,0.005088815956782098,0.025579570632868476,0.7082964372230279,0.038959645303522895
6681,0.4629721387761744,0.046377584042828164,0.06531576407989104,0.17397935967626463,0.25135515342484166
6682,0.7854292178618082,0.005425130563780681,0.0031309147746869295,0.08984985166777354,0.11616488513195054
6683,0.0004973901046862938,0.22069285990447154,0.14665784940925589,0.0009919324545727443,0.6311599681270136
6684,0.6149341240033853,0.009223022421219957,0.010406996592613222,0.2309335732572326,0.1345022837255489
6685,0.15062538689142685,0.005765646470455804,0.07232811122034677,0.5983059210669678,0.17297493435080274
6686,0.2441540609248658,0.005483928738816298,0.031161973083415055,0.6045970276748087,0.11460300957809418
6687,0.01831070364690291,0.0068615650807059775,0.1198277510257494,0.4999562759686193,0.35504370427802245
6688,0.11264409479322723,0.007901246599347123,0.03155788229787057,0.6512054301395855,0.1966913461699696
6689,0.34343226717923586,0.008908109095543336,0.007433162244290151,0.5742461191225142,0.06598034235841643
6690,0.17054463016630161,0.008478481336497626,0.10186935536553156,0.5735974059570577,0.14551012717461154
6691,0.6038522225755408,0.003760163793889699,0.005990424971695189,0.23321937545113627,0.1531778132077379
6692,0.48965350801152197,0.008036096053523005,0.008414805755753256,0.26423980519681967,0.22965578498238198
6693,0.7474196205591704,0.05283103652311486,0.033986310081051754,0.05382439648471349,0.11193863635194946
6694,0.08400678109051038,0.03329455661385529,0.425536866942448,0.13800071389208546,0.3191610814611008
6695,0.004561828052443768,0.012467868258379583,0.1295293295298776,0.6851197555564247,0.1683212186028744
6696,0.12227727256832578,0.0023162394078059013,0.019654212657553113,0.729276669866262,0.1264756055000532
6697,0.0006759427606905217,0.1421883530191194,0.1844493833373567,0.0015746167106468118,0.6711117041721866
6698,0.09508149254438894,0.2819328026230893,0.28555696851295903,0.00852849999646193,0.3289002363231007
6699,0.008310352234167996,0.025101717786210214,0.061118035920603664,0.6387006990562687,0.2667691950027495
6700,0.34012216299680276,0.12757289553380416,0.20521766214139217,0.026451923142106502,0.30063535618589454
6701,0.7766513095046507,0.04362413106587897,0.035318066048217044,0.03774078686468488,0.10666570651656848
6702,0.008736947132303535,0.008909987214431427,0.143034551198446,0.49477167565865265,0.34454683879616627
6703,0.350954455542199,0.0020889921005842003,0.01718348851867415,0.3950525317097809,0.23472053212876168
6704,0.31163631819011206,0.003445804122616592,0.021850901701146494,0.5128609494486502,0.15020602653747456
6705,0.01687901034535296,0.012220420988615161,0.08757578566684385,0.5726289756473343,0.31069580735185376
6706,0.012431415555067273,0.3396885613477592,0.5553742190390278,0.003398036272995355,0.08910776778515024
6707,0.2047793939781621,0.03833217619726355,0.084228759132827,0.2249113966688893,0.4477482740228581
6708,0.6723346402560296,0.02991556310405686,0.1437623366222263,0.008634131173232489,0.14535332884445484
6709,0.11521062775406991,0.36352056057656057,0.09857506063448816,0.10389559261005274,0.3187981584248286
6710,0.47161922372595155,0.007838842167067237,0.01137544426686235,0.40403361140094224,0.10513287843917658
6711,0.27987673102762844,0.006529794623077696,0.024741299464842905,0.4830761841846982,0.20577599069975272
6712,0.43084496997653793,0.03685055253747048,0.021535241518474697,0.049090112066143526,0.46167912390137333
6713,0.25246173416653384,0.012919194682043101,0.033726220930302905,0.48805689973785504,0.21283595048326504
6714,0.5643276584173393,0.046599473840114425,0.061360381922196144,0.167762047907688,0.15995043791266206
6715,0.43517368394976735,0.060275082479615716,0.16696341354394648,0.20162173372936337,0.13596608629730708
6716,0.46077415507862474,0.0032674404167054964,0.010182392029277655,0.47243861764534967,0.05333739483004251
6717,0.008721012365569573,0.08299984356079688,0.003828301046953274,0.06518619057003926,0.839264652456641
6718,0.5873919883346291,0.011098276686776877,0.04233530582162403,0.28041422647691555,0.07876020268005435
6719,0.3723828300125534,0.01799027982051117,0.01266244993325241,0.2685263754356046,0.32843806479807847
6720,0.7535684912417088,0.07348590787150518,0.022653282541588424,0.060385920072036144,0.08990639827316146
6721,0.2577910824222475,0.002617677376589204,0.030637742784487543,0.4913050824715217,0.21764841494515402
6722,0.4278891489768905,0.0051222261308286636,0.007022539565214287,0.4943501462902582,0.06561593903680851
6723,0.6517694858145583,0.03155861242099038,0.049032501627208167,0.0934378317307585,0.17420156840648468
6724,0.6238625790252961,0.02414285659748196,0.05308683555333051,0.1191788675410532,0.17972886128283835
6725,0.6326582197897466,0.01761440558775098,0.021209063138036603,0.15078380417115347,0.17773450731331242
6726,0.43478763197968084,0.009124398785404391,0.00649104359486989,0.3240458714634038,0.22555105417664112
6727,0.03917822226019253,0.09837754180637032,0.06427437814646568,0.02733055684460511,0.7708393009423663
6728,0.19432741602483142,0.009960594362546865,0.03908803651170863,0.7064830868982428,0.05014086620267029
6729,0.0984725970037558,0.6670053240864815,0.12968502639729634,0.004077002648455804,0.10076004986401059
6730,0.15285986125342246,0.21639746841915056,0.308544252725013,0.016760673198726955,0.305437744403687
6731,0.2127463521638559,0.02116800662837239,0.11881424614061799,0.3813304976177848,0.26594089744936894
6732,0.12712414966619598,0.003113682430342947,0.07740761642457619,0.6064119203521473,0.18594263112673765
6733,0.35593236673581075,0.009674787529546374,0.0072361877876322275,0.5764148831040798,0.05074177484293091
6734,0.22531066194729307,0.007273410278142933,0.009886452227798964,0.5997325025575878,0.1577969729891772
6735,0.6180961021732699,0.011275701021073151,0.00558276826642803,0.22334663667373303,0.14169879186549583
6736,0.2078895668727556,0.003443881117175169,0.029599575131724135,0.5389603725190635,0.22010660435928175
6737,0.14246726769081544,0.21269227744490798,0.056716178732684905,0.12873646693403704,0.4593878091975547
6738,0.23857773202721255,0.003553815403388216,0.033194761723485414,0.5222429676199659,0.2024307232259479
6739,0.16264146652196806,0.0030851368682689746,0.036417403089662244,0.5660980569110096,0.23175793660909122
6740,0.2938959184912025,0.0065601610645144165,0.029271482396557795,0.5241928986297512,0.14607953941797414
6741,0.21994342431871702,0.005470744493518772,0.013122276022126506,0.6198468490433617,0.14161670612227603
6742,0.9805526331447124,0.0029929308377627363,0.0038833682035109363,0.007720676359090636,0.0048503914549230835
6743,0.43727728245337866,0.0052863195434502625,0.015058511976474263,0.48054672663569664,0.06183115939100015
6744,0.00017814307692204308,0.13893643868228991,0.2086788610863072,0.0022421866562386053,0.6499643704982422
6745,0.1259474112140149,0.0016713760582213934,0.06541472290557723,0.6683847474202455,0.13858174240194102
6746,0.00025888617214499986,0.13644891390985986,0.18644174214540238,0.0013076549834015216,0.6755428027891912
6747,0.038194417335585394,0.020387934753148918,0.05752365441579134,0.5370370316237338,0.3468569618717406
6748,0.2850568457373637,0.004153945610810375,0.022323963767648194,0.6254469169453704,0.06301832793880727
6749,0.2401386844785578,0.0053664357543819,0.036055434828465,0.6423000429884129,0.07613940195018243
6750,0.3714328617787513,0.003347032652525281,0.03295965307926839,0.3533155530596256,0.23894489942982955
6751,0.0032610504733910097,0.03484451640882163,0.6132276631297492,0.01095493112894635,0.33771183885909195
6752,0.9292359310291706,0.008555049779096458,0.013206273765047549,0.012910329813653743,0.036092415613031656
6753,0.5876194637045349,0.004976041027058246,0.010785558803528902,0.37179100362890793,0.02482793283596995
6754,0.7125149769081,0.06047735460096247,0.14213344460022537,0.00859794966212576,0.0762762742285865
6755,0.4727917009996921,0.036038181814141514,0.04133120298909702,0.2247555300064559,0.22508338419061336
6756,0.01994498176272345,0.16038445379435687,0.6445958544365767,0.0013507207897176733,0.17372398921662516
6757,0.0038914358289459387,0.3963375288935551,0.18314392526532772,0.042422933590624656,0.3742041764215465
6758,0.9056575454766499,0.04534403567121471,0.018111583556116632,0.012367126396480245,0.018519708899538544
6759,0.0005432250157983684,0.2927719145249472,0.2588514224436637,0.0013705102979137225,0.44646292771767704
6760,0.6727195165736031,0.009790416964840494,0.00568244706702019,0.2040428092176594,0.1077648101768769
6761,0.3894443509688247,0.036673288637035124,0.09206422873333599,0.328353163194404,0.15346496846640012
6762,0.2579712274745966,0.04461143223921352,0.03556762522126932,0.43203349105569705,0.22981622400922344
6763,0.6067787699382091,0.003836675013071978,0.009221024006352434,0.2940904908465598,0.08607304019580665
6764,0.186068201619473,0.05037146614661784,0.08446253862930904,0.4132519289686377,0.26584586463596244
6765,0.3307714705626451,0.008816444945545435,0.022881108678978395,0.4624182349514367,0.17511274086139442
6766,0.006897125095524525,0.014707940538028628,0.0923740851753032,0.6385830696418852,0.24743777954925847
6767,0.7876477043083824,0.050972374008697634,0.03340593531574167,0.033838182470662705,0.09413580389651569
6768,0.006191011388666345,0.03134209965119267,0.07796879285108581,0.7262552534907271,0.15824284261832808
6769,0.2974967843709293,0.005852135653738714,0.022043345487415194,0.5782543941548923,0.0963533403330245
6770,0.008919683780948639,0.07777833457061492,0.33451132039577935,0.08321212970595278,0.49557853154670434
6771,0.0013136620276604112,0.254219983327884,0.18488415579702996,0.0008183685622973283,0.5587638302851283
6772,0.00461226664828191,0.013895526346668357,0.16537688591789496,0.6803822621709539,0.13573305891620077
6773,0.02368663745964161,0.0429660805876674,0.6946575699899379,0.04466850091115141,0.19402121105160167
6774,0.21797259717364337,0.004038578905002776,0.044557494990924165,0.6043546421967518,0.12907668673367784
6775,0.40889590920166635,0.005445234823504134,0.019507243607753143,0.5164361683826413,0.04971544398443505
6776,0.32934571015959796,0.006436000161910671,0.02072755340262396,0.5698817063416737,0.07360902993419369
6777,0.7997465807414225,0.005287372906021449,0.0021327903079549158,0.13645896089093593,0.05637429515366536
6778,0.27274142887144753,0.012192511064614938,0.01500863446075879,0.4099747809061771,0.2900826446970018
6779,0.963192931490474,0.00901209285609408,0.00749119757832391,0.00843969722448178,0.011864080850626388
6780,0.38801255070207913,0.013086683657277262,0.012140620715780344,0.4554385373846937,0.13132160754016964
6781,0.3396502561581135,0.008267150583441766,0.02265256021189835,0.41745464853662684,0.21197538450991962
6782,0.034495239833856155,0.1654225059373182,0.6564391565874886,0.0034799847894856385,0.14016311285185132
6783,0.012961447943045382,0.03507478813735266,0.12514463866542336,0.42622274022150364,0.40059638503267503
6784,0.8890663327543262,0.016787559969169075,0.026154331242339086,0.009819217172315478,0.058172558861850084
6785,0.3140606349373504,0.008737933800382664,0.016719954975678804,0.5922577017250781,0.0682237745615101
6786,0.0003394659910862312,0.45826449122609914,0.21305554962515444,0.0030737594196709097,0.3252667337379894
6787,0.4226699067418485,0.006079045636214199,0.012187509038673968,0.41170197079786464,0.14736156778539872
6788,0.00032718087075674307,0.6262910245508285,0.11035962812008543,0.0009476012902956369,0.26207456516803357
6789,0.22792864918824668,0.004885900409537728,0.017744534987087338,0.6916840441841831,0.05775687123094526
6790,0.26450790298274895,0.008239189451986493,0.02434227501186914,0.5110671237584794,0.19184350879491602
6791,0.20986924105210294,0.007406293500934007,0.03250817137942696,0.567353444454193,0.18286284961334312
6792,0.2552660081859786,0.00825241319954264,0.02220636186083075,0.5739685692598406,0.14030664749380733
6793,0.2139657629643304,0.03700403882284431,0.08512646418471582,0.38815871785205486,0.2757450161760546
6794,0.000853503035137996,0.1681796277622005,0.35221638653236825,0.001171601605228673,0.4775788810650647
6795,0.007473020909291676,0.44934690366165875,0.46292759421276425,0.005659020023236704,0.07459346119304866
6796,0.7720971212354109,0.02487098924940146,0.011808147727541199,0.020537954973497002,0.1706857868141496
6797,0.9283009237539475,0.010860204481339933,0.010389027718957698,0.012411451182472092,0.03803839286328298
6798,0.6522716703446181,0.06367416920491967,0.0532946286103265,0.13623552731527774,0.09452400452485794
6799,0.44577351306231217,0.023966920914911066,0.006124758454981485,0.491478407876421,0.03265639969137425
6800,0.10257506346398855,0.039273739344506585,0.015991690766171747,0.11007046532695088,0.7320890410983821
6801,0.0009133266132282163,0.352591803025801,0.5611603561752726,0.003345589004741774,0.08198892518095649
6802,0.06107457698108352,0.03436387605517393,0.07328626702538385,0.7416065591595654,0.08966872077879338
6803,0.17421632716248525,0.003404673843733906,0.044434596565829945,0.5449821348793558,0.23296226754859506
6804,0.5196867172555901,0.02633786453376127,0.09596332470240003,0.12312219671517023,0.23488989679307817
6805,0.010829584938699965,0.06091807813275819,0.7208539013013521,0.010424259872544698,0.19697417575464513
6806,0.004178752699085616,0.21242664077368398,0.6645707868889964,0.0038555800939735715,0.11496823954426043
6807,0.11525693693852002,0.010079923473522663,0.022182384631596084,0.6910272348640453,0.16145352009231606
6808,0.7007271963276283,0.24409931328277462,0.02221378043722626,0.007651273889549788,0.025308436062820988
6809,0.01987413240402829,0.03384748918991625,0.025245428110581995,0.436503394103065,0.48452955619240856
6810,0.86980434365533,0.0030367962781961137,0.00228320455928007,0.09877741443196535,0.026098241075228484
6811,0.45979815427348864,0.005711738674414502,0.00888859710132074,0.459772789758959,0.06582872019181712
6812,0.4223475461219912,0.003684877555062483,0.021272645403758682,0.481655585484689,0.07103934543449848
6813,0.8795461364262003,0.022065764009952832,0.02000288522413916,0.014521645499396432,0.06386356884031129
6814,0.04188289525782319,0.043194216815907696,0.5935571900567923,0.003091107138954351,0.3182745907305224
6815,0.01090750834055835,0.02177424137354088,0.16399778199285467,0.605248604514221,0.1980718637788251
6816,0.004598744770445909,0.2160623358807172,0.04212868653811714,0.00396009159462785,0.733250141216092
6817,0.9718124801374786,0.0055397201181317645,0.0060265317676631,0.0067895824267096,0.009831685550017094
6818,0.34772803266296537,0.008215511013229307,0.013250958538927233,0.27840538135816784,0.35240011642671026
6819,0.052417846219708734,0.07490858815334388,0.037190386507632456,0.5399156837405421,0.2955674953787729
6820,0.0006517009021443714,0.3063143812839566,0.5925023543097883,0.0041348925583730095,0.09639667094573776
6821,0.1468653005614707,0.011572155589332996,0.026204859985368336,0.614687086867038,0.2006705969967899
6822,0.4958638881300213,0.01784161012552057,0.07325455580244367,0.35286711248998887,0.060172833452025454
6823,0.3347617296281217,0.009264648647166005,0.008965193049934221,0.4536858980279482,0.19332253064682992
6824,0.0033500184236255805,0.03524465274020577,0.6141034911523007,0.013266618726127395,0.3340352189577405
6825,0.16654057105281742,0.009031151389769688,0.006030151723514175,0.6761060471547584,0.1422920786791403
6826,0.9363340967798043,0.005411783133918237,0.04436263082251106,0.0040388560332673285,0.009852633230499234
6827,0.01573354522228494,0.054353020556955144,0.07805463240206105,0.026279868026283505,0.8255789337924154
6828,0.004579123967222716,0.06071506772100169,0.7617078118521342,0.034977582340672456,0.1380204141189689
6829,0.37117054443766356,0.006104687436489307,0.020485335447342094,0.5140434179603628,0.0881960147181422
6830,0.029374357699698962,0.018156685393373655,0.03969364465758579,0.3719589353462021,0.5408163769031396
6831,0.3894030659064236,0.003087030860779804,0.010604289493471976,0.4040010806370913,0.1929045331022333
6832,0.11949287642936122,0.4647414723015801,0.1867013062990369,0.006874031755094783,0.222190313214927
6833,0.0005016541595992939,0.45472331401826144,0.10653348877387742,0.00021885829868782038,0.438022684749574
6834,0.0029677042667482887,0.2585509425842013,0.21150532411824743,0.0037476844035052932,0.5232283446272976
6835,0.1873874250986688,0.004420794146657199,0.007588085723547658,0.7491189825438603,0.05148471248726598
6836,0.10123635077704218,0.07274276964671071,0.6977413110832744,0.007448184512048589,0.12083138398092416
6837,0.0010576003505013596,0.40369198303855247,0.021323683592652503,0.04372070786236835,0.5302060251559253
6838,0.5703889419172113,0.017186797635358474,0.07432375568775343,0.2433565773286384,0.09474392743103843
6839,0.2780546166208251,0.003999834833541971,0.013388572271027745,0.6067787906373877,0.09777818563721755
6840,0.0056324826309475,0.10216830493486737,0.027426026545517113,0.0776165895700791,0.7871565963185889
6841,0.0003915879679125606,0.2718778777600086,0.24406307852546918,0.003723462265373514,0.47994399348123606
6842,0.0018308822016344151,0.1239148647855652,0.4522950637957442,0.00239005979817112,0.4195691294188852
6843,0.8025801351309361,0.02254426010610426,0.03826092618454331,0.024727588382990575,0.11188709019542566
6844,0.251172863602496,0.10998169365805482,0.19049065113593025,0.35116694394711034,0.09718784765640848
6845,0.2788084131582428,0.023684382243249143,0.08761810461042524,0.5816698055341321,0.02821929445395081
6846,0.023501405732665518,0.010628645053039985,0.15483046514020748,0.6317294378982194,0.17931004617586743
6847,0.47893026092062085,0.2535078586202275,0.10864561330786432,0.1018876456718545,0.05702862147943303
6848,0.8389317958509666,0.01872294405111254,0.10043495642656236,0.011407238160760958,0.030503065510597546
6849,0.32198806784872747,0.007649212523748178,0.02508476054020735,0.4757869688545225,0.16949099023279454
6850,0.0069839696955883036,0.3067838134890985,0.5685908052142468,0.003262004279339981,0.1143794073217265
6851,0.0002759841059270089,0.313988715084494,0.20447781653697483,0.0027013356959721437,0.47855614857663187
6852,0.004056188569134198,0.26216146668909857,0.5056013463463004,0.002888003355358973,0.225292995040108
6853,0.3572635137277961,0.006927409048432079,0.018304175102760493,0.4958658305889616,0.12163907153204984
6854,0.0986543431390814,0.018916504270533454,0.4254095201974951,0.07667137359259288,0.38034825880029693
6855,0.032033953432018446,0.01888821754508638,0.06517024106703753,0.4862426613448981,0.3976649266109596
6856,0.2929729628028969,0.00919864801030449,0.023999835933876293,0.41542761591580124,0.25840093733712116
6857,0.003000480248154742,0.3282003775487341,0.5632698911497273,0.0057912771288073355,0.09973797392457665
6858,0.2579365748924676,0.005012982236137558,0.03057365101687955,0.5659527284315278,0.14052406342298762
6859,0.33044923755652134,0.005154891426526277,0.03118852840077852,0.5092786500822792,0.12392869253389471
6860,0.23697636903111385,0.01118411005688538,0.03298935076477842,0.5273255955515401,0.1915245745956822
6861,0.7307637570360438,0.2137791439328517,0.024905072747854046,0.005232477706079634,0.025319548577170992
6862,0.024938881093701064,0.10866418362168259,0.30344559712307473,0.1440841997893401,0.4188671383722015
6863,0.3920180015836281,0.005383209860141946,0.015065172769958128,0.4612180000371483,0.12631561574912356
6864,0.9140886387984929,0.0176786049741377,0.01406978635856564,0.01015420428701254,0.044008765581791134
6865,0.5002018413634738,0.03080359421065806,0.06485172195083166,0.22786358805079426,0.17627925442424217
6866,0.037430379886862444,0.569713760594894,0.13151862055261487,0.01347662209053136,0.24786061687509725
6867,0.6200529365167979,0.017169359146636948,0.20096877698195822,0.08534854369159675,0.07646038366301011
6868,0.007372849948400591,0.20418173690626865,0.24144877679008334,0.0036727146811184157,0.543323921674129
6869,0.34543437720663167,0.02015426891971163,0.02689299813602271,0.04334514490483556,0.5641732108327985
6870,0.883551104209561,0.009333948766392808,0.004066997695453396,0.0148048459775146,0.08824310335107843
6871,0.0001306656609915622,0.4947903501561716,0.10567400226369932,0.0008489816424779177,0.3985560002766596
6872,0.5737808583422297,0.03846996075015442,0.2472483655662472,0.009729313095867562,0.1307715022455011
6873,0.5958561104885034,0.002308831151244654,0.012848592361363929,0.31177575257749174,0.07721071342139639
6874,0.8254423109224289,0.018684421827262095,0.09624762372779125,0.016918682667925577,0.0427069608545923
6875,0.36533538711342683,0.007484536501467876,0.03998353107497742,0.5171260601305324,0.07007048517959544
6876,0.21081177540824497,0.005404774005423824,0.03482352112990435,0.4820174343071213,0.2669424951493055
6877,0.09369199741492897,0.007105185269169625,0.02817975497624541,0.6966469568935543,0.1743761054461018
6878,0.9828334331568636,0.0018414479659318581,0.0034199532281913116,0.005172146823129072,0.006733018825884065
6879,0.13473359497457446,0.002099551111838289,0.03457546899807543,0.582247577501684,0.24634380741382786
6880,0.0011144318933693225,0.35079449769648596,0.19906881016789946,0.0013203289200566714,0.4477019313221886
6881,0.001474557313650217,0.42358802090981496,0.1973799374122645,0.0011021191954475582,0.37645536516882283
6882,0.9617643139206382,0.005710186773662651,0.0018748974010560982,0.0091045331767324,0.02154606872791087
6883,0.06625425372251466,0.5638931170998797,0.21834298314184475,0.007860165556530137,0.14364948047923093
6884,0.23971948310292213,0.015103730905058819,0.045730304640774745,0.46173514164435464,0.2377113397068898
6885,0.003576728029240835,0.197647596909163,0.1954029869164021,0.0024867624742072685,0.6008859256709868
6886,0.2828783057875855,0.0929179120001962,0.09003804846606138,0.41650278576051014,0.11766294798564687
6887,0.004998138033406681,0.42448239450423303,0.5092102011660185,0.0025731399938725722,0.05873612630246919
6888,0.8355195424717176,0.020661987279594705,0.032577946436127846,0.020006461755733684,0.09123406205682631
6889,0.840779871805639,0.022180825011481043,0.029263493851789182,0.050228237691784014,0.0575475716393069
6890,0.240042356548365,0.004858400457569383,0.03694798896003046,0.6420423942308288,0.07610885980320638
6891,0.00019753476264597073,0.24661807214605877,0.1788245627075771,0.001045743990147728,0.5733140863935704
6892,0.7874744895790976,0.01002006540272049,0.004959498824409128,0.014555186664806218,0.18299075952896637
6893,0.21696455086394445,0.005797833512034846,0.02167967168654085,0.6931160564763316,0.06244188746114832
6894,0.22347201914767761,0.009050686643415972,0.05122865825252931,0.5411237030651379,0.17512493289123915
6895,0.8630792952836199,0.00371535976190459,0.0018627369190262644,0.09861892730471816,0.0327236807307312
6896,0.8792401504755183,0.027060317276690674,0.02486739379781771,0.013507703997201439,0.055324434452771847
6897,0.005713081554974688,0.014441877397040307,0.07671632287466722,0.6132436289154433,0.2898850892578744
6898,0.010896393757513657,0.0045222633872416896,0.08181529959594054,0.5417266496099307,0.3610393936493735
6899,0.37406845920961357,0.011527541523801855,0.019217560143568558,0.4015444166357551,0.19364202248726092
6900,0.45601749137539066,0.003834389715639876,0.012444148428559268,0.5008997063972137,0.026804264083196458
6901,0.7754862069821012,0.10369533160677438,0.04657784081466413,0.01843299839088055,0.05580762220557962
6902,0.990055284625039,0.0015180258934385917,0.0025462202913265133,0.002288875545351622,0.003591593644844114
6903,0.9512848750035573,0.00548918422174822,0.011692880410527795,0.01238348282349561,0.019149577540671075
6904,0.00041992150950895783,0.41904628008916106,0.17318022315747844,0.0008883435912690475,0.4064652316525826
6905,0.18503931711108845,0.008443725811717305,0.008854567796014316,0.7618685189265209,0.03579387035465894
6906,0.005459633063378601,0.012689813934669648,0.0809559498522813,0.6239304487056363,0.27696415444403416
6907,0.03142661238138162,0.22843412134251526,0.32200441471430497,0.10407351657267563,0.3140613349891226
6908,0.452824129153075,0.006366858417152012,0.015612775825897339,0.3443326645224995,0.18086357208137618
6909,0.6131947009615536,0.0038689261984861173,0.0051120287738622245,0.1710549089643375,0.20676943510176043
6910,0.3151247564100249,0.01190000555726215,0.02808887026152323,0.3455632161124718,0.29932315165871787
6911,0.3807471499130358,0.0037796945694669455,0.019447075065403895,0.45692599985800586,0.1391000805940874
6912,8.004148997280838e-05,0.1489674602707524,0.16911744491518999,0.0009088025541236028,0.6809262507699612
6913,0.9257184506036613,0.03397949460941438,0.01384349023525239,0.01154113677451666,0.014917427777155528
6914,0.049873671306696454,0.0205544235141938,0.03506823324102986,0.02523445340899039,0.8692692185290894
6915,0.29328183833762,0.3580740765218777,0.20604421795669428,0.007437909124435981,0.13516195805937195
6916,0.3135587572500538,0.0036984805567374,0.026495568175804687,0.44253914558225865,0.21370804843514551
6917,0.9870661008074848,0.002992306252663045,0.0026854697393201405,0.0030868069304518585,0.004169316270080188
6918,0.2642811943382064,0.003890387597398751,0.043498329941030166,0.49548402751609816,0.1928460606072665
6919,0.7146983793250302,0.007948357583835747,0.0035781471266940305,0.15992485758372593,0.11385025838071403
6920,0.06491757094234235,0.5277582888460565,0.2325746217371479,0.005425827903652064,0.16932369057080124
6921,0.03254715835530765,0.032561336384797676,0.18248365433058378,0.06574410823452342,0.6866637426947874
6922,0.12457406952729433,0.36226612418690607,0.36832197027719643,0.03438241141328799,0.11045542459531521
6923,0.5216843822669855,0.007101681100029952,0.011357655352908102,0.4074512652237296,0.05240501605634684
6924,0.03425263362670027,0.537377403909984,0.36727430350253387,0.001502158757998556,0.05959350020278322
6925,0.5599691892422555,0.14944198132168005,0.09249735229360442,0.1306102074498374,0.06748126969262258
6926,0.6926431179022451,0.008181437672388289,0.003338521455550041,0.2113830940058175,0.08445382896399903
6927,0.002469281961088191,0.06743664858660785,0.8166831284099709,0.01218357998926521,0.10122736105306783
6928,0.5509160141045859,0.004244920252648932,0.004004145642289163,0.17830193203024453,0.26253298797023134
6929,0.27517242309649953,0.011558613462762986,0.0272936994047891,0.47600705077487476,0.20996821326107373
6930,0.3733332253255327,0.011655638556548038,0.010438568995716813,0.3545031756408892,0.25006939148131324
6931,0.9257542419168713,0.005584558998626143,0.009296318762174398,0.03637195345281052,0.022992926869517656
6932,0.20127659926237462,0.005377528796580563,0.024907283510094032,0.6736036363324096,0.0948349520985411
6933,0.026275616899491712,0.034974248697983656,0.16402359877834602,0.1720281402599259,0.6026983953642527
6934,0.4035565868913127,0.008150620136571892,0.00963205419800608,0.2990737899689806,0.27958694880512885
6935,0.21630872665794826,0.02992817708836554,0.1281809986564313,0.1091337376720637,0.5164483599251911
6936,0.9741745043605889,0.005918191227869854,0.004919427762475513,0.008918368943976499,0.006069507705089306
6937,0.604376417851566,0.006680965819920213,0.007674702735549272,0.3496807347678291,0.03158717882513521
6938,0.6551952179698141,0.0479993810892412,0.08380883269785268,0.10516904737712215,0.10782752086597017
6939,0.22340641301281455,0.29400193106385814,0.03358361773405729,0.02504747759044512,0.42396056059882486
6940,0.022637636420909754,0.026692308207296223,0.05720844993963348,0.3237737416503512,0.5696878637818094
6941,0.31064229090139234,0.007955846512004231,0.005521728427220638,0.6201797315575698,0.055700402601813095
6942,0.9330615879461389,0.005536216645722217,0.009895406334926115,0.02741481253074606,0.024091976542466538
6943,0.9867579247291256,0.0023069637301596294,0.0027488033761755553,0.004191779023627242,0.003994529140911921
6944,0.00035894508107530917,0.31841449081776185,0.22616414560168932,0.003098341953793554,0.4519640765456799
6945,0.5157648752838317,0.22345708856651264,0.19876166992423208,0.0030639901791758325,0.05895237604624776
6946,0.4525010529158348,0.005146723730635589,0.01579991958350907,0.3231485482583583,0.20340375551166226
6947,0.1558617198215421,0.42415228793675086,0.2205165237162507,0.00683521152905105,0.1926342569964053
6948,0.1102233750611511,0.0397394333468005,0.03729640011402137,0.38235682344294,0.4303839680350871
6949,0.9153920979686663,0.02429414324558428,0.018340657353367377,0.013415288418603191,0.028557813013778785
6950,0.3107802838304234,0.004324752107396936,0.029384851549146402,0.616512268539915,0.03899784397311823
6951,0.10366419272909716,0.23906642027674072,0.26974948064763954,0.009085896799163419,0.3784340095473593
6952,0.6380666965483963,0.06507111694167227,0.045961645898604596,0.13385293190473244,0.11704760870659436
6953,0.7457987629822739,0.06580276036706806,0.051378676618707056,0.025377988670685206,0.11164181136126564
6954,0.21677997101845226,0.05301336871061098,0.0944980041288808,0.4704096299273203,0.16529902621473563
6955,0.34205714450226066,0.006881477721497658,0.007189796454885851,0.32944525643801825,0.3144263248833376
6956,0.00022379717395406917,0.16907501779739775,0.16503426303579316,0.0012292888116938376,0.6644376331811612
6957,0.8353821333035683,0.0183484888485181,0.02059637161296666,0.01983975654765605,0.10583324968729096
6958,0.20314367639175906,0.008020133679180547,0.030510831067590508,0.5482197186621228,0.21010564019934702
6959,0.41627793173047234,0.05294154337591079,0.10801504484047997,0.16446107473645685,0.25830440531668014
6960,0.3198960314099804,0.004821784881133218,0.014669126539143549,0.5861963633471272,0.07441669382261563
6961,0.293538626938512,0.009208673799922894,0.02625773957995305,0.027497757329419475,0.6434972023521925
6962,0.038893005517577676,0.20636916807802114,0.6033610188931746,0.0029926079357039917,0.14838419957552257
6963,0.09111313716528777,0.07189928768106073,0.0585847884121419,0.03763180981065202,0.7407709769308577
6964,0.3024228817765175,0.005678436083588353,0.02591640595197167,0.6205315117960712,0.04545076439185125
6965,0.007540001805071513,0.5093446532652381,0.13114971025536798,0.00563093233544192,0.3463347023388804
6966,0.42641797519866137,0.00754288736488328,0.016557879444006423,0.3712572630593382,0.17822399493311072
6967,0.3592699160070985,0.008614966355655033,0.031433653156634725,0.4223513514406451,0.17833011303996663
6968,0.9674839823738016,0.006489479887988239,0.005799537024067439,0.010018789250868389,0.010208211463274285
6969,0.00010373808316724115,0.9443953693010106,0.01838049371978619,4.867122172854849e-05,0.03707172767430738
6970,0.3617167567854408,0.03203178608443349,0.037436630571565266,0.03951898617144487,0.5292958403871155
6971,0.3319730795629681,0.005806952942275308,0.008067894068506925,0.578249144101272,0.07590292932497765
6972,0.12580954020062973,0.0063502882571692,0.02828580456317971,0.6776940717615129,0.16186029521750855
6973,0.00840869677163137,0.37464961609062664,0.0557917623780698,0.10526266739932272,0.4558872573603494
6974,0.35272865655229824,0.006000462611896264,0.02653106512377159,0.5776944420172777,0.03704537369475609
6975,0.01072180822617589,0.04299267069312822,0.7529570478165437,0.03413173361190999,0.15919673965224204
6976,0.3414431325524782,0.0067052648862072186,0.021611905703216354,0.4694394746093486,0.1608002222487497
6977,0.7526591523771003,0.004913968074060031,0.0042388855545366965,0.17332661120801127,0.06486138278629167
6978,0.3402623813545261,0.020386920939589933,0.36465593201990715,0.1434022856471897,0.13129248003878716
6979,0.2507540446826183,0.0366593612716238,0.07753503590145436,0.3525690902506759,0.2824824678936277
6980,0.334243751284289,0.004485000390987154,0.01410787339895456,0.5964400603527162,0.05072331457305293
6981,0.3151910226930403,0.005105231165216036,0.022946017459238636,0.5783781611887676,0.07837956749373737
6982,0.4027224482113147,0.006099146144529982,0.019592540163780377,0.40630325206085977,0.16528261341951528
6983,0.4040842077500346,0.02048045533471239,0.09955348020067255,0.0987841890403323,0.3770976676742482
6984,0.394783101210569,0.00793601193130007,0.022440139264286715,0.4817042591122697,0.09313648848157433
6985,0.581910756491396,0.018125417097085175,0.10676015891831246,0.2723841567522691,0.020819510740937245
6986,0.19566145908661753,0.005521874854762409,0.019754127779942014,0.7062731073094556,0.07278943096922251
6987,0.6154298038053275,0.008385139081263773,0.007766631487449194,0.23183781369375953,0.1365806119322
6988,0.9711457190921892,0.004799371850684515,0.004274830122588577,0.011208509448162051,0.008571569486375859
6989,0.45472399727442453,0.04071383203640115,0.09434819531296068,0.13404182920963967,0.27617214616657404
6990,0.3910292714884009,0.020576432956596374,0.0750335145051777,0.07218977497810479,0.44117100607172033
6991,0.20098183453355772,0.03350760659480265,0.08098973323380886,0.36827836904829897,0.3162424565895319
6992,0.2838025814587548,0.006841043682370417,0.033641875431624425,0.6372742832950415,0.03844021613220896
6993,0.450668655549961,0.010230318065856387,0.01967020014047108,0.34264367505032556,0.17678715119338595
6994,0.4922916093600889,0.004747072085688411,0.01465700642342761,0.41714242607832025,0.07116188605247481
6995,0.004951693565375675,0.009233291392030657,0.17607336709180094,0.5221809948754578,0.28756065307533496
6996,0.3630440753770509,0.045786316855557584,0.13598004993935764,0.2826209866762629,0.1725685711517711
6997,0.012232893476338179,0.09887545429483577,0.1105763278778842,0.046300910383621864,0.73201441396732
6998,0.04134427180562691,0.05869582101463182,0.03772211407462787,0.030278342078740767,0.8319594510263727
6999,0.22330630331740797,0.01133864634867017,0.02444121564688314,0.6828172214871141,0.058096613199924665
7000,0.5851678603677355,0.04796084097741507,0.05895478344109836,0.152101290227236,0.15581522498651523
7001,0.3979863237190939,0.008977392001988072,0.010071015164975777,0.33685274108823776,0.24611252802570427
7002,0.8788112810534153,0.014513438689726037,0.005714960450533564,0.014590069511626638,0.08637025029469861
7003,0.17887669731625908,0.002678542441350815,0.023874477621692685,0.663291304639523,0.1312789779811744
7004,0.016273129124147103,0.0447795953498243,0.679985045662997,0.02479233921610082,0.23416989064693083
7005,0.375162178564513,0.00501070263358465,0.009068271262155066,0.3889022704914441,0.22185657704830325
7006,0.042661641479959066,0.10610079652110053,0.05888170695144526,0.039988998688998204,0.752366856358497
7007,0.00029662749806941236,0.21869756031871881,0.16536497019655128,0.001084090924811521,0.614556751061849
7008,0.2957987582586056,0.035774018951765615,0.10354208430442784,0.24925591957451879,0.3156292189106822
7009,0.4834600950626669,0.005347350999830167,0.005651791160123618,0.46528665987624224,0.04025410290113691
7010,0.7653879201369588,0.01339222002210387,0.02248701698522021,0.13151636700640357,0.06721647584931364
7011,0.8990837925298437,0.01323321075767437,0.01635619217344172,0.017845396508450493,0.053481408030589796
7012,0.07984183902101843,0.3479556762206539,0.24046136467372317,0.009180846326308004,0.32256027375829655
7013,0.8805488413732442,0.026893008129075954,0.0068520813975207805,0.020473009525322695,0.06523305957483637
7014,0.9550224174829208,0.008404427754927004,0.00796746772209364,0.014353119649586275,0.014252567390472365
7015,0.21204016965312483,0.006357605884667238,0.0091793586004869,0.7414805933403283,0.030942272521392648
7016,0.016645513326060533,0.015533889981165856,0.274550465171696,0.10667145184275,0.5865986796783276
7017,0.4997369930994101,0.020661028364092424,0.05272735677682134,0.21336384492406477,0.21351077683561143
7018,0.9598449150306197,0.007487881966317444,0.007397303161825368,0.012135530062983875,0.013134369778253652
7019,0.06923637483923673,0.03042863662431126,0.5103082889747803,0.11525700654657628,0.2747696930150954
7020,0.021262921186688724,0.5370750891600372,0.3801018844183617,0.0006314136004155193,0.0609286916344969
7021,0.4592042512325966,0.06276659474190378,0.08191125385510033,0.2381912100782956,0.1579266900921036
7022,0.008010345249892208,0.03313035135253871,0.1265755374865034,0.46414183957866084,0.36814192633240495
7023,0.12590337159513293,0.17131778585903765,0.22196518605306956,0.024575084388426635,0.4562385721043332
7024,0.005746886327599807,0.18329609596010102,0.7342547171146376,0.0025645799461901887,0.07413772065147144
7025,0.013183441850987304,0.08343997159108373,0.27555576686270417,0.13593595809357148,0.49188486160165334
7026,0.15095543117213678,0.006541487378200022,0.03129319526337944,0.5875592187148816,0.22365066747140228
7027,8.310935230752211e-05,0.6415689385076948,0.02713721252711429,0.00015288157536395592,0.3310578580375194
7028,0.8760103643897819,0.018737035025794335,0.001807371603811693,0.01987152596120965,0.08357370301940249
7029,0.12792396319901406,0.00492849037902499,0.04996812188816756,0.6445125770852324,0.1726668474485611
7030,0.0021676587323634,0.6972209378781427,0.012372691872493038,0.00988228271641317,0.27835642880058753
7031,0.4078033572855509,0.005654791014404123,0.007326534218484925,0.5065681853882265,0.07264713209333357
7032,0.5169907764313739,0.03201069450185983,0.01803114304772986,0.0312833088338466,0.40168407718518984
7033,0.00913638941850975,0.018897687578590682,0.52545180315118,0.01073760871955656,0.435776511132163
7034,0.9784733325905968,0.0031885528527016006,0.004921461611932031,0.006786859360261113,0.006629793584508438
7035,0.41657528494689544,0.008344733582401063,0.0025715604030085676,0.3483986373653274,0.2241097837023674
7036,0.011950490184088617,0.05992438060684261,0.19017807590656768,0.07385388966584187,0.6640931636366592
7037,0.4535645994284505,0.006171294225431778,0.0113430120667523,0.3916214806084821,0.1372996136708833
7038,0.3246916914066109,0.005570205869061907,0.03173005337880108,0.432122949923491,0.20588509942203512
7039,0.8446177215104987,0.009548882872786487,0.08645112825193368,0.009572057343389605,0.04981021002139135
7040,0.1713492487568473,0.3669895406060263,0.34197369224474067,0.04113719379864995,0.07855032459373576
7041,0.009352408668818172,0.01000858483948628,0.1322844136419119,0.5668923655436785,0.2814622273061051
7042,0.18955617961332216,0.008803948583787939,0.03745053913798307,0.6223575482115647,0.14183178445334213
7043,0.686259796802442,0.022401230982995908,0.04155127615498964,0.08513164723926442,0.1646560488203081
7044,0.9255275328724784,0.024074828250998298,0.015228740130585774,0.009805543776358264,0.025363354969579498
7045,0.5113024980382849,0.0572533538512732,0.06776061487935371,0.22416962007487598,0.1395139131562122
7046,0.7497821926796971,0.00540784816294802,0.002978926438550926,0.14830181066514203,0.09352922205366183
7047,0.3238117166341703,0.005802241615425023,0.032363950980131534,0.4357151692113503,0.20230692155892288
7048,0.5191931320424023,0.1250263515046244,0.08133146377763435,0.13402369977654072,0.14042535289879826
7049,0.6284870224045924,0.009124323320305031,0.00700821722092787,0.25673323055381264,0.09864720650036192
7050,0.00025242552846461904,0.15908604432186138,0.18851278323344592,0.001336914820206803,0.6508118320960212
7051,0.09051102129790356,0.10403293538657224,0.3832859984500313,0.04214435958268138,0.38002568528281144
7052,0.0006342804081461601,0.2797506806086317,0.2233821029103474,0.0012772468998025433,0.49495568917307203
7053,0.7157223783765158,0.020833163443062765,0.012173091285910206,0.043223435469526394,0.20804793142498498
7054,0.21021495973313054,0.007306626859411811,0.008094962301558623,0.7328530603212218,0.04153039078467728
7055,0.08207457700509699,0.0021904925090429402,0.02749738463450143,0.7546840490252056,0.133553496826153
7056,0.1560481390502753,0.38673334883641947,0.23243173959767996,0.015089237182243241,0.20969753533338198
7057,0.01775877413032204,0.40959037477064425,0.4842545356905027,0.0008317857299266104,0.08756452967860431
7058,0.15954271651959037,0.004697735193654736,0.04073820600593918,0.6239992606538793,0.17102208162693627
7059,0.013664185451061338,0.021892951895387123,0.10772509259773788,0.7148098368156796,0.14190793324013398
7060,0.02052306601108148,0.008713269725607783,0.04205716256809218,0.18599730841430348,0.7427091932809151
7061,0.004624661417155459,0.34058423712808994,0.5279078076052381,0.006799282152332714,0.12008401169718376
7062,0.9615450930639866,0.007248504908763551,0.008571798359553209,0.013021545842018437,0.009613057825678239
7063,0.20275586131973064,0.00452935261048203,0.02313173394013001,0.5618949055788642,0.20768814655079307
7064,6.233226838015875e-05,0.19655695591705533,0.16003431154341455,0.0011090569122731667,0.6422373433588768
7065,0.20626295562532276,0.0032309242023181592,0.030178764755294085,0.5436125411194953,0.21671481429756972
7066,0.8649566653111725,0.04882528143104213,0.020665294287657433,0.014757826727205423,0.050794932242922475
7067,0.7193491358380146,0.030277638166661836,0.01481306644824356,0.05492577497794185,0.180634384569138
7068,0.3668517561423102,0.010478631225604986,0.01813556219379244,0.48267886801344784,0.12185518242484453
7069,0.33471253796281797,0.01243259193308925,0.024264163502860994,0.5081633766222197,0.12042732997901222
7070,0.8460806092927928,0.09719675270803285,0.02316826056988908,0.005014674199816131,0.028539703229469228
7071,0.22126594020986104,0.006018385544862842,0.03442005203527567,0.4682184687212916,0.270077153488709
7072,0.3693752820501633,0.005440185483380019,0.01698873110222633,0.39557619240788744,0.21261960895634296
7073,0.0006012364782557878,0.04661809896937081,0.6290919972095205,0.02205325191704559,0.30163541542580746
7074,0.2799229586150243,0.0030820389825983886,0.014493171709094895,0.43392103757897144,0.26858079311431093
7075,0.024515051664297835,0.013483680698623676,0.07628325777503682,0.46565818153485306,0.4200598283271885
7076,0.7540114941106065,0.005460032047581561,0.004486607988612031,0.11398810571910778,0.12205376013409218
7077,0.5152279511326886,0.08962130170530878,0.2945566150216456,0.008623301694525408,0.09197083044583161
7078,0.44306321795710035,0.003862015210182951,0.006915362250710477,0.4033960545165623,0.14276335006544397
7079,0.002324289627635775,0.20380258778186344,0.20092683145044987,0.0022043909000714766,0.5907419002399795
7080,0.47933409403644717,0.009389251825794453,0.059305143646152206,0.255402394416086,0.19656911607552013
7081,0.5848080855419283,0.02793306455605191,0.04883692312297956,0.17365538314811244,0.16476654363092771
7082,0.5273023506736776,0.028867603179789186,0.03345528361438849,0.09246738591558072,0.3179073766165641
7083,0.4106999600015547,0.02816872038347218,0.19560252331506967,0.13860836416878952,0.22692043213111393
7084,0.15316152257236745,0.005955972525794456,0.031750519974522544,0.6570474795617917,0.1520845053655238
7085,0.9790130975654857,0.004044758371356914,0.0036607420504489647,0.006195823053333851,0.0070855789593742575
7086,0.9780021903548184,0.004220610665902761,0.0030784970231559038,0.0046678914291219085,0.010030810527001366
7087,0.33369110340746483,0.09579566473039429,0.0399609006800085,0.06726457622860972,0.46328775495352253
7088,0.32739777914489127,0.009222607208401913,0.02040768597978527,0.4011062282684293,0.24186569939849223
7089,0.906475400204611,0.01630718796484608,0.0058568261420361,0.020806536586697233,0.0505540491018097
7090,0.5293729982771874,0.00542481375075142,0.0067365071084975105,0.38222927425287834,0.07623640661068527
7091,0.20390412858906515,0.0849269075668403,0.13340732533666544,0.4516880439027591,0.12607359460467
7092,0.933401919924211,0.017105485639270952,0.011877735625412932,0.007451973683607655,0.030162885127497662
7093,0.007276783146541347,0.02198754166880332,0.1419314052572484,0.5116408220826574,0.31716344784474954
7094,0.11017695228198815,0.0028776187304219813,0.028864887352569153,0.7275037851018039,0.13057675653321668
7095,0.06066280780121088,0.03837621961185329,0.0464042095540969,0.03371755443716557,0.8208392085956733
7096,0.00013721038231878673,0.08854164498289442,0.18800537180527588,0.001636112674252932,0.721679660155258
7097,0.6811803501356175,0.07034810936178701,0.04576277958624689,0.05545785160487441,0.14725090931147425
7098,0.9687033809713551,0.006337121853315586,0.006441025298376675,0.007256557147927908,0.011261914729024903
7099,0.003609227224846844,0.4864749470561027,0.4384182467705727,0.0008753493171324993,0.07062222963134523
7100,0.0044003407244501145,0.013672113876670949,0.11393993273974523,0.5567464760511643,0.31124113660796937
7101,0.15867650178661707,0.0074379724632064005,0.03714580549934823,0.640764529419582,0.15597519083124634
7102,0.0008827631551917406,0.5364016884421281,0.14942872916515162,0.000682472249670173,0.3126043469878585
7103,0.5390796289223372,0.026129451869162806,0.05706628446599365,0.18216738493293275,0.1955572498095735
7104,0.00014324625159027173,0.763597400373998,0.07916891345379279,0.0003933247616356261,0.15669711515898338
7105,0.07547714950664298,0.09900744954066845,0.03640994855178551,0.03618253020591812,0.7529229221949849
7106,0.8851619881029708,0.00915128106092493,0.020374140452843227,0.032399482748161734,0.05291310763509948
7107,0.6778785446906966,0.004490853009609697,0.0015675983495496465,0.27450060700713796,0.04156239694300614
7108,0.012186255203593357,0.02132732691583726,0.04274762522971514,0.6164064896218623,0.307332303028992
7109,0.000501143997844794,0.09732949939393301,0.17611523277894361,0.0008218851374859117,0.7252322386917927
7110,0.12726856844951012,0.008888046390829605,0.04822088911515039,0.5866307113148634,0.22899178472964654
7111,0.1615403157861229,0.003257780404825242,0.04274235090852918,0.6168832146748746,0.17557633822564808
7112,0.0009617838870599476,0.16631298657931626,0.1488563473170909,0.0009237639328277325,0.6829451182837051
7113,0.4960984217659719,0.010308936735368417,0.012719351798742635,0.3510080782335255,0.1298652114663915
7114,0.011708031796202509,0.04092060911229847,0.1134834090036546,0.4439212626833068,0.3899666874045377
7115,0.28387931717696474,0.027042754721740878,0.08892620794380889,0.24607488772576366,0.35407683243172183
7116,0.18509371961138102,0.004364663159665241,0.07631402987102007,0.6657838782601793,0.0684437090977544
7117,0.47134546534376787,0.02227460740885208,0.04122357321657704,0.35561370346837246,0.10954265056243051
7118,0.014475318760124369,0.05467972382589054,0.06937270323609021,0.020913295099775176,0.8405589590781197
7119,0.31220815132769175,0.004338973504836295,0.02590422070906228,0.5571615570681725,0.10038709739023714
7120,0.6867580598289629,0.012877056525860025,0.03051917931994735,0.23835805021627007,0.03148765410895966
7121,0.24195504998534634,0.009507640213498546,0.023155172974921787,0.5454043310790195,0.1799778057472137
7122,0.5678146834395448,0.005861665015078862,0.005917582967835095,0.3081218049842558,0.11228426359328529
7123,0.6424743167025637,0.00457180548416726,0.002797592592853516,0.3231968396521752,0.02695944556824029
7124,0.015362288229769566,0.14060824938238553,0.4917512798373525,0.027272833059178152,0.3250053494913143
7125,0.35329547394251026,0.012874482533888093,0.02716190585526333,0.030330058331398145,0.5763380793369401
7126,0.9066506619307568,0.0728793786118658,0.007688424733174742,0.0021346896835239596,0.010646845040678546
7127,0.2892374640666101,0.0055651889464469325,0.0294488921309604,0.5116838086750514,0.1640646461809311
7128,0.0004969933169248242,0.17647755632623732,0.2692797327698746,0.0037353796253027497,0.5500103379616604
7129,0.3445509574559108,0.009988850663992762,0.039064931209788455,0.5083198374081206,0.0980754232621874
7130,0.00992471936571034,0.07679059082747604,0.5854255932733801,0.023070069317780474,0.30478902721565315
7131,0.0014399021575494987,0.2777971683781331,0.6297190912412597,0.0036533841704818526,0.08739045405257581
7132,0.3315840698603223,0.005156582672985216,0.033425018452918794,0.3963529074582751,0.2334814215554985
7133,0.7483840964277193,0.03159817982272983,0.1293385187917553,0.005832661948855269,0.0848465430089402
7134,0.290102624099984,0.08765519361528193,0.17680627951470473,0.3085433032509453,0.13689259951908392
7135,0.40624128393574516,0.028371452760219937,0.21529402482532817,0.16688814136329225,0.1832050971154146
7136,0.3992036834868266,0.07431764681132029,0.2955073646434373,0.016889853068920525,0.21408145198949532
7137,0.8579398839146517,0.026384988909507457,0.032830941275514815,0.01731513998852491,0.06552904591180111
7138,0.36755935713849885,0.007522807974100107,0.009843540352467893,0.45694515418874376,0.15812914034618933
7139,0.036164916760089136,0.09997397825728745,0.05626763955202108,0.05484976548660939,0.7527436999439929
7140,0.0012080054639308608,0.40745371390019725,0.22402639298347504,0.0013758888996705649,0.3659359987527262
7141,0.00040872577334948815,0.19725510427668974,0.263295077433672,0.0019490290186625146,0.5370920634976263
7142,0.32024659956607426,0.007393938975367307,0.023359184561627614,0.6055854082073169,0.04341486868961402
7143,0.9676296680074219,0.00644846506413991,0.005519751990772799,0.00797706756201269,0.012425047375652736
7144,0.007298365899777302,0.011880198067057327,0.1025404234683936,0.509521855997537,0.36875915656723485
7145,0.8211798026182725,0.07764460722049765,0.04050194875043962,0.013264649384817195,0.04740899202597321
7146,0.9299491693806369,0.018864754021389082,0.01252110184299202,0.009939386125104858,0.02872558862987719
7147,0.7962962371629104,0.006246438099224694,0.003898526704267314,0.10409941818066099,0.08945937985293659
7148,0.3723327980773384,0.0035609154934249532,0.015470117107884603,0.3748508727050688,0.2337852966162834
7149,0.8383144248772945,0.005224865317010111,0.008585365394372248,0.024950665774335794,0.1229246786369872
7150,0.8367814522067506,0.004378069375942077,0.00197473917898163,0.08507398787711486,0.07179175136121092
7151,0.008403178344954949,0.025916472738666745,0.05508436993123901,0.7263550391129582,0.18424093987218126
7152,0.05068411172332088,0.12902638782085674,0.08271799569262138,0.08025549833125913,0.6573160064319419
7153,0.3206050372922807,0.002319177608937444,0.027307955302923213,0.4120815533365778,0.23768627645928087
7154,0.1676596390260768,0.0041912213256746576,0.04706785592620933,0.5554811690062103,0.22560011471582894
7155,0.048661841192288585,0.07742450630175736,0.07404772988944446,0.027214922144778886,0.7726510004717309
7156,0.30881934444924475,0.04418168954203413,0.12218253806089271,0.41899328071035574,0.1058231472374727
7157,0.0007402406995742422,0.41209887732676515,0.49184965843374095,0.003689668136697545,0.09162155540322202
7158,0.2653785068411235,0.027690498552277704,0.09996881138522966,0.37197047997260774,0.2349917032487613
7159,0.5838803282680944,0.007096023823721442,0.007380829088967848,0.19052796944177589,0.21111484937744054
7160,0.18750366255662648,0.002289163962331662,0.050639087356562994,0.585467389367238,0.17410069675724082
7161,0.022435386207099155,0.032491636030547055,0.039963391257328805,0.43271242446076486,0.47239716204426024
7162,0.7666872875912474,0.01352427689511403,0.03608425356505225,0.04845975576214203,0.13524442618644447
7163,0.00779414541710578,0.025680548139435926,0.3279589140715569,0.0771456886411688,0.5614207037307325
7164,0.004229104262446818,0.4157859154848976,0.5075910212027681,0.004857639367232177,0.06753631968265529
7165,0.7890288871835365,0.007282170024028482,0.002633826534441202,0.14518957573869812,0.055865540519295945
7166,0.1988620322068381,0.005197453578246097,0.01600046394271123,0.662893130956967,0.11704691931523761
7167,0.013474691722097153,0.007919559451652017,0.11655913061559886,0.7389856349509638,0.12306098325968816
7168,0.5991867582471609,0.007823794334547362,0.012669982301927457,0.31253909693070264,0.06778036818566167
7169,0.0005633587390464777,0.3166224321857307,0.597001572668776,0.0034790756925691603,0.08233356071387765
7170,0.016535155839981806,0.010301175801721504,0.08987715923232074,0.4899361878958081,0.39335032123016783
7171,0.39540946182754105,0.0050935998431733765,0.006778388328283241,0.5077749227229286,0.08494362727807364
7172,0.008957163989590355,0.06354516320823868,0.3624046706402955,0.06971457702665255,0.49537842513522296
7173,0.22997769002851046,0.004757414822255874,0.02846257446245471,0.5744371512005337,0.16236516948624524
7174,0.06293805819594189,0.09606030879137092,0.03185792103026382,0.02273704146098602,0.7864066705214373
7175,0.5967838124060547,0.005258547999144835,0.005872726390139468,0.13520732827165552,0.2568775849330054
7176,0.9527218194434861,0.006529936469961746,0.007136372342082219,0.016595732998501457,0.017016138745968388
7177,0.3517975328423235,0.06433235396992662,0.08991857156554903,0.21631960914015927,0.27763193248204154
7178,0.00015271547026980302,0.18037333181098225,0.18317987748318298,0.002337891897682455,0.6339561833378825
7179,0.312309864168629,0.00659587430988661,0.011043653813462645,0.5389229592880977,0.1311276484199239
7180,0.0016076615427667836,0.14595196595460097,0.02419416933196448,0.2591311515599323,0.5691150516107354
7181,0.19860326551851468,0.004736180517639304,0.03168370892000809,0.6729417673802544,0.09203507766358356
7182,0.12104256225522543,0.407354689734553,0.22585890754459054,0.008070303487802957,0.23767353697782806
7183,0.5494056948214744,0.01976400599112143,0.049478748936951616,0.2377619832343954,0.14358956701605718
7184,0.7484989808567597,0.016424872013278614,0.12627632403734418,0.03165436177265031,0.07714546131996722
7185,0.38564727279889005,0.17731832736597686,0.11436866867736191,0.048101101346656336,0.27456462981111496
7186,0.8460680151410939,0.0066215934679105986,0.0018100266654599718,0.11503923174306017,0.030461132982475336
7187,0.5968492567765723,0.04807306075382276,0.08413348677850527,0.10307098600074863,0.16787320969035097
7188,0.3541642789470568,0.0016955679339985734,0.012631430656369947,0.5237006025474249,0.10780811991514977
7189,0.24694336131853714,0.037062748640893144,0.06519915816523518,0.3854277536639162,0.2653669782114183
7190,0.26241606432027387,0.009908091960541335,0.032739711060025316,0.5220470459286497,0.17288908673050984
7191,0.1866886370352356,0.0028338540181612054,0.020390496359250908,0.759892122649896,0.030194889937456275
7192,0.14595958657590918,0.008350119074120109,0.03185417085028216,0.6839595515527325,0.1298765719469562
7193,0.769453295636606,0.13284306877317997,0.03807033193158822,0.013556231759331459,0.04607707189929418
7194,0.9817405297595492,0.003396186776785358,0.003937212379847502,0.006298193842020908,0.0046278772417970345
7195,0.03095530269905952,0.10520120103777396,0.32609701848593275,0.16758707892550706,0.3701593988517267
7196,0.3143484185793336,0.004217818419487557,0.025413618853779775,0.4605020302111657,0.19551811393623333
7197,0.8782109307540732,0.012770387978180529,0.0073705326283233785,0.018577153292512916,0.08307099534691006
7198,0.9722137451305601,0.0028627032259689405,0.0056583113667804524,0.008229158027198867,0.01103608224949193
7199,0.5993780170598078,0.0057842225198661895,0.00655682507159133,0.2520103186553107,0.13627061669342402
7200,0.5649680976131327,0.01111180097804378,0.013950213362555414,0.0178547959149065,0.3921150921313616
7201,0.2175925296342056,0.002296529528282145,0.03323012866491584,0.69268097372765,0.0541998384449465
7202,0.07010228156082245,0.051082634143181,0.03984198999762398,0.23665004553388136,0.6023230487644913
7203,0.07715625360185048,0.42975020409753595,0.19708777012031187,0.023824796762122336,0.27218097541817926
7204,0.21625168931946157,0.00922268079551371,0.01421109304013061,0.5624844811685649,0.1978300556763292
7205,0.7150665935686193,0.22921710125432335,0.02336662747817801,0.006608648125463222,0.025741029573416018
7206,0.7022938297311666,0.0047179639230608425,0.003259625038342988,0.2186049050498232,0.07112367625760649
7207,0.4193544407268363,0.005470774427335075,0.017308184889347353,0.5123481729701865,0.0455184269862947
7208,0.9889966856311804,0.001975006898943358,0.0032631951872967965,0.002476843638964803,0.0032882686436147804
7209,0.4288438912060757,0.006129354995951084,0.013334530163028527,0.4787486646898359,0.07294355894510882
7210,0.9304525586224579,0.012938120448637907,0.011920710522038507,0.012056642010462922,0.03263196839640289
7211,0.08766059469454948,0.18848272538617802,0.04457549167888179,0.03575766867824582,0.6435235195621448
7212,0.008264555353960184,0.004990305661344946,0.12227702170780941,0.596916084804367,0.26755203247251863
7213,0.5742028588632468,0.039745567497998104,0.01837075881155706,0.03385465036102,0.33382616446617797
7214,0.021433267549580477,0.05425184594599718,0.3244914463176618,0.13117742684740236,0.4686460133393581
7215,0.0032235532468425556,0.58244539168876,0.026564925278609732,0.0008219299656977715,0.38694419982008993
7216,0.0036223101958381253,0.02569431738045786,0.8079329144530926,0.01757162109067292,0.1451788368799385
7217,0.9423923711680381,0.016458766905558638,0.00580083662519784,0.01661009677012895,0.018737928531076378
7218,0.0011181972581086996,0.11961532065755699,0.1619436644320809,0.0006321318685733829,0.71669068578368
7219,0.9600064865461236,0.007826798993549478,0.008030657756521793,0.011838522210127702,0.012297534493677584
7220,0.010106485944235275,0.0045030403046974875,0.11912298165316827,0.5114546622308548,0.3548128298670442
7221,0.18352896371471808,0.002806543014156086,0.049931272567906346,0.52283805228916,0.24089516841405947
7222,8.852148626905328e-05,0.1713269369273084,0.17439167701331199,0.0011953888593925295,0.652997475713718
7223,0.016780491268606364,0.024428853384263195,0.02565807257653999,0.4777844969802797,0.4553480857903107
7224,0.8715415264986989,0.003842225107483611,0.0015690256124383398,0.0829195774810407,0.04012764530033849
7225,0.8893105864895018,0.011766142894135597,0.01566367168081617,0.032968316885195866,0.050291282050350675
7226,0.8158981897984195,0.027097116156485645,0.024450368664315242,0.02484629718560513,0.10770802819517433
7227,0.015150932316594748,0.01847794125802469,0.08255048090176527,0.4906933488444743,0.393127296679141
7228,0.0027959271463540514,0.24955266011009303,0.6437062048628626,0.0053344115715929855,0.09861079630909744
7229,0.017771071107393083,0.010851971554864375,0.10171866824360874,0.45961736065725944,0.4100409284368745
7230,0.006993385234361167,0.022576715701503994,0.1582365386586884,0.5549008999770352,0.2572924604284113
7231,0.0004368693429281111,0.19792502207684748,0.11628388523995427,0.0008697450767610908,0.6844844782635091
7232,0.24715646179333361,0.0070166871796084026,0.035364385064594016,0.5477256088304132,0.1627368571320507
7233,0.9266593474070038,0.010594925954113512,0.012282738368585235,0.013928510487342609,0.03653447778295505
7234,0.23201354478240127,0.003441809169713318,0.03770284521805913,0.6527968864888615,0.07404491434096476
7235,0.26804873816735597,0.007827700618181829,0.03875489116675616,0.6255359067830949,0.059832763264611226
7236,0.8018490197675695,0.012780287178245173,0.006868304338997555,0.02620734373883444,0.15229504497635324
7237,0.44774438640746184,0.0502891874895731,0.06490322022830756,0.11626373809098457,0.3207994677836729
7238,0.00047253273702392654,0.11767506428811719,0.12503176123376997,0.0009955699674878183,0.755825071773601
7239,0.2251999904473577,0.03506907785774007,0.28351431562784507,0.35951633140482836,0.09670028466222878
7240,0.26736565649934557,0.009351480759725616,0.027089110076349704,0.6318935593872517,0.0643001932773275
7241,0.2964155319339469,0.007213550240875932,0.01934448513306109,0.5350652907447331,0.14196114194738305
7242,0.44061285917072074,0.00518202211402687,0.015563289671814922,0.4953779278563989,0.04326390118703865
7243,0.9445367532796973,0.011580722147595736,0.008883418242236452,0.006018835898511903,0.028980270431958433
7244,0.24901712231312137,0.0073051529106739075,0.02670692822191637,0.6121341913438498,0.10483660521043858
7245,0.1774402805836742,0.20911929237649685,0.2647113111260183,0.015623766175846909,0.33310534973796374
7246,0.2915584216579349,0.17536055587190366,0.34684741960537113,0.01567413330381937,0.17055946956097082
7247,0.00033860037585751524,0.12681739606570747,0.1671035451554714,0.0007786543448038137,0.7049618040581599
7248,0.1538089537214884,0.044154113405374076,0.03257278645875025,0.4669006014190246,0.30256354499536264
7249,0.5457126721136796,0.003963135035704299,0.00779860685119045,0.3979987664409241,0.04452681955850164
7250,0.00041443737329839044,0.14857153574409504,0.1521914046227135,0.0006441805499222245,0.6981784417099709
7251,0.9093976827788182,0.004476901412324523,0.011005693710715015,0.04289694429048316,0.03222277780765919
7252,0.11823601725073185,0.3825441385788086,0.3391103416368791,0.04041747133880137,0.11969203119477906
7253,0.9387634772039537,0.010882666740000591,0.011274115142549758,0.013002359562075428,0.026077381351420584
7254,0.027709909908074697,0.3498982372572407,0.2514235013682584,0.021434738699240553,0.3495336127671857
7255,0.29617943339944913,0.009311296271228522,0.02720939612760929,0.5931438793036099,0.07415599489810326
7256,0.32989207145841537,0.004495144660561764,0.02667025145161404,0.48608552409367284,0.15285700833573596
7257,0.6094420121524006,0.13519064440580442,0.0473722161742834,0.006850084123847169,0.20114504314366455
7258,0.000512904055789246,0.18164581568299792,0.1251308955560318,0.0009084302256182129,0.6918019544795627
7259,0.32654204201736786,0.005176967379421384,0.015100904914801693,0.5665450821194401,0.08663500356896899
7260,0.07730611529640405,0.003091131674803487,0.03831937173847481,0.6941783839642933,0.18710499732602448
7261,0.008373117113198292,0.006140934965056798,0.1376369257938311,0.5404439556678818,0.307405066460032
7262,0.8790375629251174,0.018591590423677626,0.00973488974663817,0.01831157249300582,0.07432438441156128
7263,0.8491166465851571,0.010811204900841613,0.005430638745733908,0.01963677803725169,0.11500473173101583
7264,0.475693699887643,0.023394878956163698,0.12600746281019506,0.17620297005397462,0.19870098829202373
7265,0.25505932148547256,0.0058092355663393646,0.019654916026816006,0.6256219991396476,0.09385452778172453
7266,0.0005528885746938858,0.06358967849286677,0.1282895661049165,0.0007238129671195317,0.8068440538604033
7267,0.10796380324022822,0.052001047307824816,0.03865337456126229,0.5044640349453282,0.2969177399453564
7268,0.11775706356593428,0.6636676669586609,0.1306479881921625,0.0054556639781378055,0.08247161730510442
7269,0.0326644479510195,0.04503323906075814,0.1181405526369279,0.08560214118743636,0.7185596191638581
7270,0.011794403331157959,0.020909451965592792,0.16144589430355025,0.4705359459305572,0.3353143044691419
7271,0.13008762821113862,0.002833232674337334,0.03384187277624177,0.6360075769160358,0.19722968942224642
7272,0.9481542814374564,0.009442183691392023,0.008584426242880902,0.006664121714321235,0.027154986913949467
7273,0.449955734875088,0.0910264690988907,0.08760690110782755,0.2265787716813754,0.14483212323681843
7274,0.18965050924644727,0.21185332186891753,0.09398081357001271,0.18788248200432583,0.31663287331029677
7275,0.14058655689523128,0.0017204072635329708,0.01364298205404302,0.7467496118459329,0.09730044194125975
7276,0.3205379239694651,0.011983181355461045,0.024438881765193016,0.5468741916202061,0.0961658212896747
7277,0.03056753088201773,0.05438262675830074,0.1255936189287566,0.08674187296348428,0.7027143504674407
7278,0.00017300605480694966,0.7845311987691541,0.08415129830142183,0.00034403977167703394,0.13080045710293975
7279,0.4628714516626033,0.008946578263082828,0.004281910438469688,0.4628741828883039,0.06102587674754033
7280,0.9119850986722481,0.013455499463078767,0.01476281236359178,0.01979137610764795,0.040005213393433325
7281,0.553949183483054,0.3165800597541076,0.05959907066864263,0.017855594556998155,0.05201609153719762
7282,0.2652830657515954,0.005069539051474656,0.022827354634617845,0.6626645258564784,0.04415551470583385
7283,0.5382914618733039,0.018679130184260966,0.045062617006492105,0.22954308993947167,0.16842370099647125
7284,0.00798704217843954,0.04744701683467516,0.6942127014400885,0.025160170527144213,0.22519306901965247
7285,0.003549485163526894,0.3254525546168444,0.585381196562691,0.0027662237712063474,0.08285053988573124
7286,0.9459437535795818,0.006376644752332414,0.03258073443103413,0.004074975933349645,0.011023891303702323
7287,9.098794194799957e-05,0.4210047627237735,0.417727244370742,0.0007542308340240968,0.1604227741295123
7288,0.33236647510827827,0.004339929488376899,0.013119879427475258,0.6126158162164382,0.03755789975943144
7289,0.530584091773888,0.02630019912943073,0.061374011910332635,0.17750570912778293,0.20423598805856577
7290,0.0007861894069807564,0.3663861432210945,0.5447212383420518,0.003665854506579841,0.08444057452329327
7291,0.003249498703623157,0.3234699654398108,0.4444426430456642,0.002522669397677648,0.2263152234132243
7292,0.9569001971568966,0.0054788069295789625,0.007993034862038664,0.006115189372113955,0.023512771679371876
7293,0.8826735280699147,0.0025325497067470574,0.0013624479149002748,0.07281737802286509,0.04061409628557298
7294,0.12814196052908974,0.004485660287034966,0.05150638369697911,0.6170880228694857,0.1987779726174104
7295,0.012379113373857492,0.2908301764232911,0.5814727548145295,0.003730420678516702,0.111587534709805
7296,0.2294784316905499,0.005262208641779875,0.0520024115281393,0.47064611056994904,0.24261083756958182
7297,0.8247970668835739,0.007527343067771163,0.0024403289466771614,0.12508402435717814,0.04015123674479972
7298,0.26738613377095666,0.005657246434149104,0.02297139693614632,0.6177354177859777,0.08624980507277029
7299,0.37603978168149826,0.002912456900300969,0.031332455266811436,0.40221707102653415,0.18749823512485522
7300,0.183512333949525,0.005148690569271266,0.034606056255168126,0.6026006764906616,0.17413224273537395
7301,0.25426910048195045,0.006416605724334839,0.02673926354175667,0.46319555633298193,0.2493794739189761
7302,0.22264426009069893,0.0064348664693505515,0.049096331443776155,0.4838210908537985,0.23800345114237587
7303,0.26692475857062914,0.008186134183285997,0.01890732239626321,0.5229836665774584,0.18299811827236323
7304,0.45508162012942077,0.0070074615746173385,0.008055526780095839,0.3162390006679819,0.21361639084788428
7305,0.23081971113271438,0.001959314694879503,0.02782171257535749,0.5388867432315491,0.2005125183654995
7306,0.46674072934441113,0.007211085293653851,0.01474929011058509,0.445646940884554,0.06565195436679583
7307,0.8190147317914165,0.1232736267863218,0.019317562271646514,0.01003828529619368,0.028355793854421673
7308,0.6950339724515799,0.03484701449975247,0.025407485254917737,0.10664015517135547,0.13807137262239455
7309,0.32653054903891593,0.00875363840392875,0.03729364219162295,0.5371349609609506,0.0902872094045819
7310,0.3475790764441688,0.006615714278675592,0.024520191894435838,0.5435773324507235,0.07770768493199631
7311,0.09687256662530197,0.02471913995399636,0.030063093986510008,0.3460806819275612,0.5022645175066306
7312,0.36466998694426367,0.003874582179775466,0.039338305231130306,0.5677573799011457,0.02435974574368498
7313,0.17517761709309176,0.00753940329570503,0.03260924425914714,0.6081637528732087,0.1765099824788474
7314,0.47141726915251153,0.008753149557377675,0.008205892234324613,0.24587044252278495,0.26575324653300125
7315,0.965144022427466,0.00391664658721235,0.00834421258928018,0.011506946874941288,0.011088171521100575
7316,0.008623438936769496,0.01261741708968455,0.15799956098239373,0.4977879664728943,0.32297161651825784
7317,0.38764639334537826,0.0022051068088010323,0.01757593216244506,0.3862447238031901,0.2063278438801857
7318,0.16321921699651915,0.004603439624986778,0.04849328476233661,0.6165434949087846,0.16714056370737293
7319,0.46425362523053476,0.027285938036136326,0.06173572968192966,0.1539262177557894,0.2927984892956098
7320,0.28959962184520016,0.003168614687693486,0.02888843959261977,0.43793466663113323,0.24040865724335336
7321,0.0934829110223892,0.12202269337573121,0.011405995398406104,0.11645233400920912,0.6566360661942644
7322,0.30311705241619896,0.008666075958847701,0.03946270691127449,0.4864291472899076,0.16232501742377134
7323,0.7594201417707012,0.01563830759078556,0.12223536384207859,0.029255115008516366,0.07345107178791827
7324,0.24602703078282745,0.0050757670806339545,0.02446507501299544,0.49846789770379263,0.2259642294197504
7325,0.3123156462004806,0.006508051052068304,0.02251925679870891,0.6285762435975357,0.030080802351206387
7326,0.9692229947452585,0.006279796611926372,0.005365824679501202,0.009218776795449064,0.0099126071678648
7327,0.4567047827237812,0.0027186730313621065,0.01162003843687725,0.34487258702253604,0.18408391878544336
7328,0.07717153663441091,0.04978999710979603,0.008763195212627918,0.19531933602725543,0.6689559350159097
7329,0.0032787412162716923,0.161420984860113,0.18213023096402206,0.002031618361329022,0.6511384245982643
7330,0.19909108217247787,0.0057792378507640334,0.0452462224216281,0.471749822766903,0.27813363478822706
7331,0.303026537944774,0.006842938099594889,0.02018792902409194,0.616330240408854,0.05361235452268512
7332,0.007875094237666323,0.03141074746013298,0.09024949472800298,0.6490078356826804,0.22145682789151738
7333,0.23521301485803298,0.015362639813024206,0.14571692007288578,0.1186604871681323,0.48504693808792454
7334,0.3425843813552357,0.002977071136738778,0.020797393345974486,0.5397314554233842,0.09390969873866692
7335,7.390638466474642e-05,0.22414660228799874,0.11509747419733156,0.0009246895224548258,0.65975732760755
7336,0.0036970611998284096,0.21536907737926614,0.6587351057685554,0.00629747596710971,0.1159012796852403
7337,0.30090139848583014,0.0015604397795004996,0.022013238169752442,0.6089090355515574,0.06661588801335959
7338,0.4206515175883217,0.06004719769713184,0.10383742667980665,0.21325220168271436,0.20221165635202545
7339,0.35654889354383995,0.10546158639134408,0.13833925141597123,0.24509140857232087,0.15455886007652392
7340,0.16512844117433928,0.595272285163275,0.09522660064425607,0.004482128207475069,0.13989054481065455
7341,0.18873152604916565,0.007201183481765971,0.018934583251595364,0.6042820507179271,0.18085065649954588
7342,0.2857811639066333,0.004748160695095002,0.007680804617326612,0.6415562234613645,0.06023364731958054
7343,0.0034834369375520277,0.11295237299259785,0.03157454767902963,0.05435826140806905,0.7976313809827513
7344,0.000147816375696654,0.5631569508099803,0.1685321156406749,0.0007375375631789424,0.26742557961046914
7345,0.012314528347857767,0.013597238477894192,0.058316558083611934,0.5587587386482029,0.3570129364424332
7346,0.009106148892280303,0.3383745599556582,0.5551229800805761,0.0025962251328762536,0.09480008593860904
7347,0.35107570841915614,0.007921547133434412,0.021443009905191487,0.41644585841585124,0.20311387612636675
7348,0.2126937989720581,0.014188168048580915,0.02383790837046691,0.6875647739784664,0.06171535063042777
7349,0.5308524904077958,0.060112155648808244,0.06961946170174807,0.14834698926213993,0.191068902979508
7350,0.406449992783305,0.005187600189190008,0.014957876717256919,0.5055407021008118,0.06786382820943615
7351,0.21945389339289245,0.007303703902757518,0.04614074573118859,0.5186330394220598,0.20846861755110152
7352,0.19537901418649214,0.0027751099379548774,0.04567466937603441,0.4658248654251035,0.29034634107441504
7353,0.007544235205406143,0.035870272254760055,0.07985168303549549,0.5200102092395109,0.35672360026482736
7354,0.9400794765201783,0.010192201530289128,0.01068692066996418,0.007115176566179549,0.03192622471338881
7355,0.7301498949784411,0.00908798957762046,0.04176078329588907,0.12952753756138968,0.08947379458665972
7356,0.5550442603727888,0.004150436058223968,0.01746552548151875,0.2953301258631167,0.12800965222435184
7357,0.9657726966468595,0.003919197807215415,0.00815422961372067,0.010914711530836903,0.011239164401367671
7358,0.39869840577760857,0.03884783366627623,0.08270483725504255,0.1266266491220965,0.3531222741789761
7359,0.0018859787351200568,0.24990678482527576,0.21397659697395519,0.0020329085258228904,0.532197730939826
7360,0.015525251597399762,0.03326124588459784,0.13491283265156642,0.6992547854093776,0.11704588445705853
7361,0.1069653775210573,0.005805806205755446,0.07322840113063465,0.6625970727866443,0.1514033423559083
7362,0.008828107456143595,0.01726442008723711,0.078976240584045,0.6195653756471076,0.2753658562254666
7363,0.9427565479481173,0.006193295791276138,0.011090392883037098,0.023119575374577435,0.01684018800299204
7364,0.9283654030300048,0.00739824475401687,0.012162974398460018,0.014708407132069036,0.03736497068544931
7365,0.9155536338518958,0.003911973920051773,0.010625088419755816,0.03469090354656595,0.035218400261730565
7366,0.5963960313587906,0.06769363240277304,0.08305641159635511,0.14358208433004535,0.10927184031203599
7367,0.27805132959894047,0.0035466814087951903,0.03656839945573545,0.38505625250666625,0.2967773370298626
7368,0.3969913759893549,0.05836219342106752,0.0971997045240612,0.20324357167405685,0.24420315439145956
7369,0.6728709584690719,0.013309934494302329,0.03317752914923673,0.1167589240753049,0.16388265381208433
7370,0.36818781443388754,0.02476063992921899,0.059799461287704594,0.39996328376558277,0.14728880058360627
7371,0.14905642642964942,0.15863127778812972,0.06872292856465433,0.048418578635814925,0.5751707885817516
7372,0.6017231687446665,0.018013665272409458,0.011712107349437452,0.019917608283830365,0.34863345034965615
7373,0.27736391887850026,0.007105311419331795,0.03168690600014142,0.565770804796901,0.11807305890512568
7374,0.07611678213651059,0.002300905161158018,0.05481068774340823,0.7104787166993796,0.15629290825954362
7375,0.08678322106826762,0.07475366197747178,0.4913831581807858,0.10864467340321676,0.23843528537025807
7376,0.7886185145218809,0.10754498316005594,0.00670274746973986,0.00543773851637874,0.09169601633194448
7377,0.001259752209051629,0.07539004296722544,0.17352256911908417,0.0009065593827506033,0.7489210763218882
7378,0.30071595549442803,0.003287467380307075,0.03308136291003246,0.42700879696363353,0.2359064172515989
7379,0.9781015569912898,0.006476992965368407,0.00495436198276944,0.005950868029413311,0.004516220031159063
7380,0.2790460248643006,0.004111317289391028,0.01846860526673118,0.67062244978957,0.02775160279000719
7381,0.21274819961173513,0.031906623542824274,0.07469144797190093,0.3997840973913148,0.2808696314822248
7382,0.5966437477122977,0.005358130794881114,0.008122409958335833,0.2255579496471357,0.16431776188734978
7383,0.3567593938177076,0.006588819482782762,0.05193516097062329,0.5534394710136694,0.031277154715217054
7384,0.30487754253096916,0.006701840800941008,0.039072519205380005,0.4871116795214271,0.16223641794128274
7385,0.9341992059195604,0.007776389214134284,0.014157620937125049,0.01672445750827688,0.02714232642090362
7386,0.9460451939208716,0.009895695147406066,0.011555096038055457,0.0094380951875728,0.02306591970609395
7387,0.013255358031625683,0.029883147252327977,0.6074537099839398,0.022328394592763978,0.3270793901393427
7388,0.1602391606683549,0.005003923469443097,0.023165410344218387,0.6439720191021168,0.1676194864158668
7389,0.00451920987826931,0.011647805792916464,0.1788237714689435,0.6330366935880692,0.17197251927180163
7390,0.20509706269593433,0.01465709560196382,0.03879747000270769,0.6604540322828235,0.08099433941657058
7391,0.013948265243140774,0.24590232504621704,0.5397290300378608,0.0009524677310096302,0.19946791194177188
7392,0.9296775980027113,0.01458135253083472,0.03830258754657539,0.004368339279626292,0.013070122640252256
7393,0.5710943973871165,0.014042015263012958,0.009573077218246705,0.01946149221083575,0.3858290179207881
7394,0.7955768713194588,0.04485565209677912,0.003062410678766508,0.027159450672134197,0.12934561523286148
7395,0.4173677438348478,0.10931185107980139,0.11014676401685926,0.29874467526075477,0.06442896580773666
7396,4.1333246809141875e-05,0.6122526450028036,0.1335752747307535,0.0006290599493307431,0.25350168707030285
7397,0.3817649462510591,0.00217523974435865,0.019748970717059194,0.35885419336353563,0.23745664992398738
7398,0.4930257552405603,0.004124879470460929,0.00624267413832614,0.2220740026421667,0.2745326885084858
7399,0.2829011488805157,0.0043367559988810546,0.02101563905384497,0.5737230720257213,0.11802338404103702
7400,0.2551219197454414,0.007136887894237656,0.04572040141248321,0.5046775753994299,0.18734321554840777
7401,0.8709360536512598,0.038298235626268114,0.02563529729593767,0.03754323882754666,0.027587174598987768
7402,0.014661189965360007,0.023310441393261758,0.043069437486065176,0.35020406448515623,0.5687548666701568
7403,0.31141314663301256,0.008230834957635715,0.03471090512091855,0.5593138085781304,0.08633130471030272
7404,0.27979094124285175,0.003174491834899575,0.032120313174488914,0.49032942487478864,0.19458482887297113
7405,0.31470552010287095,0.003086714999665445,0.028522336135882828,0.4489945008566098,0.20469092790497093
7406,0.5545749087871289,0.014305188268802229,0.011408915130851445,0.01597287673712289,0.4037381110760945
7407,0.02868051667575688,0.3113233888697709,0.5815390250694075,0.0013496983823968055,0.07710737100266793
7408,0.32322799072574365,0.00630268832569223,0.006710553617933805,0.6170080662064907,0.04675070112413948
7409,0.2636391802608611,0.006102580874082986,0.027642621835138353,0.4688547621807506,0.23376085484916687
7410,0.02720374015346997,0.21116566203958836,0.03997527116551134,0.1632012026793991,0.5584541239620312
7411,0.021398686157028654,0.014243169093084854,0.03331773727132162,0.5081356651120486,0.42290474236651626
7412,0.16715192841369478,0.005231539392191882,0.017303976509703715,0.6946273788731968,0.1156851768112128
7413,0.018632321556555736,0.016756361399988696,0.03143938577489813,0.29237950389071826,0.6407924273778391
7414,0.15275320662242037,0.004799732912736503,0.05076247758791139,0.6059220502021716,0.18576253267476028
7415,0.5948356999405224,0.014315710643171877,0.030359185162708625,0.07126240385596465,0.28922700039763255
7416,0.3916628256817754,0.004513442121832836,0.01157808254422067,0.3929506863286614,0.19929496332350974
7417,0.2740291806622822,0.005245401104572324,0.045346828486439054,0.44817556669722775,0.22720302304947865
7418,0.14694331362722668,0.007933844815578031,0.042304447524212224,0.5637237659448965,0.23909462808808646
7419,0.046696497760656826,0.5957111963522096,0.30834392658607634,0.0007836596047381605,0.04846471969631917
7420,0.5327152242012212,0.0019352181369721717,0.013017953859422645,0.4030542967206826,0.049277307081701235
7421,0.0111382316258361,0.012883047018473206,0.10031677804870308,0.5227519497854984,0.35290999352148905
7422,0.009945413897647096,0.3757961267485074,0.5089382086805053,0.0035428552205983327,0.10177739545274195
7423,0.2924474973161666,0.009709688674077885,0.040234898668692363,0.5976675596183397,0.05994035572272348
7424,0.010096919525311776,0.009861386434479895,0.26660165977050726,0.3989545048440179,0.31448552942568303
7425,0.2844531994186483,0.0024761786872416233,0.024152875028549268,0.49646221090798476,0.1924555359575761
7426,0.9365499393392674,0.023072513739337056,0.010727682976810897,0.006512623073571221,0.023137240871013473
7427,0.4001382290546868,0.005966589211304133,0.012316011987703651,0.5442647803259568,0.03731438942034855
7428,0.3973778122870532,0.005252487728070991,0.018728774963433135,0.5245741217023586,0.05406680331908393
7429,0.7305097547821385,0.2140592123120891,0.0233981479156261,0.005064432365218926,0.026968452624927284
7430,0.4085839160514135,0.08310152170813408,0.12897974527373116,0.23404156356470504,0.14529325340201643
7431,0.0008977322751068985,0.19554815202324002,0.1737743571784735,0.0021729028759473576,0.6276068556472322
7432,0.13844098507086156,0.05139208743071921,0.21552353130031393,0.06718841792458727,0.527454978273518
7433,0.00524023923276352,0.40226399523385825,0.5193733503626762,0.005038123570213439,0.06808429160048848
7434,0.2646270187689767,0.02169280036763445,0.0561134590136779,0.3319239704230818,0.325642751426629
7435,0.0002566572543859284,0.5881216295877432,0.15465817959172862,0.0005723474666240984,0.2563911860995182
7436,0.8524721925932729,0.017805985695254694,0.08533015662913952,0.007473728912219409,0.03691793617011359
7437,0.00026372577529556936,0.7973462005684544,0.0735207263512687,0.0001392494952184305,0.12873009780976294
7438,0.0001306656609915622,0.4947903501561716,0.10567400226369932,0.0008489816424779177,0.3985560002766596
7439,0.8560696202304664,0.002510313040174153,0.001699466738034112,0.09219594640695235,0.047524653584372946
7440,0.04513543265575567,0.7540256378007438,0.1228054806529476,0.0023202283581211292,0.07571322053243179
7441,0.2039827326978718,0.003466305612651591,0.03921063680824386,0.4731206639631215,0.2802196609181113
7442,0.21667504106760127,0.006262344045802364,0.03293308622712597,0.4919357723167866,0.2521937563426839
7443,0.4809438445534305,0.003695135608994685,0.009178958209286632,0.31264202834759824,0.19354003328068986
7444,0.005650024400107981,0.012885175129444858,0.134566859968711,0.554998494988192,0.2918994455135442
7445,0.016267585154398533,0.10647616974551438,0.06456447671938234,0.6709458370242811,0.14174593135642358
7446,0.16192314234181615,0.0038053527440742945,0.03235264788794374,0.5549278116336623,0.24699104539250352
7447,0.4514523336886633,0.009659885944495057,0.00926307235335528,0.417771878122598,0.1118528298908884
7448,0.006709075145972003,0.05705937465585893,0.5417183630509248,0.014874135281925226,0.37963905186531915
7449,0.670655263575492,0.025869426468357163,0.1046465271900322,0.10704809267623742,0.09178069008988128
7450,0.8472876830786491,0.013796796573724525,0.006589675740106484,0.019699678190826207,0.11262616641669367
7451,0.12604496225433462,0.004467289372561647,0.026471060236129124,0.7019822659227128,0.1410344222142617
7452,0.5076083841560064,0.005486705946032428,0.011711600766951616,0.41707040794668204,0.0581229011843274
7453,0.28409017453621876,0.03163860616873433,0.07863658715615565,0.32133662655656664,0.2842980055823246
7454,0.5449150837521342,0.0025835313504305535,0.004811209762774203,0.2902465548743149,0.1574436202603462
7455,0.15511459621327334,0.16990069117620396,0.22012914968736025,0.019099470742358567,0.4357560921808039
7456,0.11759809256433794,0.007064587443514078,0.021521200991438116,0.7366475024591073,0.1171686165416026
7457,0.3053355861902783,0.07847004697616475,0.11831472196898492,0.25340356163782224,0.24447608322674985
7458,0.5609059093063062,0.021129812366945146,0.040528262713368145,0.23655266933790134,0.14088334627547913
7459,0.23934276247484104,0.007760484618468388,0.04380218179487161,0.4323546093564602,0.2767399617553586
7460,0.35568223320335773,0.005038288862301704,0.006278688685362215,0.5520685777181535,0.08093221153082475
7461,0.3356871283839498,0.02948201390149049,0.3344079127780215,0.11274880660554834,0.18767413833098995
7462,0.5104479385844201,0.006220590140722681,0.012348651230975451,0.44231481835568376,0.02866800168819813
7463,0.6324457281785875,0.0043553632018513925,0.001332602248381312,0.30613834570444665,0.05572796066673323
7464,0.5012534144567949,0.006098368972675775,0.02296562924651859,0.4119959379141277,0.057686649409883
7465,0.04401703302129298,0.23765651025847243,0.33876978803023705,0.10866336531318233,0.27089330337681516
7466,0.0033040751846548384,0.21222309525516328,0.2271247837331038,0.0029136861553333408,0.5544343596717448
7467,0.7709421651523216,0.024398558704764213,0.13462416016039086,0.014779570256708088,0.05525554572581521
7468,0.16987907550027426,0.23503519421062535,0.4860786813961433,0.03157386784223671,0.07743318105072035
7469,0.49085339090454594,0.004317886665151941,0.009206238149182167,0.23418024356331146,0.26144224071780847
7470,0.001477920735096867,0.19929584218376242,0.3861237547060773,0.0023188562948837825,0.41078362608017954
7471,0.05904849192737334,0.2664353737397389,0.5794944184474148,0.0023746068868519534,0.092647108998621
7472,0.9210340242667628,0.017260145170346953,0.010824273821385434,0.00987252369503129,0.04100903304647348
7473,0.8720765984955566,0.023551600360268193,0.021388094455843835,0.015560487810353995,0.06742321887797746
7474,0.0003931062206280935,0.1971226862085748,0.11671712700527424,0.0009723843610593723,0.6847946962044635
7475,0.11721344847856872,0.00771484080402317,0.01823473847169225,0.6889719659680932,0.16786500627762266
7476,0.26954724440001265,0.004119182217987037,0.026845908387055507,0.6652087844566804,0.034278880538264354
7477,0.47343465586117645,0.0032727938786721246,0.00838040084037061,0.37261813953650824,0.1422940098832726
7478,0.234146894278229,0.008693736700549608,0.03730968571298569,0.5497874754891667,0.17006220781906903
7479,0.0011895523701949298,0.0803481823369144,0.7570191887361233,0.010085865840749306,0.15135721071601807
7480,0.23851071403188445,0.0674089006732048,0.09179271165708044,0.358625064876773,0.24366260876105725
7481,0.9218492573184656,0.010604818314578069,0.016618238238898783,0.01523368691625676,0.035693999211800935
7482,0.014896494868689351,0.018319642741307905,0.11460098137247253,0.5216564112067726,0.3305264698107576
7483,0.3135691943323437,0.024921650333992733,0.13814822997187623,0.3779871914282699,0.14537373393351744
7484,0.021123711683025896,0.06056381729407939,0.04553706495353667,0.32606333607716426,0.5467120699921938
7485,0.461040510687442,0.005174971066584559,0.013538660314914509,0.4464563591037703,0.07378949882728852
7486,0.27935865809318344,0.007117223746576766,0.025717202040616217,0.5162953709043376,0.17151154521528594
7487,0.3685118610732923,0.004689690846639657,0.015145712257641601,0.5677935763080442,0.04385915951438223
7488,0.0024599863955990123,0.1282001579798589,0.8121520277691853,0.005550314172318786,0.05163751368303803
7489,0.5932201635326091,0.009205628372387503,0.002557322230529394,0.21277948767461252,0.1822373981898614
7490,0.2328100265043877,0.005476557270285721,0.02999595731008018,0.48105356126955884,0.25066389764568753
7491,0.12459157233064669,0.004519709330460629,0.01475469692754518,0.6502043125832015,0.20592970882814607
7492,0.18124163038936333,0.007157730014946183,0.01744159237146218,0.682963980236166,0.11119506698806235
7493,0.02690837617364287,0.10200369752772509,0.08416133757457565,0.04225579632971511,0.7446707923943413
7494,0.8195892987583587,0.03276536184193855,0.03679090070530575,0.041026190232717905,0.06982824846167907
7495,0.388912465237096,0.006903171568505835,0.00833565926206112,0.38572038821339627,0.21012831571894075
7496,0.3446714966646833,0.005036315232094371,0.02586708147288377,0.5551810442971167,0.06924406233322192
7497,0.3662152519721475,0.005283531801077575,0.014681835217142768,0.5642550202053377,0.049564360804294494
7498,0.0005449559487357443,0.25682098517406454,0.19322831668350898,0.000983467371128103,0.5484222748225627
7499,0.11828855803734278,0.0020548770710067527,0.03978463096479637,0.725229744316244,0.11464218961061019
7500,0.5819736871070141,0.3506483740278222,0.02703775174613311,0.008870326447398241,0.031469860671632384
7501,0.3516592762503841,0.021583955950405954,0.07838909378210733,0.44156583835477464,0.1068018356623281
7502,0.2633227485747322,0.008490381394639814,0.03807160045787393,0.6109509100218317,0.07916435955092248
7503,0.7965242059350128,0.00434365852981277,0.0011359348811416452,0.13756431113336104,0.06043188952067169
7504,0.03519759243135647,0.024277912367171015,0.7434364538686364,0.019973036831582948,0.177115004501253
7505,0.45036990666851207,0.012414281580772867,0.03358243808218044,0.44868542602940575,0.05494794763912889
7506,0.7946598651517365,0.014136018472765445,0.10464122595489174,0.005417811682947765,0.08114507873765854
7507,0.3146592000574558,0.06062276960036035,0.1014420234019795,0.29036721637859664,0.23290879056160768
7508,0.30520734470606165,0.01614552360936567,0.06434111796238833,0.3281011446625819,0.2862048690596026
7509,0.4670791980868982,0.1417171709087723,0.07015120092039674,0.20832747847956193,0.1127249516043708
7510,0.00016960177493061178,0.4570215413305314,0.178562953614874,0.0009036416177091787,0.36334226166195466
7511,0.6188116476814896,0.013906476824997223,0.047152238831162374,0.1390134303509134,0.1811162063114373
7512,0.7158151281062006,0.022785450911712742,0.15808167290048308,0.030420326264509183,0.07289742181709442
7513,0.47083713521863185,0.046885961086303427,0.009687989744774505,0.4154725001273908,0.05711641382289932
7514,0.2682472437971874,0.002597852860434191,0.030585419180188284,0.4647613968109724,0.23380808735121766
7515,0.49853752885582553,0.004391843752971643,0.019625574995960626,0.4388817073868523,0.03856334500838985
7516,0.4003092006896121,0.005476350488856692,0.03013055693946418,0.4971400357129269,0.06694385616914005
7517,0.11298084405681161,0.006273579035453914,0.029044459051554734,0.7396411257138007,0.11205999214237915
7518,0.09824761760279624,0.042444625869536644,0.008434510137901622,0.17607330383661132,0.6747999425531541
7519,0.8865252951977647,0.025635451596717523,0.0014161015204619818,0.016068787812748855,0.07035436387230704
7520,0.7363994264719421,0.0033386294170451862,0.0034116513385760304,0.18459343358054667,0.07225685919188993
7521,0.4776871179349444,0.006563976821087252,0.004355524219740217,0.4493183591328813,0.06207502189134697
7522,0.0023752351356071933,0.2071375282574875,0.664679614570824,0.005775602936940796,0.12003201909914055
7523,0.29551858712723267,0.007841410625653203,0.03245589097136314,0.4115372323350583,0.2526468789406927
7524,0.23009465440804458,0.002703716089226169,0.020821371177104985,0.6874372553028032,0.05894300302282105
7525,0.01776341928711642,0.011678953145448742,0.044988008771175175,0.20913479674359023,0.7164348220526694
7526,0.8716245043465782,0.011803890931841561,0.019076263760488446,0.01183652840781068,0.08565881255328124
7527,0.017643402344841082,0.03293193125910847,0.04319130527721033,0.21928104852503316,0.686952312593807
7528,0.24808359648435646,0.0031298826658444946,0.03793768511000715,0.4540790144109411,0.2567698213288509
7529,0.34468315708081426,0.023748230919164975,0.08954739735597407,0.23831061576096005,0.3037105988830867
7530,0.478221965614999,0.00463299625973836,0.015124786612026545,0.43842370234773964,0.06359654916549651
7531,0.5887853349266876,0.021427911384325316,0.062001049422924004,0.22226115511743164,0.1055245491486313
7532,0.019357454515550508,0.0064565852836324595,0.032034723580813704,0.5153464518271396,0.4268047847928637
7533,0.19774383531120038,0.006009863465867197,0.03740648655744376,0.6536644055611583,0.10517540910433026
7534,0.17240211790453475,0.002442767064327402,0.033921376402461886,0.6299456030949863,0.16128813553368979
7535,0.9565575984969544,0.0065470536329633325,0.007590024433116718,0.013673168518739951,0.015632154918225675
7536,0.07653231622607959,0.0751140839619966,0.6185749834748704,0.10270212290321293,0.12707649343384053
7537,0.32066967984898226,0.030915954062980377,0.2951167619631949,0.22193982999489162,0.13135777412995092
7538,0.32669815807658187,0.005988571055473302,0.016891086207859316,0.5684922619465079,0.08192992271357763
7539,0.8608015287355132,0.033656746215937915,0.03233787927924462,0.018981189946099545,0.054222655823204804
7540,0.7262513709179659,0.030121826973319315,0.13803288697744057,0.018600095768759095,0.08699381936251524
7541,0.5136481191349594,0.03781848653276278,0.0994139996630145,0.13535205844042866,0.2137673362288346
7542,0.34421494572284267,0.01725104178741482,0.0351458427533128,0.4267290426867531,0.17665912704967662
7543,0.0016355517309763047,0.49342842071919024,0.4328923195726293,0.001968304032158432,0.07007540394504559
7544,0.032704220793169377,0.1258107393784101,0.727349137386728,0.0034712845696711855,0.11066461787202123
7545,0.3858529853066704,0.006778932977223579,0.016753974012064382,0.528197255558293,0.06241685214574853
7546,0.08992329029313441,0.004913714798772904,0.0462527369209494,0.716238821280367,0.1426714367067763
7547,0.24069009513970427,0.004364862037665771,0.02647665767854319,0.6770924877281221,0.05137589741596469
7548,0.7423669310847083,0.022680747515742193,0.14119258378851,0.010896718676783879,0.0828630189342557
7549,0.4761539796160506,0.10498210130949169,0.2601538071207257,0.015737248501404632,0.1429728634523273
7550,0.8562047975548348,0.017824157421019376,0.005536994782286994,0.01950617265469023,0.10092787758716873
7551,0.1720821772842895,0.007886537155702693,0.04366695553473614,0.5733889223032883,0.20297540772198333
7552,0.18757301972473248,0.0038283856873282877,0.02013669571036247,0.7197933902418704,0.06866850863570623
7553,0.30326055345719877,0.003409298970077395,0.01264249590766356,0.6407893606088232,0.03989829105623707
7554,0.25221338355607026,0.03209889473997257,0.11204594143628006,0.2620900989854337,0.34155168128224345
7555,0.2193915347702818,0.011357716280144635,0.016675860357741955,0.5589607973566442,0.19361409123518744
7556,0.2970166467994176,0.004599943555997298,0.02736145318635607,0.5258433648375397,0.14517859162068936
7557,0.7236870862618493,0.02346432603681825,0.01294274960489551,0.021763940089107054,0.21814189800732992
7558,0.03260333212608879,0.014198714261167115,0.043586996662698066,0.024045617114733096,0.8855653398353128
7559,0.8631210627892718,0.021304631767936857,0.06843676101785004,0.006529493359965196,0.04060805106497626
7560,0.7738654031811536,0.02771771469002629,0.021227741067513017,0.04570339074111569,0.13148575032019158
7561,0.5908119517856418,0.031724378403850666,0.07102065809043408,0.1093861678289233,0.19705684389115027
7562,0.3581534119871575,0.004882422477785617,0.026691145868535635,0.5414855834018572,0.068787436264664
7563,0.9037682999421469,0.011037154329080678,0.0221124845364828,0.019292152603205204,0.04378990858908431
7564,0.2737303811312925,0.006184579185891168,0.04514696409426941,0.43766781235619795,0.23727026323234898
7565,0.0029048104657302073,0.16743258521286347,0.1987374807352075,0.0022557846497669076,0.628669338936432
7566,0.09870518790037805,0.024902099645969313,0.01852246181462821,0.19441978313327124,0.6634504675057531
7567,0.2850396971695561,0.06236197315092094,0.1904466281685489,0.27579983891063836,0.18635186260033568
7568,0.466387460560161,0.003761172787246169,0.04420680987639509,0.4567910168728585,0.028853539903339297
7569,0.41786549983220594,0.007891687815588667,0.01624226671443671,0.4888388342551348,0.06916171138263373
7570,0.3851697315769778,0.007920569903782117,0.017666712998851187,0.5153381495946147,0.07390483592577425
7571,0.1917372484216609,0.005690743872384777,0.010475529641550551,0.5849543989044019,0.20714207916000177
7572,0.6123136126148899,0.003814424955854388,0.006066771592195156,0.31513388064614717,0.06267131019091335
7573,0.16223826615987866,0.001404172357973224,0.028106514827699876,0.7035158380162553,0.10473520863819298
7574,0.003283322616747336,0.5759678957354492,0.3610549678714948,0.0008734220752862064,0.058820391701022504
7575,0.05383159042663507,0.084238785638156,0.0820363510942202,0.034113896817807174,0.7457793760231816
7576,9.92087021121331e-05,0.17115043521497106,0.1656091638727384,0.0010277275728492125,0.6621134646373292
7577,0.4376395603883688,0.003132058508141037,0.007520352293415209,0.4155116462701948,0.13619638253988012
7578,0.05942423624330275,0.8036569624087938,0.032839469924764074,0.000760665002789441,0.10331866642034995
7579,0.007184279075595186,0.298072232682578,0.5601665107252002,0.0031350558671854934,0.13144192164944107
7580,0.44528181358088637,0.0028120709245725425,0.01860011860898921,0.487273589460091,0.04603240742546078
7581,0.9610893744623534,0.004324394490253351,0.007856446502661504,0.013319233297169443,0.013410551247562347
7582,0.03818074278367143,0.6015096594733612,0.29489624147567883,0.0007494821597178012,0.06466387410757081
7583,0.013899718940413322,0.058397909565123265,0.7521376443845085,0.02075561069521845,0.1548091164147364
7584,0.00323954560957822,0.09708378573759371,0.6693435448885822,0.01240774265703814,0.2179253811072076
7585,0.9076459272968007,0.009335581674320857,0.005246551705934935,0.017926959606742364,0.05984497971620111
7586,0.7669271369188408,0.00282325063014832,0.0018110351502722106,0.10307256211023855,0.12536601519050022
7587,0.39858059946306795,0.010897292916338544,0.12862100221451606,0.09987470701321573,0.3620263983928617
7588,0.7427696064783068,0.036118831038401085,0.037001930341149986,0.09690297636010144,0.0872066557820409
7589,0.5284498427480266,0.022196311547201725,0.012322466554216463,0.015215931585652131,0.4218154475649031
7590,0.027330941183902117,0.038294360399992886,0.03049653123427715,0.2499247258112424,0.6539534413705854
7591,0.10939289551083314,0.07588935296874419,0.22048297646872625,0.22950734127994246,0.36472743377175393
7592,0.3813627503197398,0.0027807280119866696,0.014620404604806932,0.3589474792622981,0.24228863780116844
7593,0.0034097450912645225,0.3264487280723957,0.020107958614693555,0.03298771319447228,0.6170458550271739
7594,0.21637788107395456,0.004425826162162952,0.029213562172649997,0.4879764979308567,0.262006232660376
7595,0.005067285835582908,0.2781309704632877,0.5898367972804761,0.006214545788787225,0.1207504006318659
7596,0.2917220980345613,0.004281002128165439,0.02122658641449831,0.5668878549835275,0.11588245843924741
7597,0.2966417061102227,0.24200485710932365,0.33339145632323697,0.03552248754490466,0.09243949291231188
7598,0.24361029611345955,0.04198762176957497,0.02490133576795191,0.5916663112955316,0.09783443505348209
7599,0.756601250473169,0.036633149308724786,0.014841293214941279,0.03560258217999817,0.15632172482316686
7600,0.3582925437970516,0.19868256722536176,0.3125736041669987,0.02365880180286405,0.1067924830077239
7601,0.015885981672033932,0.008207444549349357,0.11188526081889635,0.4970910368191806,0.3669302761405399
7602,0.21311058375914754,0.06166513162174622,0.1103325037621634,0.46391495466509425,0.15097682619184852
7603,0.09438111906839088,0.1080199435904654,0.12987236296415325,0.026033710219210766,0.6416928641577798
7604,0.2636126727216426,0.0034147564344392473,0.028036816987737672,0.6306515688974104,0.07428418495876996
7605,0.4665291367693674,0.02037532480470799,0.05809318170777653,0.27861022163170895,0.1763921350864391
7606,0.0007704146899932127,0.1445816470806779,0.16312935770722273,0.0018813762934098458,0.6896372042286963
7607,0.3206676003250887,0.12009102143762966,0.14644435729821384,0.2747805107994201,0.13801651013964775
7608,0.0023105436198125853,0.21782857807976422,0.014054668827618272,0.0467191980087359,0.7190870114640691
7609,0.191197518236605,0.007025803338925148,0.020323229280964375,0.6986693863563705,0.08278406278713486
7610,0.25831934653737837,0.3705397854363351,0.2241831490098674,0.014339198475512694,0.1326185205409065
7611,0.1851650148769642,0.017336056972914193,0.03060220308682711,0.6413358000458967,0.1255609250173978
7612,0.007559178285764913,0.004724746023953509,0.20611512125819786,0.5325951345210366,0.24900581991104712
7613,0.0148232071226157,0.01774622380049859,0.10902940284190096,0.6938489997542998,0.16455216648068496
7614,0.3894225209056771,0.0074469893149010985,0.01392693859551523,0.3389120692733882,0.2502914819105184
7615,0.5217313624525913,0.04831403008618747,0.3107519585838272,0.009775255072532534,0.1094273938048614
7616,0.3474692856408683,0.0317342997814258,0.06709266310761108,0.22959404701866276,0.324109704451432
7617,0.7535800723079245,0.028208007297610135,0.035161568066829504,0.06529955684135086,0.1177507954862851
7618,0.0001839340642861049,0.20373054162283588,0.231288018120333,0.0019744711080901694,0.5628230350844549
7619,0.34760010184942103,0.041776803655694895,0.12036607120044573,0.10076983570404417,0.38948718759039425
7620,0.4426098061573874,0.01191086799251892,0.013718233085615587,0.4588112186364183,0.0729498741280597
7621,0.2329058827173859,0.008744861772611677,0.04171218432502258,0.45310160738324895,0.2635354638017308
7622,0.09819690116360329,0.22832056825989136,0.4999647295384947,0.04220388372083892,0.1313139173171718
7623,0.5652315106918261,0.05378553011045971,0.08163636957891894,0.1827850681092737,0.11656152150952141
7624,0.27101695194520636,0.0354811033820071,0.06952505659122211,0.388230497532876,0.23574639054868837
7625,0.35125923800546427,0.08219994187598603,0.11430211782870028,0.21821369242059852,0.23402500986925098
7626,0.6838398073740762,0.0404151673444341,0.06603956312618742,0.0846732910817068,0.1250321710735954
7627,0.0038515859853263047,0.32322139951979895,0.19320077800179586,0.0017802383201448316,0.47794599817293393
7628,0.23769665448407953,0.0017877640410203768,0.02355640971445062,0.5765256119781568,0.1604335597822926
7629,0.10062834991617127,0.04600518544209507,0.005173236807511724,0.11018207393402729,0.7380111539001947
7630,0.10711586168960299,0.009888080638760562,0.03900842931095957,0.6934633163855913,0.15052431197508553
7631,0.10476087009935497,0.027814263266392875,0.034779405554990483,0.7003122932976694,0.13233316778159226
7632,0.3237812623737522,0.007857115939500003,0.037641032591292506,0.5496119351024144,0.08110865399304093
7633,0.8474577074526984,0.062314030197800754,0.03097066431191864,0.02447500933300447,0.034782588704577684
7634,0.39331176713814087,0.0030435106147378263,0.018479355461048726,0.5132318255816007,0.07193354120447182
7635,0.9301477451004674,0.01270108879431957,0.014027583448532254,0.010186919642714757,0.03293666301396619
7636,0.9299293886689655,0.005535127237121111,0.011052414723505023,0.029131159594627094,0.024351909775781465
7637,0.0026127567879766006,0.20238881174930337,0.18730048512490244,0.003200012996046874,0.6044979333417707
7638,0.24605758096224892,0.01017163185745547,0.07483350324870314,0.4255320594384451,0.2434052244931474
7639,0.012682751301375243,0.057769730862646064,0.3293250707244851,0.11652531230966495,0.4836971348018288
7640,0.14509257770984774,0.0049976876636752795,0.08422537993719947,0.5855182368035623,0.18016611788571524
7641,0.009287605389294617,0.17934040834568873,0.5344577546314393,0.02723427835878696,0.24967995327479034
7642,0.9409453175699477,0.0042037379825694415,0.009335538453500046,0.020707421686880438,0.02480798430710234
7643,0.001979358276733354,0.2089660909791255,0.23462242644010683,0.0033992085526373464,0.551032915751397
7644,0.4353656318673952,0.005103862923353975,0.010484888999545755,0.3611739314841241,0.18787168472558113
7645,0.4748895299381744,0.15145389385103022,0.06043906392215593,0.21319770844912384,0.10001980383951559
7646,0.03914018614814483,0.7081532224618191,0.040169968853280995,0.0008390885220227508,0.2116975340147322
7647,0.25807547835530054,0.029234880461964968,0.07992802961685275,0.3345342965968175,0.2982273149690642
7648,0.9028565470812006,0.029496148720846615,0.021159249777294897,0.020471414086871757,0.026016640333786357
7649,0.00023652974469025534,0.516654321215576,0.13643310219625435,0.0006904378914094943,0.34598560895207003
7650,0.8720611861180496,0.0016629764597290747,0.0017312131447197183,0.08835797443581714,0.03618664984168433
7651,0.6515183549120611,0.08338177117437275,0.1886884086779614,0.005689297085810219,0.07072216814979457
7652,0.0027791491074418266,0.02467535220052476,0.7559828338675604,0.016246864828188188,0.20031579999628485
7653,0.9820449789311043,0.0032197133689668765,0.003997103556031205,0.006044996840491361,0.004693207303406149
7654,0.23372869067088903,0.0032889969579479907,0.018565828185590078,0.5690102936169704,0.17540619056860246
7655,0.3452136726159683,0.03125047349230415,0.03444031061403599,0.05218325229783371,0.5369122909798579
7656,0.517336056025249,0.0026770530865638234,0.015997305640860077,0.3290795483635682,0.13491003688375902
7657,0.49283759950519224,0.014485003954440091,0.08987833630419326,0.12511005068136746,0.27768900955480696
7658,0.865715680074692,0.016391258202945982,0.08265663328712097,0.0033837669951389208,0.031852661440101876
7659,0.47080940129963494,0.03658813169977976,0.2554673060538809,0.15600168843559112,0.08113347251111334
7660,0.02117406061056249,0.024912212222520824,0.07088272505591235,0.5788660821033521,0.3041649200076522
7661,0.02980373375364111,0.06123567182618928,0.6573631240880379,0.027105136287191075,0.22449233404494076
7662,0.626874770961126,0.02124781874059428,0.0168898914313285,0.02565706524694406,0.30933045362000716
7663,0.004895477345218691,0.02040544380590433,0.5783997275494043,0.021569842760707128,0.3747295085387657
7664,0.203002364979873,0.002398718798677023,0.036133978637006486,0.6818422201896972,0.07662271739474621
7665,0.41878492904285336,0.003316288283582868,0.018532435865577356,0.4049465198394499,0.1544198269685365
7666,0.41980715761586174,0.06529428912914685,0.03976734834122698,0.2836271259616918,0.1915040789520727
7667,0.0998425414225773,0.4153196919903307,0.22158858270052423,0.03220261312393971,0.23104657076262808
7668,0.03291826516497229,0.046419490679831074,0.07217004837814338,0.07728648525881729,0.7712057105182359
7669,0.42419247719846603,0.008544196639213556,0.018950525825908268,0.35656168732595517,0.19175111301045716
7670,0.4864232618745848,0.02913984704621746,0.22761499990582068,0.031070639912474007,0.2257512512609031
7671,0.35399210539994813,0.008589864138342259,0.026282919227786864,0.3901574550330703,0.2209776562008525
7672,0.20983199892130316,0.008306303906571921,0.04550758960377489,0.5966472506776808,0.13970685689066914
7673,0.34848600294320553,0.023651064547630066,0.02523322529841321,0.09523950530253578,0.5073902019082154
7674,0.5483812096184154,0.038702219801963846,0.08835780439754055,0.25140233972563225,0.07315642645644783
7675,0.06778443404873426,0.38202534791851683,0.19129226390573734,0.0076059999692769335,0.35129195415773457
7676,0.32124073134474973,0.0364187443472076,0.0734273322119217,0.10190200343395017,0.46701118866217073
7677,0.27077990998151824,0.03297857482515227,0.12020476752842298,0.11402727497270009,0.4620094726922064
7678,0.6043956713414319,0.011364689297610158,0.03204760609499777,0.26583764237741014,0.08635439088855007
7679,0.2672585216294218,0.006458283893676772,0.04110739159762676,0.592210074922812,0.09296572795646268
7680,0.23243334534803262,0.006694027957628208,0.03671516644086712,0.6028984752931807,0.12125898496029137
7681,0.18968214268296468,0.005842765497376237,0.03685890938209822,0.5348462549703572,0.2327699274672036
7682,0.9041625545905566,0.03559184751266598,0.01769167828704924,0.01263726892760181,0.029916650682126254
7683,0.0003844259537444733,0.47169845308000885,0.1657310785053314,0.0021842009111144715,0.36000184154980086
7684,0.36930528024456594,0.007400679670814367,0.03366760989034818,0.417614023908507,0.17201240628576447
7685,0.20301065310048685,0.010416334703109783,0.09841520811149991,0.5000200955346883,0.18813770855021517
7686,0.17024910148821665,0.005203597892827979,0.03637021292574186,0.5967453589373158,0.1914317287558976
7687,0.14597084225569482,0.007976692672826604,0.0340992689021016,0.6166243333845626,0.19532886278481446
7688,0.2848109131568391,0.04708763977878539,0.10508222341264578,0.27315090225535676,0.28986832139637286
7689,0.38021083063626154,0.0017155765127271926,0.015018317862250228,0.5509005910555643,0.052154683933196666
7690,0.31104048537253454,0.0019046804210723172,0.013533630676219629,0.602284594076458,0.0712366094537156
7691,0.0032799710870234965,0.039893021143690297,0.6961066180316487,0.012113691273229187,0.24860669846440833
7692,0.7135285332803234,0.021257015686723637,0.03244721271004954,0.09276197567212997,0.1400052626507735
7693,0.00041308111203341557,0.13384205821636438,0.13409072937787575,0.0009753885233481606,0.7306787427703783
7694,0.9747519136030578,0.001914488277257526,0.0033572505815390014,0.012285120002630032,0.0076912275355155765
7695,0.02885525862467299,0.2096084156715903,0.02926158089844709,0.2553840350932857,0.4768907097120039
7696,0.0005392410033852238,0.07837166828830966,0.5827504894150234,0.015437049264925926,0.3229015520283558
7697,0.0009062722446740809,0.41180536170166654,0.21327426742313157,0.003568282756140083,0.37044581587438774
7698,0.28259403963318797,0.003877857158671474,0.02069400933403732,0.5039399623154645,0.1888941315586388
7699,0.4115107165234058,0.00851569653463355,0.014202223205926347,0.4656030754336147,0.10016828830241978
7700,0.00724098622238413,0.16036396574865494,0.5829334881555901,0.021747815131309533,0.22771374474206119
7701,0.7880795905364121,0.002229665575615195,0.003057025417807771,0.09257002339781145,0.11406369507235363
7702,0.17171139605303554,0.0028975629698876544,0.05001013333617016,0.6123791992491395,0.16300170839176711
7703,0.9586896698809174,0.006680952962597396,0.0073014137519337345,0.011956339305294739,0.015371624099256697
7704,0.004611176632245027,0.4084038614602209,0.4788840603909536,0.003651502330422838,0.10444939918615763
7705,0.14108831532224347,0.005111865471625656,0.03275959919285252,0.6067321532026231,0.21430806681065517
7706,0.2559456358235996,0.006091636380195025,0.03791348285134366,0.5583582282471083,0.1416910166977534
7707,0.00017161819570523003,0.38641079774123016,0.02332252328716216,0.00013740996149384677,0.5899576508144085
7708,0.034706514258516646,0.05914528894623863,0.10958404063638491,0.07407018663132169,0.7224939695275381
7709,0.012035854665221557,0.06383150235854777,0.20924305666529636,0.07943657596808029,0.635453010342854
7710,0.0006759427606905217,0.1421883530191194,0.1844493833373567,0.0015746167106468118,0.6711117041721866
7711,0.6746793897823707,0.032385886970240134,0.20745704252796948,0.013045425372211313,0.07243225534720829
7712,0.14782497368764977,0.008122680990796136,0.03203099247477444,0.6563625544191481,0.1556587984276315
7713,0.012307341998871438,0.06588845020928513,0.15614875356899036,0.07862430992373387,0.6870311442991192
7714,0.9038157365796468,0.015151902884439284,0.016415450453876494,0.01861496735826081,0.046001942723776654
7715,0.23233831062900206,0.007480655670681378,0.07716695403961904,0.5976974217130223,0.08531665794767518
7716,0.0029340025250990786,0.1680299710298686,0.5861951796644652,0.001790216338285228,0.2410506304422819
7717,0.8077156175247454,0.00803555921975565,0.00270298830551662,0.05735514847828171,0.1241906864717006
7718,0.5556592461349339,0.0930726121722527,0.10188759214632571,0.014795598275929585,0.23458495127055812
7719,0.32791322591947,0.03353478819736666,0.09947401205137274,0.0822332416770584,0.45684473215473215
7720,0.22137492348922796,0.005957275811060316,0.038520186125710267,0.5207087937782912,0.21343882079571022
7721,0.32552415737610785,0.01656739239790414,0.020966867110251197,0.5392492572027165,0.09769232591302025
7722,0.43229342635963075,0.0018880305699709085,0.015638565716399554,0.3606023075285544,0.1895776698254443
7723,0.3590883418433131,0.08191401281605715,0.09940722844355643,0.21955073972679504,0.2400396771702782
7724,0.26181799191255284,0.005712569028583153,0.0219824425923486,0.6344920258146941,0.07599497065182144
7725,0.259603803921214,0.002628558761848168,0.03718251578027732,0.5381533274383807,0.16243179409827974
7726,0.00720042251102103,0.049695706911830936,0.3465394138423582,0.08464103431192375,0.511923422422866
7727,0.4921701077712503,0.0024100741883476147,0.006980472867617271,0.17892256935651107,0.3195167758162737
7728,0.011822473311084979,0.3147116756814991,0.29462941869811654,0.003753274432665269,0.3750831578766342
7729,0.2957749163525553,0.005864797859777141,0.008873794524197516,0.36220116443837813,0.327285326825092
7730,0.5068601647741816,0.10292550351137503,0.2707433888168214,0.02261696193718213,0.09685398096043976
7731,0.00013395041508975231,0.2558999727016123,0.14563122345992183,0.0009478985000582505,0.597386954923318
7732,0.28472014699833764,0.038848091694828425,0.03247538512883595,0.5044707808061087,0.13948559537188926
7733,0.7016032120746982,0.005080527356061864,0.0060921644064007695,0.10668262156816326,0.18054147459467587
7734,0.11678300426059077,0.0034313142490373246,0.03218215423201716,0.6376107215594662,0.20999280569888853
7735,0.0017405764944513928,0.056969925572821184,0.02210879745870627,0.025738109000883105,0.8934425914731381
7736,0.7164652516237716,0.03131482851181305,0.13882851315539327,0.013245510765559878,0.10014589594346235
7737,0.22166653098880595,0.03442674949582424,0.11735035211585404,0.3609314623331888,0.26562490506632697
7738,0.003965817557470449,0.03132514743436566,0.6082245580253208,0.01944228164831011,0.33704219533453295
7739,0.2009107779121682,0.008415513197380015,0.025521252324365324,0.5227449572249776,0.24240749934110883
7740,0.17601477667017573,0.0037138940190080605,0.02607254908970048,0.6274235271964239,0.1667752530246918
7741,0.20467241822116303,0.0055150823894879126,0.028206715807360665,0.591260368459974,0.17034541512201437
7742,0.7043519600149207,0.2300319816696575,0.018724865580498327,0.005992995311771287,0.04089819742315222
7743,0.7210199801516365,0.025264586998509354,0.029787959776366692,0.091665134785328,0.1322623382881594
7744,0.9694862623142663,0.005870431205324195,0.005936611464300721,0.008238361219665317,0.010468333796443567
7745,0.833641378737187,0.024299990539897648,0.024351547765166754,0.02051346488991881,0.09719361806782993
7746,0.00034041683290945003,0.35257506983755943,0.20720419848082514,0.0026612769179941913,0.43721903793071165
7747,0.24488931710329884,0.007713501247916281,0.006284107285861291,0.6153195877120822,0.12579348665084147
7748,0.00017602549029676568,0.21383919680289315,0.19636694488180215,0.001281594560678714,0.5883362382643293
7749,0.029878964532483794,0.015585661833869648,0.03656379061085234,0.5967931953496866,0.3211783876731077
7750,0.18855696179308384,0.004800570466418832,0.027335511780717633,0.6582119148944626,0.12109504106531713
7751,0.00918148845838444,0.2819615164336646,0.6135934206105645,0.005872080929189367,0.08939149356819706
7752,0.32575541744882003,0.021743897212617797,0.12280990865724704,0.09775304405037767,0.43193773263093743
7753,0.9548458233705432,0.007763909286307607,0.00712688054294186,0.011672579782325516,0.018590807017881704
7754,0.08350355747633285,0.0062982630625951505,0.03330335793724029,0.7113674612434963,0.16552736028033554
7755,0.41801274794505694,0.04742225619687589,0.023618933832193257,0.2805118758510914,0.23043418617478242
7756,0.01791942581005307,0.3639242499663116,0.4797148132030083,0.002777039885995108,0.13566447113463195
7757,0.0010106530365562227,0.2333815550305243,0.13447306708631848,0.0010994228291728255,0.6300353020174281
7758,0.035460061085949034,0.10866899039313618,0.06624742653172618,0.03330972862083792,0.7563137933683507
7759,0.4203127173072137,0.04200046091386642,0.016703059593399325,0.2964361777675655,0.2245475844179552
7760,0.14370095240875905,0.008707981133454688,0.024619284551408636,0.6437813919192892,0.1791903899870885
7761,6.13303168211958e-05,0.2923812810417886,0.1581576711353676,0.0009043887775267055,0.5484953287284959
7762,0.0003995466854674228,0.1658466770784652,0.20232434654405668,0.0004635129827343472,0.6309659167092764
7763,0.9390091390717017,0.018374193842102076,0.009638957617124536,0.008263077383959335,0.024714632085112324
7764,0.11732030794445002,0.007080328812704027,0.01831400568789116,0.709259956085403,0.14802540146955187
7765,0.20634348912213749,0.002698513443844308,0.03574129071903436,0.6525634354323518,0.10265327128263194
7766,0.9743660581788649,0.004264552359120383,0.004788313975213235,0.0058257651016806675,0.010755310385120788
7767,0.08105745264109532,0.5850460393337498,0.21341509919263751,0.0069473941582062215,0.11353401467431122
7768,0.031451353422229184,0.060130516567140524,0.12456743154997053,0.7044688827114854,0.07938181574917427
7769,0.7104281330717984,0.0071274265166945796,0.0035921613262947264,0.16657064595266133,0.11228163313255092
7770,0.20264339623019087,0.005937004601511234,0.023293915589932667,0.5545653075854465,0.21356037599291863
7771,0.5604729951849929,0.016478115942933847,0.009398941848928448,0.2887098760784016,0.12494007094474312
7772,0.0826004414692146,0.4059939465972253,0.24159595792819477,0.008174040141100085,0.26163561386426526
7773,0.006657448125755238,0.014264740276169438,0.12939997412570958,0.6190125847447857,0.2306652527275801
7774,0.6131695003848836,0.014390967528631407,0.200112025021151,0.0365112131139312,0.13581629395140288
7775,0.0020482104521909435,0.40619116211879536,0.16129035095473637,0.002058519799512674,0.4284117566747646
7776,0.294251762349044,0.08476595565774062,0.16787291588862976,0.2883293723009944,0.16477999380359118
7777,0.2609558522409255,0.002475962601031112,0.030191802354084484,0.4932662705306736,0.21311011227328527
7778,0.7943692291877417,0.10348356449218822,0.03074386919618189,0.023440738428918615,0.047962598694969535
7779,0.25033311137591535,0.007799818305303013,0.025324852408351767,0.522244406497498,0.1942978114129318
7780,0.00012824422505454714,0.4871845714597229,0.11494795345389885,0.0009931926281449557,0.3967460382331788
7781,0.3763516119951736,0.0024399881389595476,0.025452251718578393,0.4042531217553306,0.19150302639195788
7782,0.7107755156564599,0.02082837502874682,0.04390189260207443,0.1357572759118472,0.0887369408008716
7783,0.5942764658383479,0.07093209845491573,0.07309119050487523,0.11713397620143277,0.14456626900042846
7784,0.32983016573802865,0.026039337303406105,0.10592788290461913,0.3399721297041321,0.19823048434981408
7785,0.4177092058678698,0.007585203944131208,0.014127882561554754,0.5050420873129238,0.055535620313520474
7786,0.9682216527736521,0.007916727096704981,0.005675479189547202,0.009901567051687668,0.008284573888408076
7787,0.05087748711498609,0.22832171539134047,0.6340301694425321,0.003105636338520286,0.08366499171262116
7788,0.0006031521260989416,0.11785041669714498,0.1568809966704357,0.001061077553843515,0.7236043569524769
7789,0.5064547047731291,0.06864424652495169,0.04560393173826234,0.18516018175852497,0.19413693520513192
7790,0.40447716220187035,0.03267547840111921,0.0006322226073001928,0.030248290103360994,0.5319668466863493
7791,0.4230477916376976,0.007884230089670305,0.012462655303080697,0.21091478119607573,0.3456905417734756
7792,0.7086824746516112,0.023142460435622847,0.0422795217701519,0.08820059937066674,0.13769494377194727
7793,0.0014184434975596163,0.42406076690160116,0.5103663267747499,0.003434653483877909,0.06071980934221144
7794,0.18497844734685165,0.005146407757620348,0.032343210206029725,0.5652191032673255,0.21231283142217275
7795,0.025711198532613642,0.021738325170410175,0.7048004988433666,0.02741194188524839,0.2203380355683613
7796,0.2621770398972818,0.008172026971361341,0.015677828511212598,0.3376712871996166,0.3763018174205276
7797,0.0032416060830591127,0.39941577894733943,0.4898445651323857,0.005700160426685147,0.10179788941053053
7798,0.00777133921338492,0.42550557804920786,0.4624427580371084,0.005676980619447879,0.09860334408085104
7799,0.7046617936868034,0.006173606209348285,0.006499270478392961,0.25700591038017606,0.025659419245279293
7800,0.12632029932831684,0.08058534903222139,0.4954263687950464,0.05715426173726656,0.24051372110714872
7801,0.008659038898730992,0.30249181620043136,0.598333432722878,0.006457179412298939,0.08405853276566072
7802,0.11388419896293459,0.2823497336105666,0.26138677454614767,0.008296508337485959,0.3340827845428654
7803,0.6061140534521309,0.03055734816440374,0.042381425581940316,0.13077807641302802,0.19016909638849708
7804,0.18351153323761007,0.05236405634348134,0.01784481601230097,0.3398307016027147,0.4064488928038929
7805,0.0007971061382078589,0.0884832087090873,0.18788129083313962,0.001635032862281623,0.7212033614572836
7806,0.48180027335189307,0.015895031897903315,0.012413543125734335,0.0451314261062794,0.4447597255181898
7807,0.15351323611288226,0.004744350851416792,0.031541953975662125,0.5867036032928495,0.2234968557671893
7808,0.5224851327516424,0.025652109164661648,0.1242342575117432,0.1327404267682537,0.19488807380369896
7809,0.5255635551623435,0.003513279595757001,0.0037808364252192995,0.40879456126210845,0.058347767554571765
7810,0.4574297421935077,0.013808524316016842,0.009399249518435196,0.3231970112212832,0.19616547275075702
7811,0.00519427783120385,0.1648527589734511,0.34052124519179783,0.004481173502616049,0.48495054450093117
7812,0.4722376987934198,0.005412290274495223,0.005761162728826338,0.28875602048234833,0.22783282772091035
7813,0.4289447863825909,0.006573398596745744,0.016841340864054564,0.37848998666738143,0.16915048748922729
7814,0.160870512260327,0.012830949142961269,0.049111775515101014,0.5685617724608081,0.20862499062080264
7815,0.26243786996024604,0.021551489178653176,0.0673242305682592,0.3824031603470258,0.26628324994581565
7816,0.020863607483408982,0.04956105025269301,0.10346579268623052,0.05584896289021041,0.7702605866874571
7817,0.6588505898104288,0.011176380949826955,0.0026768339910226563,0.22010912124380455,0.10718707400491709
7818,0.37422154849836126,0.15397194738903777,0.3384208588626118,0.020332164038908605,0.11305348121108041
7819,0.3233226562895361,0.349464424659795,0.15507890231971103,0.01087224688415812,0.16126176984679982
7820,0.5965558346655913,0.0026875641641794976,0.0029543526072585446,0.34504066062092054,0.052761587942050124
7821,0.3337494111031437,0.004905344424705201,0.016507496922194234,0.6066932216588782,0.038144525891078675
7822,0.07236744812689465,0.038082236790678015,0.042859112824734355,0.03214007072419352,0.8145511315334995
7823,0.07236744812689465,0.038082236790678015,0.042859112824734355,0.03214007072419352,0.8145511315334995
7824,0.10168618150923417,0.2840585980811122,0.2490691942468195,0.03138982594370827,0.3337962002191258
7825,0.5849261174731879,0.03789148442891116,0.03051539624124636,0.10286871935384562,0.24379828250280908
7826,0.007480254375998449,0.2428665967224956,0.24255134433429437,0.003086787928257708,0.5040150166389539
7827,0.33634606327891986,0.08716724636135852,0.17995270169082334,0.2574803068521482,0.1390536818167501
7828,0.003950861701022129,0.3663361762351741,0.530536182383472,0.005030100625934452,0.09414667905439722
7829,0.25287207037586346,0.0049871147735747485,0.03191277895615124,0.53099473115534,0.17923330473907048
7830,0.40237619767842847,0.005339864027378068,0.023353694589295256,0.42696533373125306,0.1419649099736451
7831,0.28635017151385717,0.1211219574931469,0.11625830236582049,0.3099842575035207,0.16628531112365463
7832,0.3443096630268655,0.007517107193014943,0.00935614863243967,0.5769490964848072,0.06186798466287269
7833,0.1871308999274569,0.007092090481599856,0.05165702117640548,0.6221826983003973,0.13193729011414057
7834,0.016025787803969918,0.4593916689761728,0.45309915240659876,0.0008922626660025191,0.07059112814725603
7835,0.04651548798797217,0.012723822954565409,0.029735608314864603,0.293951363397989,0.6170737173446088
7836,0.007304232959351329,0.01867158805769951,0.09961510097830681,0.5617620544992632,0.3126470235053791
7837,0.9452011054975653,0.014534914261206287,0.010847938908854451,0.007680314333358433,0.021735726999015423
7838,0.17137160231302953,0.008165081999133768,0.011504648108050625,0.5346508469737022,0.2743078206060837
7839,0.4961762340597546,0.010728254832003216,0.011297181675186603,0.03388437716185049,0.4479139522712052
7840,0.6381548797689724,0.004742676864306938,0.005899624594628026,0.1606452552681794,0.1905575635039132
7841,0.01920698307997508,0.5601417671658333,0.05644954821264734,0.002162707583902439,0.3620389939576419
7842,0.265104273915381,0.07143701025643019,0.08394586831660217,0.38840255838359167,0.19111028912799496
7843,0.8367741148907193,0.013425718694741967,0.010603978247163628,0.03261165959146062,0.10658452857591458
7844,0.023864159753986217,0.016709127715700208,0.11652025350649868,0.4091015136421725,0.43380494538164244
7845,0.3006214915773798,0.00451456678769896,0.01705654554887742,0.5450508959364901,0.1327565001495537
7846,0.2666120100818004,0.2330269836294181,0.12897656859162254,0.03588492807091618,0.3354995096262428
7847,0.7073193848382543,0.08079146237077242,0.009069013132816257,0.006478814739472237,0.1963413249186846
7848,0.32111945123410324,0.03383502415626582,0.1531002651806347,0.3658388609596592,0.126106398469337
7849,0.19045200381693136,0.006186068500979662,0.04332349597463432,0.6189591018464334,0.14107932986102115
7850,0.005523460378129923,0.4091268650010944,0.45537738208278833,0.002608474570283023,0.12736381796770424
7851,0.2999715433478029,0.0058396015491734826,0.009073098417857701,0.5335836044520805,0.1515321522330854
7852,0.22385456467978795,0.006670250982097852,0.03357689177514599,0.5999476836937399,0.1359506088692283
7853,0.40256960916488965,0.006581239873148269,0.021030431308876815,0.46317781129516883,0.10664090835791652
7854,0.3299189000300017,0.01811486918449662,0.01234275274418032,0.5137317102509037,0.12589176779041758
7855,0.02254130812136946,0.04179140183516073,0.03754636029957556,0.2899057427733374,0.6082151869705569
7856,0.1085960241232711,0.00496474733661232,0.018952556514471613,0.7135823714468588,0.15390430057878615
7857,0.12376326440878921,0.23362535654457403,0.07256221020053318,0.061823484298608615,0.508225684547495
7858,0.33040297356815373,0.005629133850694727,0.0163592783918136,0.6096241499865679,0.037984464202769956
7859,0.003659472718243633,0.19554724886319869,0.20897736937220962,0.0026595145156900397,0.589156394530658
7860,0.015235087398340397,0.015389201314200459,0.11026362472311353,0.5171697338672505,0.34194235269709516
7861,0.16663258726254815,0.008754746843530094,0.0353076524191921,0.5753013740621751,0.21400363941255457
7862,0.6640856298125551,0.012094597215650545,0.0035637379669311736,0.023519029944935536,0.2967370050599276
7863,7.107260071250953e-05,0.4288306385770242,0.19469627856907357,0.0008481393772934395,0.3755538708758964
7864,0.5357058305208598,0.03716466177086265,0.05057166114733237,0.1079896868090378,0.2685681597519074
7865,0.31494070545483926,0.048935725862017665,0.10928709880788041,0.09316649641445397,0.43366997346080866
7866,0.36751619969427507,0.04735028220156564,0.07601543160327727,0.24649881091449757,0.2626192755863845
7867,0.9091182212726632,0.005248171426913336,0.014722440153491244,0.03510545385373719,0.035805713293195054
7868,0.03830512664973378,0.11879058043295951,0.3207050017413723,0.09637891574644426,0.42582037542949025
7869,0.8007731072291072,0.034326451504250254,0.007781893731405856,0.02721966718418463,0.12989888035105204
7870,0.038862700690820755,0.09721278683143394,0.6924215860984992,0.0024227627157816186,0.16908016366346457
7871,0.16020536202293112,0.005804787273372274,0.048828403745928846,0.5016068991001023,0.28355454785766554
7872,0.10448671533630456,0.43418923398971815,0.17024197224770887,0.005616911855582166,0.2854651665706862
7873,0.18750371607657973,0.03265962371316315,0.115920270679263,0.41182723013315575,0.2520891593978384
7874,0.00040215069868950457,0.07985068511847371,0.16633834879752465,0.0010102524058952255,0.7523985629794168
7875,0.8453437625280803,0.06521066764101416,0.023996680437116467,0.01714881238531761,0.04830007700847138
7876,0.24423799885779085,0.02841770865982509,0.1021877518115787,0.3190805873655564,0.306075953305249
7877,0.12663089540966174,0.29317430228885816,0.037477193659674446,0.10656359286714283,0.43615401577466284
7878,0.001197528955227703,0.43585039066036246,0.019403224182485197,0.03603259094721699,0.5075162652547076
7879,0.16939351838910743,0.010719038516642191,0.040083970820994824,0.621786309115758,0.1580171631574976
7880,0.9730154061996872,0.004206069173328302,0.004796080946937165,0.01132626288777015,0.006656180792277288
7881,0.002476187818236055,0.20544668170739558,0.0429475731528149,0.0033211644385552474,0.7458083928829982
7882,0.0010971205039140884,0.4691084047151526,0.4615693796940416,0.005246886675663352,0.06297820841122839
7883,0.3019739481251986,0.004029025438690921,0.007026704724097327,0.46817614170276506,0.21879418000924808
7884,0.001708754020832148,0.28269307839056046,0.6077482852785281,0.002884751598659163,0.10496513071142026
7885,0.03249616399989886,0.010714081492670658,0.02225033264409462,0.29468981218842244,0.6398496096749134
7886,0.45296065668299057,0.007660835530584353,0.019408321529720392,0.3265749553155891,0.19339523094111563
7887,0.3191734566084753,0.00715199578845784,0.012418118010174782,0.4057635766133917,0.2554928529795003
7888,0.38555558967915915,0.009001723185624996,0.030862299149602656,0.3322549775361334,0.24232541044947986
7889,0.30225712212866357,0.008400881194570251,0.020380912088564376,0.4769980094547841,0.19196307513341784
7890,0.6692821709459268,0.014300465838592237,0.03338305429048283,0.12205607210788229,0.16097823681711598
7891,0.4235451622845749,0.004597743011449101,0.03697352000014598,0.45473116529009616,0.08015240941373397
7892,0.6581391737120628,0.02032796402541012,0.03847831274791649,0.1776283945429413,0.1054261549716694
7893,0.5825130987370294,0.02155461417394088,0.05889097413789877,0.16857555173622443,0.16846576121490642
7894,0.00042180297232486064,0.31085617171789537,0.18413024548601656,0.0011576396771596138,0.5034341401466035
7895,0.020789129569190618,0.5369351386889635,0.35473637950883335,0.0015350895558460548,0.08600426267716653
7896,0.02459061613787484,0.022266593432115636,0.05816184517930061,0.47780549049551146,0.4171754547551974
7897,0.31812665412418545,0.0037614895532088522,0.0191814173553744,0.5209629541752617,0.1379674847919697
7898,0.9152529149939015,0.02335055988545396,0.0193569780728841,0.008066907728400479,0.03397263931935999
7899,0.0008753179101173208,0.5190703384246685,0.19268805213489773,0.0012897992227830694,0.2860764923075333
7900,0.4653652535208312,0.0031825700560434034,0.011578962567950981,0.48075188831836707,0.0391213255368074
7901,0.8420582120011443,0.028497402603272673,0.008860708304285533,0.026109307376629635,0.09447436971466806
7902,0.029025951819958453,0.263937678321564,0.5576894352852342,0.002867270680621126,0.1464796638926222
7903,0.0014369202588597884,0.09449156984583079,0.02784676286532593,0.24200440827375816,0.6342203387562253
7904,0.24944971558879875,0.002481852380766125,0.01914427835603604,0.47024836601327996,0.25867578766111904
7905,0.01342708745096633,0.04490914817413649,0.6819523252345853,0.02486406647360862,0.23484737266670322
7906,0.9226821241550416,0.006512474505153096,0.010491134784204874,0.012195044340425945,0.04811922221517436
7907,0.003638395848780249,0.39026833520402504,0.4785630005852581,0.0034780415781621573,0.12405222678377437
7908,0.6753376629013245,0.01662539485126778,0.18364192806620294,0.019279552840807873,0.105115461340397
7909,0.8541198725040816,0.006593451833682393,0.009430025676401848,0.030419937504046958,0.09943671248178715
7910,0.8009879882753507,0.01590748347516757,0.0244910462700626,0.11259821841395694,0.0460152635654623
7911,0.3656085251452897,0.01858921331258196,0.3737480500405252,0.09542537568028142,0.1466288358213217
7912,0.18344837884801216,0.031130884705593994,0.10134230705832008,0.4057685132855446,0.2783099161025292
7913,0.5408261712652441,0.0376096807534672,0.11222903600644184,0.19635645075697764,0.11297866121786912
7914,0.5200604665064497,0.0321157525382103,0.12826980955566694,0.1299478278693711,0.18960614353030203
7915,0.13439494372983468,0.0028890209796867935,0.04020998522849646,0.6549594745763132,0.16754657548566879
7916,0.037058325119566415,0.9032585853962665,0.03856728866297578,0.00048659945479743224,0.0206292013663939
7917,0.3806826111587448,0.010577750838765778,0.010949385119823017,0.360085304406737,0.23770494847592946
7918,0.47492260035984335,0.014963430358844792,0.03688636538928627,0.398843684720334,0.07438391917169157
7919,0.30632566548254797,0.10562410884100336,0.07080208382586997,0.33793030514178185,0.17931783670879697
7920,0.48500744543268837,0.004510938284361591,0.004574138536886379,0.34041775917937905,0.1654897185666847
7921,0.2195392417020321,0.007935009802070911,0.011298255821283373,0.46758434848687525,0.29364314418773846
7922,0.5303197493493407,0.01332629289622346,0.01711735501138713,0.04052990823629803,0.39870669450675067
7923,0.20123930337843288,0.37163901909304486,0.3191914467898116,0.0345137840520029,0.07341644668670784
7924,0.8399595298120577,0.040069303873541066,0.03506544885407575,0.015074529614501418,0.0698311878458242
7925,0.6658244219194264,0.02004732584675281,0.008344126188374707,0.01681369611623916,0.28897042992920696
7926,0.38433629167047034,0.007281747440092119,0.013396226875734196,0.5626068283138893,0.03237890569981409
7927,0.21148847966305606,0.0026381352634335157,0.0388088205047073,0.48176092422824573,0.2653036403405573
7928,0.006997397433250472,0.05282465259774815,0.38879363290605673,0.14566757797450758,0.40571673908843703
7929,0.3395255948453907,0.005326798600333601,0.018956743817805013,0.5195933585724831,0.11659750416398762
7930,0.009204501097140253,0.019124905718448437,0.27533838412813133,0.6104346324515243,0.08589757660475568
7931,0.12420815660126924,0.21439114451145824,0.4786467672347899,0.043168347353342455,0.13958558429914014
7932,0.0938329535807821,0.14741710003396308,0.15107278418606201,0.09677071987915488,0.510906442320038
7933,0.011169390432820262,0.014675181738515215,0.10331797874626349,0.4402244752980888,0.4306129737843123
7934,0.8701269301752625,0.04628213631653436,0.02350235493112336,0.0200575766570587,0.04003100192002076
7935,0.9867482995823961,0.0034673053051885536,0.0023204790544925037,0.004311234727854887,0.0031526813300679713
7936,0.9670340116913279,0.004182714867309154,0.008764582252499488,0.010466306662482626,0.009552384526380905
7937,0.019855864360784008,0.05355371705986586,0.6372295894674939,0.008426663250507649,0.28093416586134856
7938,0.07955114063291165,0.013139204125190207,0.050931034209709465,0.7497824722265778,0.10659614880561084
7939,0.027789816833292208,0.009382914811154018,0.061997949071087174,0.8183061255103818,0.08252319377408471
7940,0.20036786431824513,0.21512515631553322,0.22135669162465532,0.015597382728602173,0.34755290501296426
7941,0.12856904562592006,0.003658661968526144,0.041922443180182886,0.678556616799802,0.14729323242556897
7942,0.1812910175146291,0.006398067188805129,0.05856573345742874,0.5602399486187314,0.19350523322040564
7943,0.5552366266742358,0.18327568755786014,0.05147826612022017,0.1292107034901869,0.080798716157497
7944,0.2910276670109051,0.10146035342238373,0.17512382766781157,0.2671831258488119,0.16520502605008766
7945,0.0006667205222002891,0.10615478056665095,0.1575138010642311,0.0010909285868293947,0.7345737692600882
7946,0.4269381969652534,0.0052678610442145005,0.012676685433430175,0.351255481067675,0.203861775489427
7947,0.014869056458699957,0.027256824265575352,0.3045969309990424,0.07916007873550246,0.5741171095411798
7948,0.021109862659988352,0.021406339335342917,0.02940217951489971,0.27422976767535245,0.6538518508144167
7949,0.0003481138031826434,0.30578170006856287,0.13639152923697886,0.0006839177150545368,0.5567947391762211
7950,0.019268606899089623,0.022654361844812596,0.05254819414658593,0.21944549870337351,0.6860833384061383
7951,0.0038802652566888476,0.24322725387398653,0.4803166515272889,0.0036495426081777074,0.26892628673385793
7952,0.9446133528514876,0.00654599616010819,0.01058037718021858,0.012202276334785317,0.026057997473400457
7953,0.035460061085949034,0.10866899039313618,0.06624742653172618,0.03330972862083792,0.7563137933683507
7954,0.6526264534852101,0.005215429142319757,0.005230408805016722,0.11780551441374576,0.2191221941537076
7955,0.03850160176627211,0.11752775350437447,0.15737069140521537,0.237007966762081,0.4495919865620571
7956,0.27344725541095866,0.0059270682105612175,0.019734983312712954,0.6265153925993803,0.07437530046638693
7957,0.30425717867891516,0.004903123542287943,0.029730642976607137,0.47963893948032243,0.18147011532186735
7958,0.7977977758009382,0.028781338864990548,0.003086895939286534,0.0446244819817273,0.12570950741305714
7959,0.9675751931589986,0.0066845579511633875,0.006550065263024983,0.010221538230609057,0.00896864539620376
7960,0.21680527108675232,0.0031946523221042912,0.019758874095275998,0.7174740246751158,0.04276717782075155
7961,0.1631062427008224,0.0035637860310232215,0.023851580163067425,0.7371584684432583,0.07231992266182864
7962,0.15658877371633742,0.0038154480612369672,0.042766018530470414,0.5931311936452709,0.2036985660466843
7963,0.005397408906518035,0.4648096202572113,0.46384390093956807,0.002627963993546575,0.06332110590315616
7964,0.8380138915536488,0.05492861609915826,0.03283695790465823,0.020696811506805718,0.053523722935729094
7965,0.3079711498276654,0.006522642053077513,0.027995385359479076,0.3730204253041216,0.2844903974556563
7966,0.00040746411489412434,0.07851512165483167,0.14421177226798676,0.0009753882101795073,0.7758902537521079
7967,0.35786120014439265,0.029989633015443336,0.10530454680188198,0.09468436407722039,0.4121602559610618
7968,0.1886089791260222,0.014963605741449957,0.05088350205909195,0.48981836330248907,0.2557255497709468
7969,0.6451737905215983,0.029358119760050212,0.05754374677471238,0.17900104477804057,0.08892329816559852
7970,0.28433994584642536,0.00600411331883416,0.01113871161098753,0.5667579561406271,0.13175927308312588
7971,0.3100707735334128,0.005777916197408523,0.03137534709937604,0.5015466956313912,0.1512292675384115
7972,0.24899500881429512,0.004650460858317827,0.023609972966409976,0.67431085476817,0.04843370259280705
7973,0.011005993623690813,0.2902117632563951,0.6144143247564986,0.0038294868853922847,0.08053843147802324
7974,0.3996465519784965,0.004180323965091164,0.006395465421061727,0.551578764332291,0.038198894303059526
7975,0.5844116538244354,0.010371402557506034,0.055534993733169585,0.0635988953099976,0.2860830545748914
7976,0.8217307677071672,0.0029612332195936668,0.0026946084454099084,0.12417675348515776,0.04843663714267143
7977,0.0009017437092490218,0.3215026874694426,0.2561176825247183,0.003457658743024809,0.4180202275535652
7978,0.007540001805071513,0.5093446532652381,0.13114971025536798,0.00563093233544192,0.3463347023388804
7979,0.005673846764315907,0.8093099494245098,0.03411705263656906,0.0006559419818918666,0.1502432091927132
7980,0.26397362901572785,0.032523492009591023,0.23518230818939506,0.29145638382768163,0.1768641869576044
7981,0.7953138704588821,0.1752447191261743,0.012148169638727656,0.006594156811597847,0.010699083964617877
7982,0.13622690883969044,0.004228197710073882,0.015830126919116717,0.705603109656384,0.13811165687473495
7983,0.5593668286057079,0.004249447779498764,0.0065815606063816924,0.16804553611448694,0.2617566268939247
7984,0.364242233682056,0.008534338210983124,0.025421667818819722,0.45569370681377663,0.14610805347436465
7985,0.3436677552746927,0.0029110816968027625,0.029420017669919807,0.3212877282719732,0.30271341708661154
7986,0.006725118234267314,0.010615866495086843,0.1344559881246948,0.6768775011437541,0.17132552600219694
7987,0.48522150723193547,0.17109696188785936,0.02485538358943306,0.03849244465445466,0.28033370263631735
7988,0.9393453828173035,0.009715627734150368,0.01126336456356332,0.015072910205261459,0.024602714679721322
7989,0.4035635817653461,0.005694689363341013,0.014998559619262044,0.5417414025748941,0.03400176667715657
7990,0.007549462586092871,0.3738752145426145,0.530178313029811,0.0028932303579579017,0.08550377948352374
7991,0.5131422039497444,0.018269235826526124,0.009520241810670318,0.33060566461641455,0.12846265379664454
7992,0.005330708786525645,0.08752950129716489,0.011005629345905718,0.002854714980243064,0.8932794455901607
7993,0.0020351178977001216,0.5872563773686478,0.13545979425404153,0.006191375935972757,0.2690573345436379
7994,0.05379999358478647,0.3141130317722771,0.5278886226841589,0.0030606017568975056,0.10113775020187996
7995,0.0004162907386185725,0.05846136053113014,0.15318803989398555,0.0008248859010055885,0.7871094229352602
7996,0.4814245515110813,0.03484868187137371,0.06426601040378516,0.17362554435391434,0.24583521185984553
7997,0.2717417563730392,0.15373266655265513,0.15497249020144868,0.3238909602820701,0.09566212659078686
7998,0.36050239241125515,0.03143649746979596,0.3373034822821811,0.1371881340517152,0.13356949378505267
7999,0.22593237099712654,0.00794448030517163,0.03717706892371646,0.5304994040800376,0.1984466756939478
8000,0.872448986766062,0.011233974601821158,0.0721621438427826,0.007109538826461556,0.0370453559628729
8001,0.5696848290157959,0.014940702115681754,0.0078096660193733985,0.2420620011527492,0.16550280169639983
8002,8.726871485110253e-05,0.09011563254165668,0.1882270635030435,0.000892885943362263,0.7206771492970865
8003,0.29014568582849565,0.002103206109245855,0.018391783390232275,0.47195048581327975,0.21740883885874654
8004,0.47941119642558755,0.02706106835810705,0.06325733853871601,0.1843807041001891,0.24588969257740026
8005,0.7021910209124752,0.01671424537557897,0.03278210603109781,0.14413910137596148,0.1041735263048864
8006,0.36507690465487047,0.12764912863168681,0.16187158534946838,0.01516732985886814,0.3302350515051062
8007,0.3083987900991857,0.05445500477079166,0.11516293345685404,0.232676484211149,0.28930678746201977
8008,0.002355873491169009,0.18925293474863056,0.5326866222687944,0.003084175459332051,0.27262039403207405
8009,0.04683018269254241,0.6218410659489736,0.2884016426806325,0.000631884000042754,0.042295224677808774
8010,0.3713999580790375,0.006233741684136977,0.03344192722966221,0.44085579727881447,0.14806857572834903
8011,0.8128094962745549,0.019883397549878487,0.008897253604713922,0.03252791719492733,0.12588193537592543
8012,0.8987108219587395,0.018549679464995878,0.01681551153703637,0.01287845945430971,0.05304552758491841
8013,0.0015514588384828209,0.08427506638320269,0.14205448091224102,0.0008311189670304437,0.7712878748990429
8014,0.4173392464932903,0.33690758937696236,0.20568231764464198,0.004128681310623375,0.03594216517448218
8015,0.8382717534848522,0.010622424477598058,0.023471874703129,0.021434616207324505,0.1061993311270961
8016,0.13753853419188392,0.0020784527572194718,0.036769136825555215,0.5854187941685135,0.23819508205682793
8017,0.5627174085744355,0.04702787105190976,0.06752543836317322,0.20174989319442307,0.12097938881605841
8018,0.004693222922038009,0.0786001248287012,0.7585071713989282,0.024700956252185904,0.13349852459814668
8019,0.29710625746793046,0.0015548668725629499,0.01672754381759585,0.645725966073777,0.03888536576813369
8020,0.4720952394420879,0.05155831245186163,0.17244027562958156,0.06570871210070563,0.23819746037576311
8021,0.004966704787656017,0.019278402576097364,0.0660312102613703,0.683097989980993,0.22662569239388333
8022,0.316867606647666,0.007299886868099303,0.015689100296270745,0.6114075775150524,0.048735828672911555
8023,0.3586861963078566,0.006339802676092801,0.01534457797877396,0.333056791332023,0.2865726317052536
8024,0.604946693983327,0.016187462710486496,0.017210970378201233,0.030851092914066014,0.3308037800139193
8025,0.9676920668465687,0.007590259257841128,0.005312236965028843,0.00661833447967784,0.0127871024508833
8026,0.017787544200709382,0.016617743948916183,0.114554684521816,0.3463177344055565,0.5047222929230019
8027,0.24332667734869498,0.006809599488953352,0.03378970656727999,0.4354776923412357,0.280596324253836
8028,0.40346596224245995,0.046454311350387086,0.06538391058483432,0.30150490188591295,0.18319091393640569
8029,0.09073498725226474,0.04954960332915289,0.09765524292849885,0.09281016451225885,0.6692500019778247
8030,0.6945255358724504,0.24024001678652607,0.028266177771694326,0.008597320327116402,0.02837094924221285
8031,0.7886387379969184,0.01714753092849414,0.02233798287861557,0.09236583258820884,0.07950991560776297
8032,0.6264904274449986,0.002248385651986925,0.005893691368316535,0.34427342412405904,0.021094071410638862
8033,0.0023693035418629444,0.021913255089296917,0.010696231416383024,0.3065096555767002,0.6585115543757569
8034,0.028747621876477825,0.4810805459655855,0.4074564103989855,0.0009040513401097838,0.08181137041884132
8035,0.2958275260939097,0.004493672440995828,0.01268283972252501,0.6208998470015735,0.06609611474099586
8036,0.18077169618377076,0.007142137816347646,0.07017803727973311,0.5771858979519577,0.16472223076819073
8037,0.5066491678248982,0.05921521306908917,0.1131586332522535,0.18535758462249508,0.13561940123126395
8038,0.011389345631052273,0.02344534354506428,0.0488764697457472,0.5649676782446158,0.3513211628335204
8039,0.03986867308303995,0.05063457113113478,0.698567837139892,0.051653679803759026,0.15927523884217423
8040,0.28048967838480465,0.010573255005930518,0.04038487335193886,0.48505991571914936,0.18349227753817673
8041,0.06290403875865269,0.005149044640544242,0.04237710510978269,0.7466876052542545,0.14288220623676592
8042,0.3265679187969648,0.005883221150093499,0.02354974707798922,0.5951483334994357,0.04885077947551659
8043,0.09465727866870492,0.05811876816481098,0.03039691429046446,0.22477708913716235,0.5920499497388572
8044,0.0061387743844804575,0.35738378844924273,0.046117966641130284,0.10609566577500071,0.4842638047501458
8045,8.480748621897894e-05,0.20065594421872918,0.15685948714677506,0.0010976666316112897,0.6413020945166654
8046,0.8419012514780926,0.015214094428293202,0.00813296940180883,0.02709385231239813,0.10765783237940729
8047,0.896602638316557,0.005958062757597073,0.013105811762344278,0.04826509625004038,0.03606839091346137
8048,0.9291387070305476,0.015178030849755013,0.012845011400953744,0.014621504760672295,0.02821674595807138
8049,0.4291378987211152,0.03348227908174146,0.033190001149305474,0.05510776279303886,0.4490820582547991
8050,0.004049111350965619,0.10832283200642542,0.008348484438054117,0.028569014722395508,0.8507105574821593
8051,0.1242294326915336,0.060748375550557995,0.0339307800496761,0.38614679088305776,0.3949446208251745
8052,0.41499566288265727,0.0064861434403445314,0.017622332956882057,0.3760320086815263,0.18486385203858985
8053,0.18733836934121906,0.040480017268204924,0.39950196985304254,0.13923324282130897,0.23344640071622444
8054,0.41052610396527317,0.00969167465599581,0.016235759491113364,0.2588154018099852,0.3047310600776325
8055,0.023154673158776846,0.24560899772216108,0.2467017872064011,0.001725657836869531,0.4828088840757913
8056,0.20988225073659444,0.0030522656185366444,0.012063414172180742,0.6355584950562454,0.13944357441644287
8057,0.3794743596429112,0.002171781972068412,0.01821873994237113,0.4702634563111952,0.12987166213145412
8058,0.5123896058975657,0.03671145413542229,0.07824546275586562,0.15150394440167791,0.22114953280946845
8059,0.0030153047982917455,0.02082750541516574,0.7572646575876624,0.03183135220597322,0.18706117999290695
8060,0.19176579138286198,0.005382171944873916,0.040764559107030786,0.614995170777883,0.1470923067873503
8061,0.22227708122747597,0.05545696751393716,0.09855844938599284,0.16808311398113135,0.45562438789146265
8062,0.21087406094279773,0.005777789869820914,0.04972756008761959,0.4997483829357773,0.2338722061639846
8063,0.8338398965182748,0.00855178141289167,0.0022861279266937675,0.11234227818576067,0.042979915956379074
8064,0.1894845835844509,0.00985142016644311,0.023601115045227588,0.7384066794296409,0.038656201774237606
8065,0.1237690355032006,0.005693368288787784,0.0442530211948342,0.8170392200783014,0.009245354934876047
8066,0.1550538360638222,0.22208695432691725,0.04782907376872259,0.03312428791261688,0.5419058479279212
8067,0.20767996539126168,0.00320580268125444,0.03678059523998017,0.5417546321020563,0.2105790045854474
8068,0.006678476547640297,0.39342622308548525,0.49562442895456954,0.0025373928839528058,0.10173347852835218
8069,0.8219907707841722,0.02098034071999533,0.11132507064743463,0.008211287412431116,0.03749253043596669
8070,0.2743879019778742,0.004066384356633281,0.013553327554815713,0.35112399364520935,0.35686839246546753
8071,0.3338530077868574,0.0073921915638053325,0.012942461602261462,0.37741366409519883,0.2683986749518769
8072,0.3288034884559991,0.005587252075591004,0.015759144476977356,0.602365388672448,0.04748472631898448
8073,0.0026871213710344764,0.2307035010461932,0.020765796115924093,0.03458911879438874,0.7112544626724595
8074,0.12029687153174475,0.005223918711832459,0.046723816400762494,0.7244880501036369,0.1032673432520233
8075,0.7772097713633811,0.02613851371463237,0.1269313632351664,0.0038853354458025617,0.06583501624101781
8076,0.15173841371183802,0.05560614524299566,0.04838262118980129,0.5640537778463186,0.1802190420090464
8077,0.00045579452761424535,0.41179704674915274,0.15356799725635062,0.001249929423348427,0.432929232043534
8078,0.7622783257213973,0.004648669224098574,0.003405108923580498,0.1417955265250814,0.08787236960584224
8079,0.34167713615814327,0.2549625049215256,0.1882820741488259,0.010879962772172621,0.2041983219993325
8080,0.30577625186880264,0.007926899310548855,0.017457884299993676,0.6213954738894347,0.04744349063122014
8081,0.3606900312718561,0.007620087448727402,0.02502039027027338,0.4370983763614083,0.1695711146477349
8082,0.009871339712358693,0.01260920292158371,0.06581174115962417,0.8377784765348584,0.0739292396715752
8083,0.016054301779979678,0.010949230569242737,0.030474574244234838,0.5748084512308103,0.3677134421757325
8084,0.3211292255107689,0.009695713434417398,0.030406739418974232,0.46131565012348624,0.1774526715123532
8085,0.0010903238062240034,0.1510802032273579,0.3800655786957493,0.0011634094277390794,0.4666004848429299
8086,0.1119322240561251,0.29961355362264686,0.4184063079950258,0.03744481866818376,0.1326030956580185
8087,0.0001306656609915622,0.4947903501561716,0.10567400226369932,0.0008489816424779177,0.3985560002766596
8088,0.17375607097652765,0.0054258651883654025,0.039191046796172635,0.623476457771764,0.15815055926717025
8089,0.0008193594892654463,0.528296492267343,0.19418844320010387,0.0011926350278872685,0.27550307001540025
8090,0.20067895851168077,0.00868193047666284,0.08038653828380976,0.5999502154720168,0.1103023572558298
8091,0.29227545959431367,0.005528684408327556,0.01885991082914029,0.4977094595450676,0.18562648562315087
8092,0.4053071381452553,0.037306156657127,0.15100665079502143,0.2614015137693538,0.14497854063324248
8093,0.0037540787828743674,0.36161613843486057,0.5140286299062012,0.003145064840787346,0.11745608803527653
8094,0.4061888438184181,0.28734994667442965,0.031933821292874864,0.010485609924786409,0.264041778289491
8095,0.46468203811419434,0.0030210020925793882,0.010932418101950482,0.42157601247701937,0.09978852921425646
8096,0.21521054181896576,0.005766371474580526,0.04990368617760558,0.4933454794290875,0.23577392109976048
8097,0.8231053783122617,0.009785882757173663,0.024711413990618276,0.022566568777678472,0.11983075616226782
8098,0.4656191919286257,0.04529674744253982,0.08649440603132362,0.2281939759582104,0.1743956786393005
8099,0.24755362342223333,0.005419609082574993,0.02881919529614511,0.6627643619522741,0.055443210246772505
8100,0.8653267016526305,0.014789176024153678,0.00890568276411405,0.019016962198203688,0.09196147736089809
8101,0.5684756885547645,0.0043986754057263495,0.004572159574394093,0.13412075756252043,0.2884327189025946
8102,0.3065802040476725,0.006201754699690869,0.024028875422626585,0.4408639179155086,0.22232524791450145
8103,0.4312340272072894,0.015609903010126084,0.010826757118267936,0.20284615968111633,0.33948315298320014
8104,0.001975882591996436,0.24707098657860374,0.18344456578103369,0.0023786618553865934,0.5651299031929795
8105,0.3247629370444394,0.01909025715905897,0.05915076397710889,0.46365463476712987,0.13334140705226294
8106,0.003081258650408484,0.5105717420434296,0.4125775339519403,0.0021831279783367146,0.07158633737588489
8107,0.015739281210001822,0.4436013044011746,0.452123347023222,0.0020732514123331935,0.08646281595326841
8108,0.2970480919790451,0.41591111419731475,0.14542368304918388,0.07952471382113802,0.06209239695331823
8109,0.00017591767020835273,0.3264317139616156,0.23276641446265503,0.0016756748118998638,0.43895027909362117
8110,0.14893537700763565,0.003251734398768812,0.04243857496495526,0.5821307616883326,0.2232435519403077
8111,0.31510128763814405,0.04075099341425563,0.09125483759602585,0.18197864037320002,0.3709142409783744
8112,0.5594933241147151,0.02977457468943818,0.07057677934904948,0.18063366565775318,0.1595216561890441
8113,0.26676679748054455,0.013752530608521552,0.008066438224221435,0.5166114119324438,0.1948028217542687
8114,0.017991991708758585,0.1638263382229835,0.6123380549783799,0.001353203582685585,0.20449041150719238
8115,0.5240733939144464,0.018363945681845364,0.10163441861002746,0.2123478684522706,0.14358037334141013
8116,0.19478092209324144,0.2781066744279445,0.03863594667443406,0.05113176439597836,0.4373446924084015
8117,0.35159668810052735,0.002432424666223409,0.025474932517608174,0.5621200029084721,0.05837595180716904
8118,0.9187893497666743,0.0013060354553158043,0.0003067468763333398,0.06210562677623519,0.017492241125441624
8119,0.07254688415480215,0.09901341475923642,0.03473734336623635,0.026767338922041365,0.7669350187976837
8120,0.5152865117638612,0.05911364970403273,0.2414931166223841,0.011620075859197663,0.1724866460505242
8121,0.010801137295293367,0.015421983986848355,0.1557524689361838,0.495076268796614,0.3229481409850604
8122,0.0023643459358806958,0.38161122841190853,0.13300682589108528,0.0016350463770138089,0.4813825533841116
8123,0.6465995864813093,0.008335343459409224,0.011704701776617785,0.015964251206556264,0.31739611707610743
8124,0.9650811380342866,0.006806198854543663,0.006983474811186262,0.010294800770080801,0.010834387529902902
8125,0.020511946128335155,0.011745576763078953,0.02419960158898418,0.8084127850644313,0.13513009045517035
8126,0.0037768899082382674,0.3053778187871574,0.5906907662218056,0.004052588933532715,0.09610193614926608
8127,0.008529553100071221,0.013883136574318748,0.10376311743317831,0.6094931019044282,0.2643310909880035
8128,0.4375263411483525,0.013780979747703336,0.014936693974479227,0.36720474553555044,0.16655123959391457
8129,0.215289921736455,0.003959380330060498,0.04045081011127231,0.5215003253044024,0.21879956251780983
8130,0.4132325613160408,0.018729966398245135,0.1383468504905304,0.20538418410813264,0.22430643768705097
8131,0.3080726732358666,0.0021268459755118614,0.01756011046002421,0.47117802084245747,0.20106234948613977
8132,0.025737100890010238,0.033932928053639136,0.03400824672675918,0.3086776473279118,0.5976440770016797
8133,0.7120084299366874,0.004392008993128659,0.004362114651739686,0.155319609428133,0.12391783699031121
8134,0.9790554180956303,0.0064833094379459135,0.0038007429679678107,0.006079889436110709,0.004580640062345364
8135,0.30924719856203847,0.010495407796429698,0.022610914088410507,0.5242368496342296,0.1334096299188917
8136,0.005137118973082014,0.25285731252685184,0.6304142358226639,0.0033400717266790195,0.10825126095072332
8137,0.3162500338049976,0.005875229703224452,0.03838319760710679,0.5884164117936682,0.05107512709100297
8138,0.22392384151040381,0.00906958674893045,0.03153119164659581,0.5137757002599956,0.22169967983407432
8139,0.006910214122554209,0.017230645889319645,0.2549752418490268,0.11791687229934315,0.6029670258397561
8140,0.35481444694679265,0.008248349798930053,0.02236314876608629,0.5182116847522625,0.09636236973592854
8141,0.26507469758051405,0.0058737321285924765,0.028537531680533083,0.644867761890301,0.05564627672005934
8142,0.007968786531781888,0.012694681011996986,0.12591884705457296,0.46869375995356505,0.3847239254480832
8143,0.28827462776599105,0.11369678358609919,0.0883250692548852,0.16548671465872794,0.34421680473429656
8144,0.017044626386320746,0.015858589286517646,0.07055271386749595,0.4727839688522517,0.4237601016074139
8145,0.5188535900629706,0.06620865126513464,0.002553569817821406,0.20832917076862878,0.2040550180854445
8146,0.141284867337822,0.008903259240879646,0.04378071226869999,0.5683839057606043,0.23764725539199405
8147,0.4150016038476068,0.004939747974188798,0.016109413452573086,0.5126837769795078,0.05126545774612339
8148,0.09370366877106774,0.013993601340598138,0.03438081524467054,0.6646850614463244,0.1932368531973392
8149,0.06873046039182573,0.4017548867545045,0.44321568384159343,0.000994351586433513,0.08530461742564299
8150,0.3335476732594573,0.00918463772717985,0.021217307349256035,0.35468516268909195,0.28136521897501476
8151,0.17981044046735634,0.0077387936310455725,0.048561379966104205,0.5974899419467139,0.16639944398878007
8152,0.5045311882556262,0.01210189681130996,0.008841296662527504,0.17750859877263567,0.2970170194979007
8153,0.02142246814554683,0.0726142509575935,0.08574517808417417,0.02861309582949391,0.7916050069831916
8154,0.002761924213069019,0.46931453574342913,0.04623946552236987,0.00506300705730809,0.4766210674638239
8155,0.8615746926525502,0.01461007274292372,0.004911373668092064,0.025443368157144007,0.09346049277928987
8156,0.39216931493586993,0.006605587109984894,0.01626840004770694,0.5374158040532055,0.04754089385323265
8157,0.49149553974411125,0.0425833837587323,0.08069821917204695,0.1680251620117497,0.21719769531335978
8158,0.2523790008378025,0.010957790773427427,0.05543711220427003,0.4867582924990984,0.19446780368540162
8159,0.24132499578401767,0.005443572551662846,0.008595127696695853,0.5680628730420321,0.17657343092559152
8160,0.4816997058475396,0.00552500909833537,0.011632529225325003,0.4737855418480841,0.0273572139807159
8161,0.9219610885483677,0.013542019445391148,0.011352464289478932,0.013506572944109957,0.03963785477265238
8162,0.817871752051832,0.004514580641601038,0.0025567892864313503,0.07481011282487943,0.10024676519525619
8163,0.2761056361408329,0.0015952447811791786,0.02703292398430151,0.5031965256113723,0.19206966948231408
8164,0.012870507185442302,0.015244520079649333,0.11566812884594423,0.4063379168097445,0.44987892707921967
8165,0.06799189549728828,0.11801040775496258,0.05094329562655073,0.02492786727829624,0.7381265338429022
8166,0.9400674234587097,0.015504255747753316,0.014627698414880068,0.006432354306218554,0.02336826807243819
8167,0.11733413558479965,0.039537601957094576,0.013073508566559531,0.12484831153796487,0.7052064423535813
8168,0.4720787527677765,0.012239141059157587,0.011039306497490199,0.1814624459552481,0.32318035372032766
8169,0.017645445016782637,0.021762347685688056,0.08323629703985842,0.7891381749319891,0.08821773532568168
8170,0.05658269962699706,0.07153873448544223,0.669697185497991,0.13246175841397445,0.06971962197559531
8171,0.16397655415598275,0.0048234603346757115,0.02290322523913012,0.7189379552244645,0.08935880504574699
8172,0.12068519054522799,0.008104524950746875,0.023397223455184753,0.7277841807593285,0.12002888028951197
8173,0.3372924802576395,0.20973921182217917,0.11101622770075631,0.24163073968853127,0.10032134053089371
8174,0.2673137555292613,0.00718029680938465,0.03802678040232504,0.6026846194320806,0.08479454782694851
8175,0.25738236764084776,0.0039680853001271,0.05008661803156086,0.4718306585302798,0.2167322704971843
8176,7.179949561840644e-05,0.09011702668179758,0.1882299754828791,0.0008928997568161531,0.7206882985828887
8177,0.20077697272001951,0.02102364553430814,0.05831016988892916,0.7027926395046704,0.017096572352072816
8178,0.0031283418849966152,0.36164705893040644,0.5157447789518856,0.006586393450076428,0.11289342678263492
8179,0.3648646318005775,0.07384400130953354,0.08448198095850619,0.23224453953356172,0.2445648463978211
8180,0.013167312123692024,0.021863354977143375,0.11705827945773441,0.4557823735841678,0.3921286798572625
8181,0.19670881567253376,0.0029779500515080388,0.022991196519256147,0.7343629701490737,0.04295906760762829
8182,0.8735210661970122,0.017801433322803525,0.02042523759459498,0.01572315102680053,0.0725291118587888
8183,0.0064636126664884335,0.02945787746249882,0.1312593375416624,0.5730794720258306,0.25973970030351967
8184,0.0767711526410406,0.00438070224499674,0.04733135272580206,0.731077822181895,0.14043897020626572
8185,0.7330208286862582,0.008942380804771485,0.004756319414820958,0.12624398856063412,0.12703648253351524
8186,0.38986387274184464,0.0027785976400632553,0.01964486334288742,0.41307854362553725,0.17463412264966752
8187,0.00019753476264597073,0.24661807214605877,0.1788245627075771,0.001045743990147728,0.5733140863935704
8188,0.007003476752357562,0.1349124825988923,0.2599479886609903,0.002995286114462212,0.5951407658732977
8189,0.013043334425488155,0.29144986411109836,0.5827117304648055,0.003738369288916242,0.10905670170969173
8190,0.5351879134391477,0.008564925991156875,0.008900921745955007,0.24729602513673998,0.2000502136870004
8191,0.5056364112654586,0.036089064757598655,0.05231254761234962,0.18319502204628704,0.22276695431830612
8192,0.4747627940295494,0.021695333441249347,0.046951746790481017,0.27404483414242314,0.18254529159629698
8193,0.2941784033065065,0.006518419349226628,0.02040526852144112,0.5378918560044058,0.1410060528184199
8194,0.23790128727284782,0.004946244028464259,0.028707863646789733,0.4384783298627022,0.2899662751891961
8195,0.0032638921598276125,0.15830547515137616,0.6486113462900459,0.008730770626353265,0.18108851577239715
8196,0.8562540859398496,0.018200597749504634,0.01877398931728095,0.036999342276391095,0.06977198471697352
8197,0.013421701407163547,0.6046013067902312,0.19284188244071554,0.015687098626490557,0.1734480107353991
8198,0.27288336536375835,0.0077602494487996115,0.020428606187969635,0.49969691194838295,0.19923086705108942
8199,0.0024286462854499666,0.1513121784284531,0.2364744939289456,0.002702390661307108,0.6070822906958443
8200,0.00012543173053107255,0.2833758707929692,0.1705559359460945,0.0017788135269474381,0.5441639480034579
8201,0.48392732800280774,0.03208939660144297,0.059098864134685195,0.21919092003692833,0.20569349122413585
8202,0.001846409180159251,0.06001341764492926,0.02700644243213184,0.028452209367424857,0.8826815213753547
8203,0.19365961667606943,0.004554356420946219,0.024899537415188824,0.7140315022147485,0.06285498727304689
8204,0.9326484527981378,0.008175967529117362,0.03985449754278475,0.005151209963440736,0.014169872166519128
8205,0.20129135629172837,0.18576292712623438,0.24587412165075784,0.016301264671127576,0.3507703302601518
8206,0.0906269879536054,0.1017836928952062,0.0739250058941016,0.0515737023366654,0.6820906109204213
8207,0.16551957174840295,0.008726351821971604,0.035954443584704336,0.5820142295186811,0.20778540332624007
8208,0.016299160406698272,0.5724912740765788,0.34241620531545547,0.0014004886723355918,0.06739287152893177
8209,0.3491467450895932,0.3219036608624834,0.18993015875080307,0.014750996538895148,0.1242684387582252
8210,0.27009065934635873,0.003814091883213443,0.03478324052236476,0.4344173487606363,0.2568946594874268
8211,0.2583644421485675,0.008477304980321381,0.13884926664418423,0.13344597426545246,0.4608630119614743
8212,0.4526098043919679,0.0040008135985926275,0.011285693464971842,0.3711044001637113,0.16099928838075633
8213,0.35717416994449497,0.0046440979651613075,0.021343265488256526,0.41805933516320354,0.19877913143888368
8214,0.007897473434187617,0.01957318999053015,0.15379952826456053,0.4540687341656517,0.3646610741450699
8215,0.10889123240104297,0.005114152776802147,0.008816100090582799,0.7506258426861339,0.1265526720454383
8216,0.5548687574510216,0.09818498342937196,0.09705113739964433,0.003117638984375859,0.24677748273558622
8217,0.006440017215706679,0.026563240053862385,0.10449005419862491,0.5694064214407125,0.29310026709109355
8218,0.8370877238536325,0.020287618114354245,0.026398611614484542,0.013848420051511535,0.10237762636601715
8219,0.8218309336386436,0.05706672759037079,0.036505548395443274,0.019835674451264843,0.06476111592427754
8220,0.5415913193547771,0.004058853864778627,0.008321759050297261,0.39039053025725484,0.05563753747289217
8221,0.26887533630715826,0.004563142286887452,0.041013595898832446,0.4247462739514976,0.26080165155562407
8222,0.825588017025552,0.07565712917522203,0.03585824836635782,0.012211642721116248,0.05068496271175189
8223,0.705106068757275,0.014873401755739979,0.02429322148075579,0.2266092572819379,0.02911805072429134
8224,0.7517689578884793,0.02025049461068218,0.007789135865117077,0.032860220560306706,0.18733119107541468
8225,0.393465612857658,0.0038385228711513893,0.026835737755286432,0.38286308730387236,0.19299703921203173
8226,0.010973249275167074,0.014839187110844702,0.07309581926317388,0.6208030487696256,0.28028869558118874
8227,0.5501508923483616,0.010507108740185784,0.07351326519424517,0.32145960536849383,0.044369128348713614
8228,0.012973764239853245,0.031033459021151236,0.17779968518105999,0.4213620451463272,0.35683104641160845
8229,0.30640096745492046,0.0046331934870954255,0.019974091563772767,0.5970426612146101,0.07194908627960124
8230,0.9116124256263732,0.04799401600703617,0.016202055599162348,0.005551363126820474,0.01864013964060769
8231,0.003154940383446448,0.08554618447384042,0.028709723102817934,0.07537146541601657,0.8072176866238787
8232,0.782331355223428,0.04303699596903878,0.036391531012044356,0.053706437979378574,0.08453367981611022
8233,0.24308193163706363,0.008529371958120778,0.04492058648859665,0.49168330472450317,0.21178480519171586
8234,0.8100455814543637,0.021999431087935173,0.024274981056585203,0.018944437457582453,0.12473556894353356
8235,0.3130737022056952,0.08566706890182564,0.0900851306320167,0.31227223182062586,0.19890186643983657
8236,0.8588704756193509,0.009114103554712748,0.020943096931081706,0.01681825290314397,0.09425407099171067
8237,0.17946251820222128,0.00538060573135757,0.03430888033708946,0.6404884376776958,0.1403595580516358
8238,0.2541095126415723,0.01273073362265992,0.034073581477904985,0.5584335480902098,0.1406526241676531
8239,0.5158802849125893,0.007775142403121928,0.007015737050693837,0.4199408953504969,0.04938794028309808
8240,0.5816203034013978,0.018122283826446702,0.00992967885067776,0.0259801282454863,0.36434760567599134
8241,0.0032386166047508923,0.08584167428514083,0.6316341616248105,0.018521910717708902,0.260763636767589
8242,0.176341667587211,0.007055136291702462,0.03521442583474491,0.6823767543394345,0.09901201594690723
8243,0.42667401496547475,0.02037958838349088,0.023310854290476444,0.029643175625005208,0.4999923667355528
8244,0.31541108664840267,0.002762723876871022,0.028554444709591446,0.48357153251412066,0.16970021225101425
8245,0.5874064447159197,0.0030663770426838455,0.0047140882345872055,0.2902792720370603,0.11453381796974883
8246,0.19325270686260698,0.007197314459287369,0.009710766747663769,0.5156274020713468,0.2742118098590951
8247,0.0011998885824624607,0.08053545566746963,0.6416148863574732,0.015900699013274695,0.2607490703793201
8248,0.000577704649241388,0.16855380673919812,0.14350113958714553,0.0011528836854322318,0.6862144653389827
8249,0.3197124100404734,0.0013171657721432444,0.022636668642543708,0.4754145305304222,0.18091922501441748
8250,0.010248682831386321,0.089146725164232,0.6546543540132148,0.004623612014328341,0.24132662597683857
8251,0.21133732699198202,0.02246675358424079,0.1271473208193535,0.3450855710796472,0.2939630275247764
8252,0.012717876544432486,0.2502566299842575,0.6309278130611938,0.0011146530729679296,0.1049830273371483
8253,0.29223373055834856,0.16669662315997294,0.18297677335920787,0.02064394855454389,0.3374489243679269
8254,0.011474635022174183,0.12491965480995353,0.13824093647117924,0.17381830591679226,0.5515464677799008
8255,0.42976661255132254,0.012494623318506239,0.009529470762006982,0.2267355254462403,0.32147376792192395
8256,0.2820989021114028,0.006252143909962209,0.03326950780205683,0.5856086004581949,0.09277084571838337
8257,0.4524773580506807,0.005767823891756808,0.020346419443095478,0.4489351651176365,0.07247323349683055
8258,0.779060794300108,0.012911456618323816,0.023763050622076953,0.12408707472511277,0.060177623734378446
8259,0.008527806322123159,0.06619616419562391,0.3552645057591989,0.10023769745098199,0.46977382627207204
8260,0.9645677144149222,0.009568050356904738,0.006285381806401074,0.007647192345368146,0.01193166107640372
8261,0.4735521688246804,0.007264623343223377,0.013700128077989992,0.3314303565381489,0.17405272321595738
8262,0.49363892001716475,0.0807669389844235,0.046834412777642054,0.07029816956112792,0.30846155865964187
8263,0.6175581740037682,0.059883993041880905,0.08234626680110174,0.10588204260115884,0.13432952355209027
8264,0.0462304063619525,0.11988073495200786,0.5574135595391245,0.0029329926729897687,0.27354230647392536
8265,0.06420384387870115,0.08946273988697875,0.025321718035726595,0.050979277942647956,0.7700324202559455
8266,0.6938969618190255,0.06967116054660309,0.03329850118725749,0.0744120306352857,0.12872134581182812
8267,0.1672044264354007,0.006305167711732066,0.031060320441593233,0.5851481605667516,0.2102819248445224
8268,0.05362092764610027,0.05832247255886253,0.7242643130613706,0.014034632594205322,0.1497576541394612
8269,0.4736884254602005,0.04771286608067108,0.10007849691189916,0.19671149168802526,0.18180871985920397
8270,0.8289776495575357,0.0023077253302768094,0.002397096886425656,0.11080807157801462,0.055509456647747035
8271,0.8568387556217458,0.020343870760005288,0.0832454724278867,0.008419943708702146,0.031151957481660053
8272,0.34262968491601553,0.16299184015619017,0.06662839423485087,0.061915534776358916,0.3658345459165845
8273,0.5400212160339551,0.0073304284718049865,0.004139598229683511,0.380256527881702,0.0682522293828544
8274,0.45090291096974955,0.03083782180794794,0.07608676273614283,0.10471811223160854,0.3374543922545511
8275,0.018727480860007972,0.45644774992004145,0.44395669532412735,0.0014724007804113863,0.07939567311541176
8276,0.2716675487573927,0.003243646389766607,0.0245853684106509,0.648400661408222,0.052102775033967964
8277,0.009188896695435817,0.01708031743196497,0.31561449881689424,0.06322189011399733,0.5948943969417075
8278,0.035066365005315736,0.38889769041926203,0.2543227054796931,0.0009838478783690764,0.32072939121735994
8279,0.2991559802723447,0.09043616220245089,0.09742569311489292,0.2689432793041753,0.24403888510613614
8280,0.3983700446797913,0.014766875587062158,0.01893561564886532,0.5124898877380618,0.05543757634621947
8281,0.79375931100552,0.008524777620680761,0.024381556471409865,0.13093370495660295,0.04240064994578634
8282,0.8013400351367672,0.09021293501147937,0.04022252761684018,0.017755095837826376,0.05046940639708702
8283,0.2664025350955306,0.005439819799002744,0.03832277212005101,0.5789386234048127,0.11089624958060307
8284,0.021770402965883607,0.07865747302916264,0.07246470570324677,0.04762942933039089,0.7794779889713161
8285,0.018437456915424207,0.0078095134250408295,0.07367780989265904,0.7988757384120776,0.10119948135479848
8286,0.9374913457335275,0.010463942892985877,0.01299191851646541,0.022474098198776434,0.016578694658244766
8287,0.57048861863694,0.03334815722162142,0.06638708594591888,0.10693700884344556,0.22283912935207403
8288,0.9550889517572706,0.004388896980905782,0.007688521334161911,0.0058883912063879135,0.026945238721273763
8289,0.02838452264561188,0.11873764942470852,0.7072121913020231,0.003539021269694864,0.14212661535796156
8290,0.32984060332173615,0.10013005236344705,0.035406992056481,0.0755732882083429,0.459049064049993
8291,0.4979377081733557,0.2877065063866463,0.1198905990396976,0.010534893255647708,0.08393029314465271
8292,0.5404561142997446,0.00810884718489555,0.005927886224942523,0.34851163911992256,0.09699551317049471
8293,0.6449052062987386,0.08405787817347789,0.06208430507093133,0.11451833969000724,0.09443427076684505
8294,0.004326116550060373,0.4217554919109217,0.5001154809977254,0.000939255238109588,0.07286365530318294
8295,0.2621572562740823,0.006417588459049561,0.01430851221291869,0.6477134510197244,0.06940319203422503
8296,0.4074677985738924,0.006874801206331119,0.03696352617997249,0.5067828798947179,0.041910994145086033
8297,0.18104306226997585,0.006697640127360784,0.02829071922765357,0.6167805607174383,0.1671880176575716
8298,0.4356341957421456,0.005400928711223568,0.019617486877287114,0.3205665777260634,0.21878081094328028
8299,0.6017055517156187,0.02469796896218948,0.043785858347651946,0.1533351299339142,0.1764754910406258
8300,0.6890599801465893,0.02288219398517905,0.039037748267269794,0.09968992538646636,0.1493301522144955
8301,0.47838403969068394,0.09521007723111453,0.12737678830463497,0.18909491502111192,0.10993417975245454
8302,0.3543883319970682,0.019772819195860124,0.09903426676957171,0.44352756367437457,0.08327701836312545
8303,0.14920052868788583,0.00526426421033777,0.0387146593805901,0.6063619570830144,0.20045859063817195
8304,0.0026127567879766006,0.20238881174930337,0.18730048512490244,0.003200012996046874,0.6044979333417707
8305,0.001871032215626391,0.27161503183671754,0.2438271233762499,0.003206819041670206,0.479479993529736
8306,0.2587733951302423,0.004704933509393404,0.02203442780438779,0.6557238875891522,0.058763355966824235
8307,0.7298914157431791,0.010743420603168824,0.00555899237351079,0.20147801542952248,0.052328155850618764
8308,0.911825485904996,0.012817839986999405,0.019786321687601745,0.01838536452846934,0.03718498789193366
8309,0.21104531522651337,0.006403592058649902,0.039857125144635394,0.657671799862995,0.08502216770720636
8310,0.05199763227370672,0.33145945318323394,0.26888379654830863,0.08845237602705054,0.2592067419677002
8311,0.012200892219175061,0.06648158011035618,0.7345616963362641,0.01567375354815916,0.17108207778604548
8312,0.003801288032934329,0.2392050106706782,0.6419041246279,0.006606685066813759,0.10848289160167365
8313,0.19331554435300233,0.007772443103874498,0.05103375419280954,0.685056537848868,0.06282172050144569
8314,0.35292283026238647,0.0018779370965538707,0.011155469823925833,0.5817554141086635,0.052288348708470433
8315,0.4602825099702175,0.02138060769781095,0.015476972669020286,0.21981332372028148,0.28304658594266974
8316,0.7294377987768967,0.008325077184037645,0.004049255222731259,0.13999680263422334,0.11819106618211093
8317,0.25754325426801106,0.010516670071805297,0.04637539491118815,0.5161418716048086,0.16942280914418692
8318,0.3840958119314305,0.006869095021818274,0.010938336175105649,0.4977596552561232,0.10033710161552238
8319,0.10579028387638796,0.005160406288324558,0.07127497133861317,0.6410217699409568,0.17675256855571742
8320,0.3856518426521243,0.036307614240359554,0.3077047216109106,0.1503315353001043,0.12000428619650118
8321,0.250251551420254,0.004331831420815377,0.02342731617773266,0.6726770595841687,0.04931224139702932
8322,0.9740012573510178,0.003969093283808147,0.004450159482485656,0.009784035282772384,0.007795454599915907
8323,0.1808079173804973,0.004375105425344288,0.033472235806151815,0.5903770029711065,0.19096773841690007
8324,0.004149942107536313,0.21061351816197155,0.22759820893227112,0.0025286680689196174,0.5551096627293013
8325,0.27417445031965815,0.032910659045346194,0.08855458558288903,0.35603381378748106,0.24832649126462555
8326,0.0018538256286228909,0.1821874747987172,0.008433924150815026,0.33706334647055397,0.47046142895129095
8327,0.8758744150158227,0.012642821297949783,0.019103080907514395,0.02419743060330605,0.06818225217540709
8328,0.31909527212682604,0.10887628937381771,0.1153263952713722,0.23532110125350703,0.22138094197447708
8329,0.029310441034765815,0.02210398766791928,0.157697342314843,0.08252152115362993,0.708366707828842
8330,0.8974376739935438,0.005752729394104814,0.015649254734744183,0.023355489091087787,0.05780485278651937
8331,0.173906181262019,0.00885879700712055,0.0674398489437545,0.5332481001847859,0.2165470726023201
8332,0.6073123712169164,0.05506732333300825,0.05923908939596136,0.14261256956073226,0.13576864649338183
8333,0.5417767708289689,0.004545337202125305,0.004340454634089205,0.36115082719233926,0.0881866101424773
8334,0.21324048356499387,0.006000124193271355,0.01366014197809735,0.5979381164639552,0.16916113379968226
8335,0.08156148633995523,0.012059562027450024,0.02399253408536458,0.35063129663472986,0.5317551209125003
8336,0.7311802128960598,0.09804447284043463,0.054960863202803106,0.04631471114184044,0.06949973991886202
8337,0.9172949638785056,0.009897340408743785,0.009960597239655937,0.02224145022729328,0.0406056482458012
8338,0.019493873784829994,0.004756038718642333,0.0986410574123669,0.5900946071845974,0.28701442289956325
8339,0.49920888402579733,0.005053642850511229,0.01192535902241338,0.43548136102778323,0.04833075307349482
8340,0.7295362069456784,0.12401134040239467,0.040427824502890994,0.030610885743844286,0.07541374240519164
8341,0.025171478979207216,0.06450843382732631,0.5145326193432691,0.18554315744206015,0.21024431040813718
8342,0.0008287760080600127,0.09501311031442641,0.14132631025510492,0.0008360729793620951,0.7619957304430466
8343,0.0012996805486100728,0.22831617291443396,0.1865336463360512,0.0007874450882878466,0.583063055112617
8344,0.06778443404873426,0.38202534791851683,0.19129226390573734,0.0076059999692769335,0.35129195415773457
8345,0.0008316540853232377,0.15690877393695596,0.1960243882056751,0.0011522313955535514,0.6450829523764922
8346,0.015556195076337232,0.020530214116273277,0.10578882463085723,0.5102120100960721,0.3479127560804601
8347,0.7069951301204387,0.05175362768478464,0.041574022887305155,0.07595632780306578,0.1237208915044056
8348,0.030544103768817797,0.048651130220580895,0.6921609989346208,0.0030306620346157035,0.22561310504136475
8349,0.9388080786290426,0.0067742496096721404,0.011698659275961996,0.019833034197820537,0.02288597828750248
8350,0.007192704480517444,0.020774462383779193,0.10379058994677948,0.6212512226284852,0.24699102056043867
8351,0.25921648849948636,0.019165989092356023,0.023086303189156204,0.6087708307970233,0.08976038842197806
8352,0.2902972621002227,0.0066388977852908605,0.03151806435814186,0.5779363501373502,0.09360942561899435
8353,0.3219563373581232,0.0053605316170416565,0.021135727484464774,0.5212003665967754,0.130347036943595
8354,0.20318100139857168,0.00418335635272814,0.059159088421024505,0.584055924195154,0.14942062963252176
8355,0.2656715652223275,0.002804901887319827,0.014564081948792511,0.6438132311706691,0.0731462197708911
8356,0.3173933230904925,0.005542729208516117,0.009701209017319596,0.46188717336860075,0.20547556531507113
8357,0.40321200772661864,0.004914189725778553,0.01962187995125283,0.48073567847588644,0.09151624412046351
8358,0.6864194289691692,0.009035116233742396,0.003044761143720259,0.11403368788079922,0.18746700577256895
8359,0.38852575162509134,0.006684797198762868,0.01923781481365847,0.4635574531984238,0.12199418316406355
8360,0.2676892559501291,0.0033944306113209027,0.04946678677849621,0.4629340783771173,0.21651544828293634
8361,0.9766938183647617,0.0044067918462911936,0.0041209042131181515,0.009297622662913625,0.005480862912915446
8362,0.6118039033430039,0.004670075253412517,0.003759419013369657,0.11091020170184576,0.268856400688368
8363,0.06616322605726142,0.05831415407394015,0.045893468073213706,0.03334644686200213,0.7962827049335824
8364,0.007837153400645733,0.1945154520571871,0.3041653631341955,0.00364454844197991,0.4898374829659917
8365,0.2792873565820119,0.01573538472273126,0.08351122443629502,0.34147329542608545,0.2799927388328763
8366,0.00165411776294732,0.1687801809938578,0.0382061179653883,0.0037770162427194186,0.7875825670350872
8367,0.29781897141221986,0.025135284626003535,0.05439628399639974,0.3135188637032978,0.30913059626207906
8368,0.5339423785055588,0.003227325709271251,0.003099340804389044,0.4030863234462207,0.056644631534560216
8369,0.008530993646431657,0.015003724039856189,0.10887866055554184,0.5042153787116946,0.3633712430464757
8370,0.3931113762094172,0.008501959590475729,0.015461432896577363,0.5060173848911392,0.07690784641239043
8371,0.6015271852425874,0.011128878384759358,0.052118494577221224,0.256584085102577,0.07864135669285507
8372,0.8244114839464161,0.07279574857355971,0.031113861820224183,0.018749890167247582,0.05292901549255234
8373,0.0009454438638289589,0.2466114922715162,0.43876640606098044,0.0020092034395544824,0.3116674543641199
8374,0.26664796793450907,0.008865633208456142,0.030137581141970265,0.5323445079734104,0.1620043097416542
8375,0.0007799382444917133,0.3195071806947045,0.2542059777264255,0.003878203829170953,0.42162869950520726
8376,0.9606044421589014,0.006438510134844684,0.008945020739981126,0.011574502904868098,0.012437524061404595
8377,0.3290368413549746,0.005737853754477579,0.03143484515290018,0.4808185132432317,0.152971946494416
8378,0.6382459388417708,0.27101010360716665,0.027541483461990132,0.015061087861927018,0.04814138622714539
8379,0.007085198485484504,0.2736454128391725,0.5877884773724931,0.003867812953775745,0.12761309834907428
8380,0.22352910883983002,0.006276758182600838,0.0356668855437702,0.6784834113887255,0.056043836045073535
8381,0.04199896099166184,0.04175512507417159,0.5673045093371406,0.009816014152432271,0.3391253904445938
8382,0.37725748926081415,0.008088602793698049,0.016713678948582816,0.548731300000436,0.04920892899646897
8383,0.1449370926532218,0.005798107906819965,0.022626572362744984,0.6390474758306001,0.18759075124661317
8384,0.0928964852013368,0.19342899150978754,0.5973491322253276,0.038762320128401834,0.0775630709351464
8385,0.00419364159428169,0.022425411233457957,0.596709328118813,0.00879965713264981,0.3678719619207975
8386,0.9617989173627095,0.00788333873219524,0.007800771238058973,0.0118286199717992,0.01068835269523709
8387,0.727526600434981,0.027554542464498608,0.041832719249628864,0.07940237954077553,0.12368375831011588
8388,0.20313771041734138,0.0061829483087517045,0.05398972987403717,0.5214025416445837,0.2152870697552861
8389,0.0007191133984843101,0.1961197238867319,0.5610005513745026,0.003281358509327473,0.23887925283095376
8390,0.5240733939144464,0.018363945681845364,0.10163441861002746,0.2123478684522706,0.14358037334141013
8391,0.5998620678328931,0.012778907992012251,0.0030794586068412884,0.15296105782721342,0.23131850774103999
8392,0.0023300856455405056,0.15140655744250864,0.3108734617600154,0.002670706431945183,0.5327191887199902
8393,0.9485471115453549,0.009423948710086514,0.010605601237017644,0.015236247727892097,0.016187090779648992
8394,0.8701669036650325,0.052361318150650295,0.023503434625489577,0.020058498098870815,0.03390984545995671
8395,0.46485431185394926,0.007168637401697468,0.07313489346052243,0.4212002265170394,0.033641930766791256
8396,0.9223382452094301,0.034837787940564094,0.011924136941330052,0.006996966343322734,0.023902863565353028
8397,0.3497701907043259,0.008978635704256553,0.008664529304010267,0.3906700685454281,0.24191657574197917
8398,0.0693111925695843,0.0054984526999091845,0.04839212957098812,0.7443495984558444,0.13244862670367402
8399,0.3651054574303418,0.006745326904738674,0.015410494738953607,0.5340421412226507,0.07869657970331534
8400,0.07079837497324878,0.12131185969087824,0.2906225141066641,0.07790447115431944,0.4393627800748894
8401,0.7737864150796644,0.004562595391396527,0.0044481324446378305,0.1375039880983126,0.07969886898598888
8402,0.2553414586234329,0.00644440648571894,0.03491676446453226,0.5158863709923097,0.18741099943400608
8403,0.5631799409027809,0.019279116579351035,0.05767107296527693,0.1516460955761037,0.2082237739764874
8404,0.17322158453137118,0.011154004878062703,0.034631200671324996,0.5826173132563743,0.19837589666286679
8405,0.002379066170604631,0.33138780928887973,0.24026275315204026,0.0032079179512732813,0.42276245343720203
8406,0.652050952772453,0.01421956088354297,0.025825135091403415,0.26861741875536255,0.039286932497237984
8407,0.46153163342207154,0.0619545305020419,0.061684229859236404,0.33438094789597,0.0804486583206802
8408,0.321719448134521,0.2144455519517482,0.03411050521055002,0.05946797582761632,0.37025651887556443
8409,0.016475711793642347,0.02646083803702871,0.04778044811883983,0.3639716800278586,0.5453113220226306
8410,0.001968825184904319,0.01900060244311241,0.03742531935895263,0.08836818681837258,0.8532370661946581
8411,0.3113599752748903,0.0020533865342094145,0.022918009584466575,0.4643876296904772,0.19928099891595638
8412,0.4027686835185446,0.11260178803224484,0.2026815814217196,0.013951126194594895,0.267996820832896
8413,0.32679759965810395,0.006860269754650453,0.03346420686495596,0.39423755089870915,0.23864037282358047
8414,0.07373181668376186,0.019417925681026696,0.020582164563156476,0.20833812819967842,0.6779299648723766
8415,0.28918374107632017,0.0037823331633510607,0.026602005830683412,0.5113225305822918,0.1691093893473536
8416,0.0005537371595101116,0.10811605455614651,0.18765702346444957,0.0010045442007570106,0.7026686406191368
8417,0.5716626182311461,0.25240893584472585,0.131735716994621,0.008239057326944755,0.03595367160256235
8418,0.025421389382982586,0.029005507189107153,0.4099983549057713,0.32047571606712205,0.21509903245501694
8419,0.48986622340062747,0.007349811097510362,0.01324835766384659,0.3761723350411986,0.11336327279681714
8420,0.2586254159758268,0.06871698656380895,0.08585192463279626,0.42456391947844185,0.16224175334912616
8421,0.42363217727331876,0.03532992965011513,0.027614336002838236,0.3607334708303317,0.15269008624339614
8422,0.5071118673251723,0.12251558418793086,0.15340569211560506,0.022114234419755446,0.19485262195153633
8423,0.5475614517953805,0.02811816918899498,0.04235462368004785,0.310270746669995,0.07169500866558177
8424,0.28606708206901105,0.00935898785795667,0.037208776224417366,0.48605327921189034,0.18131187463672446
8425,0.8042082702054192,0.004660451013089094,0.0017398611064842302,0.12996807912791822,0.0594233385470892
8426,0.32250785974532026,0.009982880029209213,0.025854886240953587,0.5452090374496739,0.09644533653484302
8427,0.5108482956135072,0.008886938954310211,0.00994213822375169,0.411949986336229,0.058372640872202064
8428,0.38174519480118674,0.025925359767559105,0.053930669922790005,0.3483345499721035,0.19006422553636063
8429,0.24688027444630664,0.007498751931193721,0.0181342807867562,0.6591439655638138,0.06834272727192947
8430,0.12673189374751323,0.0059523977389544175,0.009981858352174933,0.7359570670036892,0.12137678315766813
8431,0.39066796005079135,0.03113973744496121,0.10158560367749106,0.09480271138071293,0.38180398744604344
8432,0.3338095806066112,0.012801373280161543,0.024055666861465774,0.041047361622705836,0.5882860176290556
8433,0.16689876551533864,0.005872941670282711,0.03035232516211089,0.6421905201178776,0.1546854475343901
8434,0.47555071947606753,0.021087776263780535,0.07581262163701351,0.3282911907951084,0.09925769182802999
8435,0.003973399860084385,0.010672712943744802,0.27117301155780227,0.5679504833976902,0.1462303922406783
8436,0.5302712528690807,0.07220135377348683,0.06718963414157839,0.15581470205510706,0.174523057160747
8437,0.9833494298281213,0.002278107810831118,0.004129466821893855,0.005561190936975413,0.00468180460217833
8438,0.2315418771571661,0.01218557243158939,0.04310285536848256,0.4457292789912955,0.2674404160514665
8439,0.5947337440746535,0.07745885933458022,0.12987390315497807,0.01666573567316326,0.18126775776262496
8440,0.25466676103594305,0.36772821074546863,0.26541062298914603,0.02357408005139395,0.0886203251780484
8441,0.32381253053811304,0.01162809041699406,0.03315853457531221,0.394940285721881,0.23646055874769964
8442,0.8365300824159242,0.02144187123508717,0.029405870903699543,0.018480138897193552,0.09414203654809568
8443,0.201350278056461,0.012399628386428383,0.05469914942156205,0.5567320251289842,0.17481891900656435
8444,0.0027788027686418654,0.05622604386599826,0.05651065575331079,0.03422125795566455,0.8502632396563845
8445,0.26644400384777045,0.01294572047633621,0.036095685716538754,0.4527548936427765,0.2317596963165781
8446,0.007480370495045271,0.1389988253309253,0.5996186163239671,0.026578346631839174,0.22732384121822316
8447,0.8562614945367322,0.014894738581127488,0.020909822255085052,0.01647194999080386,0.0914619946362513
8448,0.0022874281600741937,0.21651838342047852,0.22186617564596534,0.0019319238039693476,0.5573960889695126
8449,0.933155685373777,0.007750876468038227,0.010082768026392049,0.020738200267125462,0.028272469864667134
8450,0.30575986265432115,0.005062823879294653,0.02842485662168948,0.4139283619141621,0.24682409493053262
8451,0.10660485322112982,0.016373077297643857,0.016408278910509902,0.12563007767600087,0.7349837128947155
8452,0.410716611141685,0.013911789270863903,0.009292537175184933,0.282433825252405,0.2836452371598611
8453,0.8501468903914763,0.013499581485652444,0.08561422109160552,0.011900903239156548,0.038838403792109163
8454,0.7911515325013228,0.005281194437785822,0.00407449445430023,0.12864150492298176,0.07085127368360944
8455,0.9069188270930559,0.009433411102562832,0.019767043691229166,0.026582925125307726,0.03729779298784437
8456,0.384833833765437,0.03984874887646415,0.014191581786750866,0.4292173080205798,0.13190852755076823
8457,0.35049404842936227,0.0056862576744555,0.012091095592752461,0.58502114514451,0.046707453158919846
8458,0.30265002654647266,0.004118363416059921,0.021788476569634015,0.5801641307307881,0.09127900273704524
8459,0.5357066642285031,0.014785837602462297,0.034709456782207715,0.3521947156368247,0.06260332575000219
8460,0.016469324564593844,0.09601104423000102,0.08365266014718915,0.04434693400113331,0.7595200370570827
8461,0.30829656997874877,0.008747717083405535,0.03475932190492427,0.5186255911162632,0.1295707999166583
8462,0.07328015126283696,0.10355593539635582,0.010142522957232213,0.17704085304877906,0.6359805373347959
8463,0.1925060937612612,0.0066735339812731866,0.04236632282012833,0.5996169376034312,0.15883711183390617
8464,0.3460795824986453,0.02299810926499732,0.13674450598387353,0.32235352523170335,0.17182427702078054
8465,0.0011458729590481222,0.2441544187557621,0.4607481258328125,0.0022779160907775747,0.29167366636159975
8466,0.01981729482622135,0.06801534339325704,0.4467684095030181,0.21278233451820766,0.25261661775929584
8467,0.007305676316488677,0.5330420137341806,0.40274284471523575,0.0005872409923379831,0.056322224241757014
8468,0.2231145712184791,0.0022722869847475466,0.02123101999639891,0.5674759377131069,0.1859061840872676
8469,0.0044315278634074135,0.26995747224706645,0.5352936480711202,0.0021553656875254053,0.18816198613088042
8470,0.2648729967520606,0.01846761736967531,0.4267681208011466,0.14188149259927957,0.1480097724778381
8471,0.0005154877661704985,0.3672552379653573,0.23362238798324564,0.0008813806201653076,0.39772550566506126
8472,0.18538741225181526,0.012229692268779839,0.0358267141517057,0.5420524390331355,0.22450374229456377
8473,0.0026000298446306937,0.37678209075271124,0.5115757792847818,0.0058153340711220225,0.10322676604675414
8474,0.9734446450421259,0.003461975967539119,0.003947609107800266,0.009322540429943115,0.009823229452591427
8475,0.04622822718698016,0.030407513106809912,0.031431697057381074,0.19270282348183848,0.6992297391669905
8476,0.4209056718830724,0.0071560701211637505,0.018264536677259708,0.31673748884044234,0.23693623247806175
8477,0.6297156234954043,0.03341205398401045,0.07198586948306468,0.11974383472307383,0.14514261831444666
8478,0.2692793113524079,0.0024749754986855377,0.01896144541002811,0.57567527653037,0.13360899120850847
8479,0.0013114693823259415,0.3210293226074123,0.4835478308086776,0.00154812783690308,0.19256324936468097
8480,0.0027155326259244916,0.21166572524629462,0.2608316292212039,0.0026900512673314453,0.5220970616392455
8481,0.18892008374270153,0.009741813275638988,0.039889415461551406,0.5069949230575854,0.25445376446252266
8482,0.2394240507432496,0.005668950756239314,0.02166559254527787,0.6897465091142237,0.04349489684100954
8483,0.21507903730905556,0.005730353024261836,0.031047915318527464,0.5351999661919703,0.21294272815618487
8484,0.26164592156259636,0.019546386659346153,0.08843114580265793,0.37523991657397876,0.25513662940142073
8485,0.8948984202998159,0.05588465798540357,0.019812789625335656,0.012015318628018527,0.017388813461426414
8486,0.17093095884407636,0.3419230392535496,0.3511062918123642,0.03780205685672852,0.09823765323328115
8487,0.19692870156634845,0.0035304036031065596,0.01846899633763947,0.6537695566931417,0.12730234179976382
8488,0.002175814783571858,0.07849991817363394,0.026695531974845095,0.05188293841830153,0.8407457966496477
8489,0.44273745131655456,0.005541076875628032,0.0051597740360674925,0.4105836094601373,0.13597808831161262
8490,0.00317024940136316,0.21893055447383314,0.294857209689629,0.0027055699107443733,0.48033641652443043
8491,0.33255524254195135,0.006741357856511207,0.03565752731738338,0.43613363710118963,0.1889122351829644
8492,0.3208171441949203,0.0022113426809005606,0.025482832683626316,0.45581728694055385,0.19567139349999896
8493,0.2201693821635483,0.005650918666971078,0.02958676292310662,0.62549758465407,0.11909535159230399
8494,0.6692622429995916,0.0022979968623745893,0.003407480063160127,0.09956249332156612,0.22546978675330753
8495,0.02469243753624804,0.037836465742922515,0.08951179987770132,0.651621656805013,0.19633764003811502
8496,0.6275795420674397,0.010128444315172893,0.010035312114050805,0.2682139015114928,0.08404279999184387
8497,0.3695093372186156,0.005396453363816627,0.009996468379104995,0.29503751439190834,0.3200602266465543
8498,0.03542492374728544,0.029725262449052225,0.027833245714864948,0.5268779665505254,0.3801386015382719
8499,0.45961265920338407,0.0045262258831681905,0.010805502991797328,0.45755678247457987,0.06749882944707064
8500,0.2034015367297478,0.003770323222460952,0.010198735194916998,0.5088584350678335,0.27377096978504073
8501,0.28224023675829035,0.02666582846969907,0.10571455118618495,0.3748504834804793,0.21052890010534636
8502,0.22539063044989635,0.0034566732293800236,0.032166468320921876,0.6786906991069194,0.06029552889288226
8503,0.4955777643284977,0.003964020900361026,0.015614101492992052,0.44942514690783614,0.03541896637031316
8504,0.26139043329917205,0.35343371248762184,0.19117712797048214,0.01500765972859494,0.178991066514129
8505,0.1728376821552361,0.010552682688790047,0.05914581226937771,0.5685256681031429,0.1889381547834534
8506,0.2890296674991549,0.006873953432896209,0.030810770012729808,0.4539208971509294,0.21936471190428974
8507,0.007839153379153111,0.16502298052938172,0.6696099761065616,0.006714057938743814,0.15081383204615975
8508,0.6598586803252672,0.0456745509242649,0.014466810470152434,0.03867972486221671,0.24132023341809877
8509,0.014332971438380186,0.019120969162170376,0.09648266844397822,0.7245414912106651,0.14552189974480603
8510,0.7084421900046017,0.05474817989933939,0.1267558752501052,0.024236571926877292,0.08581718291907633
8511,0.23120923186198117,0.0075069189815514074,0.03449928312163368,0.4684581835489296,0.25832638248590417
8512,0.005695380940939508,0.34191937854621923,0.5927619819011651,0.00433474783861039,0.05528851077306567
8513,0.5867794505537327,0.05770875917817104,0.055595726493141866,0.2021553753153869,0.09776068845956751
8514,0.19497636925669923,0.004558607505965563,0.0168630266564737,0.74405186263184,0.03955013394902159
8515,0.00034710653898028,0.20433474644597419,0.14172101595165426,0.000704865566689438,0.652892265496702
8516,0.24898609256102225,0.28365771194593287,0.36026127447721185,0.01418460733175824,0.09291031368407476
8517,0.0030717614979601043,0.4454764246217921,0.4466994496440675,0.005483714631214774,0.09926864960496554
8518,0.5166974202400809,0.07619369492152903,0.07735025350569158,0.18767346824901332,0.14208516308368524
8519,0.6231933534309304,0.020711835275183076,0.049473243381046826,0.22602132916294393,0.08060023874989575
8520,0.8718965290420392,0.0071316379906395605,0.0133121898774326,0.08236682889379969,0.025292814196089246
8521,0.6224944829699152,0.0171708547075415,0.06228530006497629,0.19518535416865215,0.10286400808891484
8522,0.5054075959012767,0.05813568894132729,0.07227922595086037,0.15656006786656412,0.2076174213399717
8523,0.005418346762715162,0.819289546038685,0.1540303850228149,0.00013040252862048674,0.02113131964716449
8524,0.28756812813784133,0.03427328008175834,0.1336904183470448,0.09085741630693378,0.45361075712642157
8525,0.9568797718308172,0.008537371905904026,0.00872324339258196,0.011869536939938188,0.013990075930758558
8526,0.29065126142625414,0.009431269825067146,0.009778657937847374,0.4627337554923012,0.22740505531853009
8527,0.8646405231582684,0.009571906479477432,0.01723978670409927,0.07227213018411718,0.03627565347403771
8528,3.744618813850009e-05,0.7015414943700125,0.10469281159123868,0.0007250485213887768,0.19300319932922175
8529,0.32945796802554134,0.02645486672581744,0.09637123432901779,0.11082728727736828,0.4368886436422552
8530,0.302134457660622,0.19368716039892014,0.3352230895432938,0.015148826530114965,0.153806465867049
8531,0.2671787050997443,0.20987341281382269,0.3965085971847694,0.022309941812609178,0.10412934308905453
8532,0.9366720947070172,0.02688276080593733,0.010413333532158422,0.007088021755127492,0.018943789199759427
8533,0.29539267415216425,0.00732043577357338,0.02001505771308039,0.6030406419831744,0.07423119037800763
8534,0.3111151184325272,0.023044453819187516,0.10713225505636646,0.3438375233489251,0.21487064934299377
8535,0.8717158565786733,0.001538021252126844,0.0009956687759345908,0.08792086436439386,0.03782958902887139
8536,0.47510186373388674,0.12070603936557849,0.14638421988881012,0.019029545458250103,0.23877833155347447
8537,0.33074429684273715,0.06639078030008705,0.10156152725977552,0.2123640976690328,0.2889392979283675
8538,0.03027804632522267,0.6249127189668999,0.29683591975963747,0.0006985761921252533,0.0472747387561147
8539,0.29063236758717975,0.00358177372008931,0.020920443775462642,0.4341643061753034,0.2507011087419648
8540,0.24641066412343557,0.031208206778610866,0.03425807901614422,0.40365084209915514,0.2844722079826541
8541,3.272873919447339e-05,0.9273523116928901,0.029662475924528944,6.48697894875846e-05,0.042887613853898984
8542,0.4148432068152844,0.00995742484474295,0.012227677045237757,0.43602403124792405,0.12694766004681082
8543,0.31988588396011314,0.0049033130417639745,0.02024485807266481,0.5722636598541765,0.08270228507128163
8544,0.230217431066977,0.006019318823079466,0.018596418807109043,0.5156759699943142,0.22949086130852017
8545,0.09507699634504004,0.07412559412512286,0.5986704562296215,0.013265705291915227,0.2188612480083003
8546,0.7399123789728617,0.21092986794328145,0.017336047097481815,0.0064484611340261165,0.025373244852348785
8547,0.24230889317005586,0.006715300157658705,0.03709175960689684,0.5971926694387004,0.11669137762668821
8548,0.5491536708386268,0.01280907089930422,0.012317414516965632,0.3228871062244943,0.1028327375206091
8549,0.0015814822704328761,0.0842179619603555,0.019992115861376863,0.052283350435819526,0.8419250894720152
8550,0.708248852025465,0.06987000141982774,0.17373181252167197,0.008440758221330157,0.03970857581170512
8551,0.29160747710047186,0.007693448217239832,0.02978651545338259,0.48425309773808595,0.18665946149081983
8552,0.0003347283354523281,0.3843508762084333,0.02858005337029989,0.00013006762741794964,0.5866042744583965
8553,0.5513942165957764,0.07466387909738681,0.07424159363662804,0.19320173574469718,0.10649857492551165
8554,0.013924439046087717,0.006195258252412758,0.07312664810677769,0.7833443719663171,0.12340928262840481
8555,0.23675155656538402,0.006481852978484547,0.04945482609736629,0.399938588340863,0.30737317601790215
8556,0.8885061682714043,0.020252866388640912,0.021643980349554198,0.014464412199157416,0.05513257279124306
8557,0.4767154300873891,0.0034761790240351977,0.0144274844497752,0.4714257369869558,0.03395516945184456
8558,0.7222772296485582,0.06475441114543344,0.009088651671664979,0.01868846454416362,0.18519124299017972
8559,0.7772879107484331,0.06931201722443729,0.04517666248996461,0.04046039838265136,0.06776301115451368
8560,0.1917520088285096,0.005632817862358082,0.02741358652118177,0.5594351191436617,0.21576646764428878
8561,0.020600412532327972,0.01149703247350053,0.060587742256886234,0.4624242176243074,0.4448905951129778
8562,0.027254931912209124,0.4943246754286982,0.2787732844928364,0.007285504705968818,0.19236160346028752
8563,0.9315727941694439,0.006450793630516086,0.014117818139448339,0.015905348820595328,0.031953245239996125
8564,0.28069732883600357,0.008443673275520069,0.025249808048449517,0.6355081653886343,0.05010102445139261
8565,0.7282343049958384,0.015892231938431686,0.001976388440150555,0.016255428029172445,0.23764164659640685
8566,0.939220600285633,0.00600277489316849,0.01127960497932155,0.013723479577453708,0.029773540264423408
8567,0.2550777225481246,0.004724515151737377,0.022575783232724477,0.5795479055522123,0.13807407351520123
8568,0.6341996390488861,0.07465443520200685,0.06196710432399248,0.13724258097018316,0.09193624045493139
8569,0.2515979631583129,0.03466091758667241,0.1772463942845662,0.4127549526258692,0.12373977234457921
8570,0.33005720439822944,0.004391887879010438,0.02056835366574564,0.6156576773396346,0.029324876717379846
8571,0.14281843182083662,0.08546952001892884,0.23918205830816952,0.014154554810070217,0.5183754350419949
8572,0.3067602432859293,0.003904530672476294,0.013920738245027398,0.6208275231462455,0.05458696465032149
8573,0.7979150479049694,0.007397347221341092,0.021591218456262964,0.04206446266250848,0.13103192375491793
8574,0.9850413014824898,0.0026428984424225173,0.002893873363627994,0.004839607680687367,0.004582319030772352
8575,0.005533607328880328,0.07836723161066761,0.03627568422571192,0.10870872167021096,0.7711147551645291
8576,0.26064928247165897,0.013174090796052522,0.08750615123823345,0.09566931749272874,0.5430011580013262
8577,0.3173224890406725,0.006204254659447732,0.017349987860725745,0.5870102003441545,0.0721130680949996
8578,0.261900213421226,0.13733692797850003,0.19323837197507074,0.28841353217901644,0.11911095444618679
8579,0.008682913880411359,0.05213525874177015,0.5111503744711009,0.06993631027744873,0.35809514262926895
8580,0.19018694461822494,0.0043883045797320315,0.021813924262416566,0.7289852447880917,0.0546255817515346
8581,0.02952153545330036,0.36677271450840015,0.4924720921897612,0.0019674095094485053,0.10926624833908992
8582,0.1757394699953234,0.006828864509747219,0.015265493764172721,0.6624313013649342,0.1397348703658224
8583,0.26300763678057776,0.00817191276280095,0.019304326031124683,0.5778765886262294,0.13163953579926715
8584,0.34755417831205515,0.0033251574387971245,0.02854715606582759,0.48951654113081783,0.13105696705250225
8585,0.009468022008856245,0.011088736920058975,0.07395197567122444,0.6801824853792438,0.22530878002061652
8586,0.3397422244366686,0.045818840334522055,0.10083094764327244,0.3638450330191993,0.14976295456633767
8587,0.570342163903238,0.024979797906306674,0.01573672564430346,0.01913394812218993,0.3698073644239619
8588,0.00703622735192718,0.018591451737216894,0.18230421029660482,0.4208384724706022,0.3712296381436489
8589,0.1618751728440101,0.00543063553606991,0.030472244663842456,0.6396273585475417,0.1625945884085359
8590,0.7546468736320726,0.013815037060143892,0.01868455034920718,0.0548760290506308,0.1579775099079455
8591,0.24448763071650065,0.010215231746865179,0.05126888323743405,0.45227626587401365,0.24175198842518644
8592,0.0068393494744601125,0.01269293838399718,0.14357300040225987,0.47315801735720214,0.3637366943820807
8593,0.16968456325221956,0.007051377728048558,0.04346617833409228,0.5451706165014705,0.2346272641841692
8594,0.010159229959695227,0.052428519543107475,0.6962519977263052,0.03876180456980774,0.20239844820108452
8595,0.29296041545746626,0.014944631758264916,0.039109651607936426,0.4180731172365209,0.2349121839398114
8596,0.988658275061813,0.001976288446920246,0.0023713929426195227,0.003873012834208587,0.003121030714438605
8597,0.5691408353108179,0.007513432907767642,0.0047696172805720095,0.2601907701841047,0.1583853443167379
8598,0.4239543409493283,0.026856590662716923,0.08819235162115954,0.11216932746887831,0.3488273892979168
8599,0.00807802590690103,0.37909610111231834,0.5584837711903585,0.001014756405717343,0.05332734538470475
8600,0.3375538392488057,0.011289758631379898,0.040032174453514376,0.5291444398464508,0.0819797878198492
8601,0.843004043303867,0.00634073262548239,0.01042067702089271,0.03249643097153924,0.10773811607821886
8602,0.14025192386277263,0.0020984467478695566,0.025972881357073558,0.6761171588713164,0.15555958916096785
8603,0.9578002260450985,0.004186121237710963,0.007333296403071796,0.005616335856651561,0.025064020457467313
8604,0.7830397327982997,0.008888962634801614,0.003943403303133123,0.013045956684028163,0.19108194457973723
8605,0.18489569632713498,0.0075787456086125315,0.030854403538925643,0.6227919317796864,0.15387922274564048
8606,6.201151334266292e-05,0.18185853266192142,0.16975768994614363,0.0011809923564732273,0.6471407735221191
8607,0.9869345321613782,0.0023079347148093027,0.0028151829227841497,0.003396669538361693,0.004545680662666739
8608,0.31684003051542314,0.003021021879878696,0.0330181212729784,0.5674901360676371,0.07963069026408265
8609,0.0403059383914162,0.08875728692409855,0.06304857488690122,0.025368797864520995,0.7825194019330631
8610,0.1613554260978784,0.0062087139120103425,0.04730090899675616,0.5384957899400412,0.2466391610533139
8611,0.02594822922629861,0.03828553026440918,0.14957314089506582,0.4425795870882631,0.3436135125259633
8612,0.40340890698223714,0.2922272892324437,0.03171526776172036,0.010413846916709385,0.2622346891068895
8613,0.3688382013779548,0.010080667514530255,0.008003015652945528,0.5538306868530742,0.05924742860149522
8614,0.01845237640713455,0.13595258678470282,0.6474285246230175,0.0012847671921844528,0.19688174499296068
8615,0.8733399127041139,0.003894093745818173,0.0017792256749297405,0.0842118916226357,0.036774876252502316
8616,0.00038658659412597337,0.14790110120527775,0.14773344674954772,0.0010277712394767655,0.7029510942115718
8617,0.021765722141102634,0.07974253451104005,0.24927150488233668,0.12030255145353355,0.5289176870119872
8618,0.27253414414045907,0.003109378149117533,0.019187687928633887,0.6881875823302716,0.016981207451518047
8619,0.22566626254557154,0.004491016680500759,0.026140957467627644,0.6940127277318199,0.0496890355744803
8620,0.0009017437092490218,0.3215026874694426,0.2561176825247183,0.003457658743024809,0.4180202275535652
8621,0.27645377010221445,0.0076253260720559185,0.02455186466031118,0.4889903375044219,0.20237870166099636
8622,0.002761924213069019,0.46931453574342913,0.04623946552236987,0.00506300705730809,0.4766210674638239
8623,0.008634110268388338,0.012195865806222717,0.11950162688240701,0.5321541942671256,0.32751420277585636
8624,0.24844996609519857,0.005193645462105857,0.022812889263913862,0.6728348082259147,0.05070869095286704
8625,0.36697042793201434,0.005019834973037712,0.019708612717489936,0.4150133696197842,0.19328775475767387
8626,0.7235662496524654,0.009067480522190335,0.003647769667335003,0.15923363628075202,0.10448486387725717
8627,0.023400366192929678,0.011346379449792991,0.07475348948882939,0.4262285668623054,0.4642711980061424
8628,0.2751741794675174,0.0218165654446171,0.21618643189083128,0.35671509479533076,0.13010772840170334
8629,0.004114922085644567,0.3135782326933496,0.5701200141643349,0.006480835249146544,0.10570599580752438
8630,0.10231449239540968,0.028490235436619507,0.04851572270451131,0.6145181390111304,0.2061614104523292
8631,0.20072673430959237,0.0023783280190858747,0.03955578631572014,0.46556865159937266,0.2917704997562289
8632,0.30758103187718255,0.029654069747527625,0.3181786075019976,0.2185900952522784,0.12599619562101363
8633,0.26618722733750155,0.0023087115243342975,0.02945968127626264,0.5841580171287405,0.11788636273316105
8634,0.006636739944763146,0.22383651830368764,0.5734978939908719,0.01664037054348657,0.17938847721719064
8635,0.011476714064161068,0.21172417012171757,0.5859223905487625,0.025641042082885725,0.1652356831824732
8636,0.3394180870086215,0.005115133510063088,0.022669485850620112,0.40508053996196947,0.2277167536687257
8637,0.8047627492308524,0.13001129129636763,0.02577646324395093,0.005545339269829733,0.033904156958999315
8638,0.07065805040451721,0.1000458057195682,0.07073326643569108,0.055780303838802114,0.7027825736014215
8639,0.004369400477967314,0.3935061864018256,0.4987696219914355,0.006089397561065673,0.097265393567706
8640,0.20609122021573698,0.00402561402638473,0.03091249270208149,0.543159927017646,0.21581074603815079
8641,0.3511437457746926,0.01594079846139893,0.013479688037481551,0.19158172099449108,0.42785404673193583
8642,0.300746874570562,0.0025435119733538216,0.033354491034108744,0.5921354109193354,0.07121971150264009
8643,0.2579147761693897,0.0057417737665084526,0.030613973854290374,0.5927994470211859,0.11293002918862559
8644,0.22478535681531894,0.0048663017377622185,0.05156491255176949,0.5071386523505511,0.21164477654459823
8645,0.9556232992989915,0.005457398382735017,0.006798644252519387,0.019482012822844952,0.012638645242908966
8646,0.7035238619561691,0.01828701126451411,0.01293909440865969,0.027823015678770317,0.23742701669188668
8647,0.4043107345450527,0.06167431826802813,0.1948839715620002,0.014235297331765932,0.32489567829315297
8648,0.7743984231945467,0.011631947859972222,0.027536655209917466,0.1110105709157564,0.07542240281980726
8649,0.06412070112124983,0.20479515372279897,0.08506762513603906,0.15302614532951378,0.4929903746903984
8650,0.0001545446122642815,0.19569361158105517,0.1739036201804158,0.0021745192015850093,0.6280737044246798
8651,0.24020485062319336,0.003878698438180276,0.01938933386203135,0.6659207118367604,0.07060640523983464
8652,0.004503562237977676,0.3474127233095154,0.5588917336770254,0.005546413669179435,0.083645567106302
8653,0.036130538093290115,0.044576422008295556,0.009160250527672182,0.31368059091583284,0.5964521984549094
8654,0.4113788899666817,0.014220386792293203,0.009603826494022501,0.27319920465344244,0.2915976920935603
8655,0.023769581836933874,0.062359625088012356,0.04304407017612136,0.4250715947440072,0.44575512815492513
8656,0.2793084580879837,0.03210915012775562,0.06423508063816,0.2918034350525703,0.3325438760935303
8657,0.42493120519820626,0.010086954874624838,0.00911728910437089,0.49006373314064006,0.06580081768215802
8658,0.8501398507881417,0.0704536393035884,0.026707225066154725,0.00926509945877176,0.043434185383343274
8659,0.757012857140934,0.17157892694626664,0.02172867743475707,0.009156674206697515,0.040522864271344806
8660,0.22181877094786373,0.0035406113098341166,0.03845106861209184,0.6367847932391798,0.09940475589103039
8661,0.4220347980798663,0.05073570313729939,0.10333135718629516,0.12469554647006259,0.2992025951264765
8662,0.0021489553006182986,0.27794340229917863,0.17896789255636414,0.002284135090063264,0.5386556147537757
8663,0.986999776696815,0.001971019111138573,0.0032566063850098283,0.004490968592176699,0.0032816292148599335
8664,0.4421130378030903,0.08954152927034172,0.09390607338553462,0.1791339544135019,0.19530540512753158
8665,0.005422434805940647,0.16766592586518567,0.33247930307028906,0.0025774558778439392,0.4918548803807409
8666,0.006957622130580367,0.3041711649817968,0.5799691785694207,0.0009551759898169482,0.10794685832838512
8667,0.7211063782959006,0.002764969540942258,0.004906895505144016,0.14662479159686795,0.1245969650611451
8668,0.22750418322608362,0.06834893962180105,0.2570884715990235,0.2795177422488326,0.16754066330425924
8669,0.35602727107112286,0.005870309306280013,0.02679211614002187,0.5354191965961329,0.0758911068864423
8670,0.9047544928314731,0.01805273056132127,0.009242791203503643,0.018028910546908552,0.04992107485679342
8671,0.921131385537363,0.009122845291722628,0.01671053385224833,0.01570243196439389,0.03733280335427231
8672,0.35643933689537344,0.07860305683106422,0.08936237880812219,0.29357725907910825,0.18201796838633183
8673,0.3767277766347619,0.008432372745343239,0.020410142430421073,0.5038204328173863,0.09060927537208745
8674,0.8383016966084161,0.01115418335132944,0.004517823390466528,0.015723826113165508,0.13030247053662242
8675,0.38587518771760393,0.01692619011424951,0.08848764486552012,0.3226922340973579,0.18601874320526846
8676,0.6788919022679563,0.07752829086288533,0.05128304249570776,0.09481370395606839,0.09748306041738225
8677,0.01956128980229321,0.06562906641036369,0.08996189507531874,0.06846853121050128,0.756379217501523
8678,0.9801485886845437,0.0024058373370114934,0.004042740829375968,0.006392987248044642,0.007009845901024325
8679,0.35070868153712503,0.007475260973278063,0.016220650638467966,0.39749663779620015,0.22809876905492882
8680,0.8566534225934701,0.018400989843370047,0.008904809070252522,0.021178291341658453,0.0948624871512486
8681,0.4969111610082899,0.07066342780461335,0.056691771162799734,0.25091098597045547,0.12482265405384153
8682,0.022966343593006432,0.02590254878662865,0.05551579331620719,0.3043047455647568,0.5913105687394009
8683,0.008377492886203692,0.019409904874544776,0.13898882371548474,0.5078914040493172,0.3253323744744495
8684,0.9365213608444773,0.02398419755541305,0.013433891756589558,0.0068154305761937125,0.019245119267326253
8685,0.9434961329383529,0.00642715573370918,0.010567863480260248,0.013481669876866362,0.026027177970811576
8686,6.176566933649206e-05,0.39524703694440816,0.17268570992420196,0.0009041576212054983,0.43110132984084776
8687,0.0021669839803891556,0.6254863915054067,0.007907168793488266,0.01261067012137513,0.3518287855993406
8688,0.9389569131586399,0.009970521092466005,0.011965084143276803,0.02005854417175797,0.01904893743385944
8689,0.26250837382946485,0.003661875203905035,0.02892911451001588,0.49637205725613254,0.20852857920048165
8690,0.0015322564676711944,0.09952401514454058,0.14548538774485367,0.0008208322264494931,0.7526375084164851
8691,0.0001449317042020409,0.49158233042624316,0.1784835282201037,0.0008252558175647923,0.32896395383188626
8692,0.0736130378322143,0.22528789412061698,0.1408128463601241,0.10424979899056537,0.45603642269647915
8693,0.0196551059145153,0.017149787783405125,0.10454710952868754,0.4912487460782089,0.36739925069518314
8694,0.21757335116690615,0.008842856426577084,0.02897269220737257,0.5340515758253933,0.21055952437375078
8695,0.00039116980702926673,0.11841316845948327,0.11954604210041966,0.0005845972240424342,0.7610650224090254
8696,0.2437467881799917,0.003510307164770164,0.01870660124944658,0.4812743699094899,0.2527619334963016
8697,0.06803987898878157,0.0407178833695249,0.16678678970954633,0.09791364408949411,0.626541803842653
8698,0.31839399668515433,0.006787554573013031,0.03282076290037358,0.4679436891098143,0.17405399673164468
8699,0.9064859552690779,0.019343274267516395,0.015851316741438935,0.021212620130558888,0.03710683359140785
8700,0.12627629260402398,0.012361231273487368,0.025548059083921063,0.8016395321945654,0.034174884844002267
8701,0.22526399349523016,0.011996857827772829,0.022508973942190834,0.6481487089212871,0.09208146581351911
8702,0.6756080518663514,0.056713006926115576,0.05843928607266166,0.09365322820411981,0.11558642693075151
8703,0.46516047525400156,0.022399217311435404,0.06545932626887033,0.12438966372569686,0.3225913174399959
8704,0.5609091538980341,0.017821995910789614,0.08681317730057489,0.19754550026479578,0.13691017262580554
8705,0.2199367583052298,0.005276923855297001,0.02927299934626755,0.5271719854099514,0.2183413330832542
8706,0.0011471322503352386,0.2826450535389987,0.6076450389544455,0.003615476374466003,0.10494729888175441
8707,0.37955269591861135,0.04061296897817218,0.07899056731462653,0.24137531732232648,0.2594684504662635
8708,0.0017113073626593108,0.11253520728750852,0.03316424138627872,0.289893961062944,0.5626952829006094
8709,0.9093573993079195,0.015069699605334523,0.017283766001679513,0.01947215387497554,0.03881698121009075
8710,0.011488262486350107,0.060005851993173494,0.2779395887947449,0.06845511424030905,0.5821111824854224
8711,0.6715208680706592,0.01876277999227409,0.01066101324358521,0.022405494378485165,0.27664984431499623
8712,0.9045266391334763,0.013256101205216754,0.013569516154805282,0.012042454081498817,0.05660528942500293
8713,0.3794896245467072,0.00775515989253832,0.02405275871489448,0.45277059441189826,0.13593186243396158
8714,0.38382754243544975,0.0023210970723510907,0.018727854514206162,0.32858539621986266,0.2665381097581303
8715,0.15690404221948967,0.007624576851892351,0.026286834503336843,0.6793444941723484,0.12984005225293271
8716,0.7197928295459273,0.02156595743300202,0.04145121687347769,0.0888944000184409,0.12829559612915215
8717,0.2954643809115928,0.00603139135533758,0.026942840303129354,0.45717600192394137,0.21438538550599892
8718,0.43032182718021206,0.014339854922846803,0.0036409769675744778,0.4462569747081921,0.10544036622117453
8719,0.019699054073365186,0.7960227576220935,0.12375708905702575,0.002165151708068686,0.058355947539447
8720,0.00020734832076518088,0.3146485914311525,0.3962722035313675,0.0013342163882568254,0.2875376403284581
8721,0.004620976714083411,0.423276997610028,0.19018875653886771,0.0029015476759090535,0.37901172146111195
8722,0.24416931393208607,0.06911553484810186,0.10795990193353401,0.23568345253446632,0.34307179675181165
8723,0.1449113533066703,0.003294423837818005,0.019873245993867375,0.6729052183576537,0.15901575850399058
8724,0.8186898743301255,0.022599365500704915,0.09854570459165397,0.011683453467609621,0.04848160210990604
8725,0.21289838271412964,0.00710601959419415,0.04956323018912175,0.5457930576119742,0.1846393098905803
8726,0.009963859206978561,0.22926263083488632,0.65868632338865,0.004231778790634815,0.09785540777885034
8727,0.3546554257901023,0.005944318839335554,0.019535618413551985,0.591630540970815,0.0282340959861952
8728,0.804337537925083,0.12442052422975267,0.021384123189786605,0.011693929219757964,0.038163885435619785
8729,0.14250120664122856,0.061528542849297735,0.11298961980969566,0.09772877065979133,0.5852518600399867
8730,0.2523167798358763,0.005936683604837865,0.045316222144945746,0.6506110733317482,0.045819241082591895
8731,0.2550750733133197,0.03729108049209903,0.11375419288083904,0.30652940818053104,0.2873502451332112
8732,0.006098909363273399,0.019821425366053327,0.06570443127992587,0.6640673887974918,0.24430784519325555
8733,0.2599537902830715,0.004714878383194856,0.015905399361541915,0.495708838081163,0.22371709389102867
8734,0.36615516794464803,0.04628614474346566,0.0789693976046721,0.33552722994583734,0.17306205976137698
8735,0.3163161444176923,0.002292769582226016,0.01810556902966303,0.537971881960883,0.12531363500953585
8736,0.00022202666551655813,0.2318902887148965,0.47042363500967976,0.0012620676542259217,0.29620198195568137
8737,0.04679390666854384,0.17678842321452584,0.582212191874215,0.00269472353220033,0.19151075471051493
8738,0.7141836675712947,0.021819694231777386,0.17351526433883077,0.010764171635704875,0.07971720222239218
8739,0.056534516278847424,0.031241048677241732,0.03144071526553219,0.20320240420423927,0.6775813155741394
8740,0.04731210168843188,0.3362962037586225,0.05179620602654891,0.03738165846332698,0.5272138300630698
8741,0.38684866062722695,0.0059968291478996495,0.020347684334258234,0.4674555697169259,0.11935125617368929
8742,0.24072708933887146,0.004786256678995555,0.02889490106294343,0.44803436260389135,0.27755739031529825
8743,0.3203536986831865,0.011231257717008487,0.02557992172117163,0.5126759377438009,0.13015918413483235
8744,0.06034728053603897,0.1327643297039836,0.271144055858836,0.06021926760045054,0.4755250663006909
8745,0.3591342888562184,0.14802766130034986,0.13894926179154587,0.15387831530794774,0.2000104727439382
8746,0.001008629706083901,0.21472827935597727,0.29579635162614826,0.00401023738221428,0.4844565019295764
8747,0.3817626801854129,0.10656467763286033,0.0854945833522843,0.22401364548915853,0.20216441334028395
8748,0.19803187958623683,0.00587982260798127,0.031192690240084888,0.5361331106057073,0.2287624969599896
8749,0.9636828481824351,0.0052704449487460964,0.005917747767758276,0.009692232461963508,0.015436726639097233
8750,0.167263113666457,0.005885762588595594,0.02876617527797882,0.5899913345122481,0.20809361395472045
8751,0.5571265770286146,0.004598238193821451,0.008127958989749088,0.3620430783829162,0.06810414740489848
8752,0.36066912761998215,0.012893450218893926,0.010220964050583503,0.2554034838613945,0.3608129742491459
8753,0.0033163492216459808,0.31350601237341547,0.5373255888226494,0.006252681515052423,0.13959936806723677
8754,0.0011136118250778862,0.1962926401371988,0.21430556607258688,0.002112728120778631,0.5861754538443579
8755,0.5301858451125561,0.004418565250087493,0.0063284388598715295,0.36517297472097043,0.09389417605651453
8756,0.9431340283152575,0.017454608179804845,0.01410392836288671,0.007663518116744743,0.017643917025306096
8757,0.008838801856976358,0.009890374571762034,0.10687342356548302,0.6597963906013649,0.21460100940441368
8758,0.0052091020187787305,0.11155217331837808,0.04842040047946723,0.037460140662552106,0.797358183520824
8759,0.459189828575992,0.016522045850028217,0.040483765254548845,0.4107862673046101,0.07301809301482069
8760,0.7362179778080085,0.026028870662842256,0.14477903061183123,0.012016877052200028,0.08095724386511811
8761,0.7120560684853547,0.006994896721698157,0.0013781526863260623,0.199233588679687,0.08033729342693395
8762,0.6749461081852316,0.017311235921660298,0.014909784532094872,0.02078134084084022,0.27205153052017295
8763,0.008550183669366116,0.010212500870472619,0.0389022370167336,0.6138420176455874,0.3284930607978402
8764,0.0290429645397507,0.21048355657882886,0.634428620269398,0.002588772967627903,0.12345608564439459
8765,0.2533153631593272,0.08505877808261483,0.1198482538600606,0.35427514238191576,0.18750246251608163
8766,0.927795684915113,0.012143914607767734,0.01328539054417122,0.027168267546401434,0.01960674238654666
8767,0.23487809933673784,0.007364036837980772,0.034409834791831975,0.6122258640544439,0.11112216497900554
8768,0.08646889413303811,0.05630000995918913,0.047249332909586196,0.023565076583583817,0.7864166864146028
8769,0.007038956760913606,0.19410694167804782,0.28801832600902644,0.003788022593247268,0.5070477529587649
8770,0.6706815810690773,0.004934984861839746,0.0035356665028852077,0.13127941382530867,0.18956835374088898
8771,0.4754109949933713,0.008347509270465818,0.010219417473595923,0.42503030851194146,0.08099176975062543
8772,0.19050338715878887,0.0044764090129480755,0.05283121643320517,0.6972838580092742,0.05490512938578375
8773,0.49234780993103633,0.003761319871972777,0.009122535271540094,0.4534182755856337,0.04135005933981704
8774,0.835024400159619,0.020219738968970398,0.010535928024604808,0.024549887015309958,0.10967004583149599
8775,0.17922001594258133,0.008382068066362486,0.01983798177077241,0.5977738517629424,0.19478608245734144
8776,0.7935557337451695,0.004758491579984396,0.003375215541003765,0.14142463760604176,0.05688592152780054
8777,0.3919052673516729,0.004793870907323468,0.020923004894446418,0.52104192991573,0.06133592693082733
8778,0.6844361047475223,0.00846773065427661,0.00898451783621985,0.17500017847110014,0.12311146829088117
8779,0.013631460998113206,0.022258268854913336,0.13627377698518955,0.6128524071214712,0.21498408604031283
8780,0.5268239383795454,0.01755938814596564,0.00866917971654957,0.26545227652863934,0.18149521722929998
8781,0.4560497930986843,0.008108969302662935,0.008171845106319554,0.2978676508916272,0.22980174160070596
8782,0.8777271699447141,0.010158194800935097,0.010392258222236621,0.02586789004582923,0.07585448698628504
8783,0.43687238171884324,0.004257515777328672,0.012472710487572721,0.40313459864686557,0.14326279336938974
8784,0.0002113099560179362,0.1646317896777842,0.2120119477924424,0.0011083561656264715,0.622036596408129
8785,0.43758912958942114,0.0023849887738073214,0.015408352421392916,0.38234301343701577,0.16227451577836294
8786,0.012272167707870332,0.01688385435011223,0.07841542311813254,0.81028195628137,0.08214659854251477
8787,0.013812044872234707,0.03504421072325306,0.0958894103006965,0.701001985854124,0.15425234824969172
8788,0.3650677655644788,0.005348751761471129,0.02294645484476293,0.5235760024164434,0.08306102541284377
8789,0.24593323153243543,0.059994465775349996,0.032820629442321725,0.6100137173283919,0.05123795592150094
8790,0.2610831226101258,0.08130162206613137,0.37306656161610285,0.06556464670993203,0.21898404699770788
8791,0.037288640053849326,0.6773122040178594,0.14376424022916282,0.004202798462958517,0.1374321172361698
8792,0.285659283206507,0.027477668397107538,0.37031210767104406,0.198072690987424,0.1184782497379173
8793,0.30103155188167285,0.006544915227541401,0.02377498860037535,0.5464674931650016,0.12218105112540881
8794,0.0050840799717881266,0.2737324960056074,0.23603480627806037,0.0022555089808297055,0.4828931087637144
8795,0.38830683842108926,0.003507362644847759,0.021978507323878987,0.5387408318878797,0.0474664597223042
8796,0.002941713498631098,0.04778837351340446,0.7324860055875967,0.00765510067092228,0.20912880672944564
8797,0.38344623756945573,0.0056297811595449315,0.028109916029067577,0.43534563280144817,0.14746843244048366
8798,0.013296873907819248,0.013606252389163805,0.09100136252557144,0.5155913159542791,0.36650419522316646
8799,0.15284106298223926,0.17750460156276004,0.21608607740500846,0.023783301769024053,0.4297849562809682
8800,0.8581496092716437,0.09186313235455636,0.01987677895819265,0.008406173161463781,0.02170430625414322
8801,0.36767354577908984,0.01163806036322218,0.011849941913144571,0.3551446424411677,0.2536938095033757
8802,0.5446584316934351,0.020728839827177225,0.04992637271434775,0.15593821621738574,0.2287481395476542
8803,0.31055108948535065,0.006263177897075728,0.008988622400481117,0.5074284516829285,0.16676865853416395
8804,0.1136713015624117,0.3782301864104991,0.39620239169153026,0.011643522812710725,0.10025259752284826
8805,0.2909211820516427,0.008772571428980044,0.02575849343602547,0.5948185995635396,0.07972915351981222
8806,0.5040603546288557,0.004930505963753585,0.012406911837531918,0.4497656208192655,0.028836606750593435
8807,0.40257427987312056,0.006213016125924281,0.01617138822632153,0.48397516753772846,0.09106614823690512
8808,0.1953584354175977,0.005185387982957549,0.03434462196692098,0.6939144371789655,0.07119711745355836
8809,0.25230358148573706,0.00825807552962773,0.025178868284601433,0.45231378272327705,0.2619456919767567
8810,0.7489510588236385,0.029060325555378196,0.009845834040307621,0.031834266022286166,0.18030851555838948
8811,0.010684406083022516,0.08156224462126953,0.3009011011649253,0.10811375820530711,0.49873848992547554
8812,0.9884105794997511,0.0010543320162358374,0.0024338994954899557,0.0038069160613244876,0.004294272927198618
8813,0.16959508361934172,0.0120211786642144,0.03773682432684641,0.6385600254720654,0.14208688791753224
8814,0.331984124979158,0.0016304303793295018,0.018276466292161387,0.5579998005950914,0.09010917775425975
8815,0.010823613438254866,0.011307195441328662,0.10556746492996055,0.5010918385197464,0.37120988767070956
8816,0.9140012918907514,0.005251844376597943,0.010356274716045326,0.051179506638739325,0.019211082377866083
8817,0.0015534891681004694,0.11399548717626627,0.16510989172453563,0.0008778345651348831,0.7184632973659626
8818,0.7919285821449811,0.024104220620144154,0.01323193986262472,0.027498609983795594,0.14323664738845446
8819,0.2924068358431484,0.003612278818186564,0.017421398123822995,0.49455608622996344,0.1920034009848786
8820,0.6654910306371328,0.009732721775872817,0.035600004625761295,0.2091051718228094,0.08007107113842372
8821,0.019857478254346136,0.139460006936924,0.6329295761419813,0.001347709680693346,0.20640522898605518
8822,0.9544802431549271,0.012089442008928688,0.00993508188257397,0.005903731411462855,0.017591501542107493
8823,0.0028648849440816825,0.2609721948444132,0.15702862305223678,0.001959606916465372,0.577174690242803
8824,0.1312390445586896,0.0037491261647576695,0.043472490503638724,0.6683396340655201,0.15319970470739389
8825,0.0010936555710177004,0.38887412708355507,0.25405226681110255,0.0032629813420071985,0.3527169691923176
8826,0.07710304005629749,0.020898143294301057,0.4160573519428702,0.14011542894189508,0.3458260357646362
8827,0.09926336815926887,0.004899108457473178,0.036420724673923,0.6795016672102518,0.17991513149908295
8828,0.38144471330792196,0.0058360728470940385,0.014724160836352218,0.5539272643664986,0.04406778864213323
8829,0.006435827057005752,0.022002741668681724,0.59243637446386,0.012036507092765276,0.36708854971768723
8830,0.3308022554396812,0.006505096576557538,0.01708214655824645,0.42475334596802355,0.22085715545749127
8831,0.22457557441238787,0.006108406876769501,0.03493489757074604,0.46026422893850877,0.27411689220158786
8832,0.4199353267294535,0.007835937788628384,0.012337676537618424,0.2366205072104314,0.32327055173386815
8833,0.0038465884702241185,0.25297516430163963,0.6074593472405037,0.003964364600307313,0.13175453538732532
8834,0.0020971868077947742,0.11846023213364176,0.03673286598903244,0.003649393755897535,0.8390603213136335
8835,0.43779338814956936,0.014266065432067696,0.04236811437216838,0.40611581267367675,0.0994566193725177
8836,0.3076014205767304,0.0765149040264895,0.207524708533553,0.1021311950361288,0.3062277718270983
8837,0.2545028804795382,0.0038635774646036992,0.02811920823811514,0.6568281863319778,0.05668614748576522
8838,0.5009057952955035,0.03224564426949702,0.013049824132261394,0.4221188631292179,0.031679873173520154
8839,0.36477716384237946,0.04893803127274784,0.21446969903818938,0.17591813630654474,0.19589696954013872
8840,0.6492117849336608,0.05521665592269063,0.03969557977585964,0.09445646658374862,0.16141951278404024
8841,0.0001837244033101626,0.39448047220936294,0.1535858930709921,0.0010264051475254614,0.4507235051688093
8842,0.012517308533026489,0.22524763763030978,0.6240439474774372,0.0011734788153794661,0.13701762754384722
8843,0.0334348492791658,0.046849455479399234,0.056154973100411294,0.021729977922261286,0.8418307442187624
8844,0.0025392429659882158,0.051798483437601066,0.03651296174111883,0.09645213739237349,0.8126971744629184
8845,0.930050664680357,0.007263582138351484,0.015474685339235869,0.01692262459402517,0.030288443248030355
8846,0.00394252010313164,0.028553696900622743,0.5763932903852003,0.008774832392824965,0.3823356602182203
8847,0.4635603393279996,0.012018714766022856,0.01344913527134961,0.19837716161218058,0.3125946490224472
8848,0.13704412603520957,0.005312134313620945,0.03149154182891405,0.6265537251117874,0.19959847271046804
8849,0.0029048104657302073,0.16743258521286347,0.1987374807352075,0.0022557846497669076,0.628669338936432
8850,0.001447364536060426,0.09028668552299111,0.7577622870007942,0.02884297057137688,0.12166069236877727
8851,0.012756437277401037,0.4862508386950317,0.2309652398725244,0.010145642534956215,0.2598818416200868
8852,0.31479722868887516,0.0066535318124047145,0.02618883458284549,0.5694162741165534,0.0829441307993213
8853,0.017112806170441256,0.04564467924691886,0.8154493447256692,0.02822049077200816,0.09357267908496245
8854,0.33473334080692857,0.03762294864678228,0.0696287189128096,0.1975483456098861,0.3604666460235936
8855,0.35295417460315553,0.010784294558831646,0.010594175955195658,0.41960824535824054,0.20605910952457662
8856,0.01181337506830688,0.009818610483497867,0.13188931801780826,0.461301155593035,0.38517754083735206
8857,0.03906931332707007,0.04256289232087476,0.21639736138220325,0.06571094717410002,0.6362594857957519
8858,0.7799262035465855,0.01564267214487832,0.12544080154464557,0.010075706359510626,0.06891461640437983
8859,0.06211643271998844,0.01645365245312529,0.027082126853167108,0.7955421100569,0.09880567791681927
8860,0.17560649074874252,0.006304466577920872,0.03258879125260985,0.6140899916993598,0.17141025972136678
8861,0.16457036055785848,0.07441335743219832,0.6111583990276425,0.006805228507569405,0.1430526544747313
8862,0.0006711766729583604,0.28154771700491765,0.2248170440813052,0.0012854515596124676,0.49167861068120616
8863,0.018453535342617153,0.016462787391611135,0.12021151649829376,0.5160648935282759,0.3288072672392022
8864,0.012360701888408395,0.04156438920164896,0.13463681889846874,0.5428666314364454,0.26857145857502857
8865,0.26767148132943086,0.0036368614658801902,0.0430534610823801,0.4787054297764482,0.20693276634586064
8866,0.11370078947797853,0.006433631951510373,0.039676772649177974,0.731860182893367,0.10832862302796617
8867,0.01910084975099983,0.08787496315730346,0.3102092899996723,0.08227410249897543,0.500540794593049
8868,0.25107222693434406,0.013389834472454665,0.051531977459136374,0.4730914915554842,0.2109144695785807
8869,0.5898382068200005,0.11638115427549496,0.017702206657395133,0.018979612307036983,0.25709881994007233
8870,0.8692240044094344,0.0022686377280883487,0.001096745500292976,0.08506389516997633,0.04234671719220811
8871,0.06630080858671585,0.2509482452267789,0.04575158475613091,0.06896789277532979,0.5680314686550446
8872,0.42514908845430216,0.013785523879946677,0.02387006619332494,0.48495271118195904,0.05224261029046722
8873,0.3993961785912591,0.007717429814521561,0.012921302598102398,0.40488175245453556,0.1750833365415813
8874,0.30783887007266963,0.021452664074890354,0.08608436032671003,0.259972198304166,0.3246519072215639
8875,0.27773516537565085,0.04091334976176389,0.15637493916896777,0.1137782168031106,0.4111983288905069
8876,7.498490180302888e-05,0.2591943207517632,0.16492406764153217,0.0010763817104840223,0.5747302449944175
8877,0.7997840814889738,0.15604473278035247,0.016252921422803678,0.004512620581258931,0.02340564372661112
8878,0.3871807113373878,0.005885827921439405,0.0046726937881290944,0.4131219034108002,0.18913886354224355
8879,0.4243677222475335,0.004559699536609165,0.02011831145505111,0.3700193076015944,0.18093495915921193
8880,0.3814590388024353,0.0802259009006861,0.10924600335061474,0.13907690296595687,0.289992153980307
8881,0.2680927212476365,0.004366794023334432,0.014778076261242837,0.6508717286328713,0.061890679834914836
8882,0.4580348436745457,0.03315486614561326,0.025800960043728415,0.05770405993222498,0.4253052702038877
8883,0.23031857619337318,0.005869591177136006,0.042561968518796144,0.4693014218937472,0.2519484422169475
8884,0.0005639734720841002,0.020296879836756942,0.6370231794353439,0.020852049916733784,0.32126391733908116
8885,0.9747539317199213,0.004210310427330255,0.0034814317840730974,0.011845446480756939,0.005708879587918252
8886,0.0008713662697458976,0.15070771453401619,0.19088416786300708,0.0017597958629834052,0.6557769554702474
8887,0.672551419234025,0.001669750428018938,0.002995120251599788,0.10127685779857813,0.22150685228777817
8888,0.04442099961139191,0.15077801234559915,0.27475461150248315,0.14606888616835315,0.38397749037217266
8889,0.40573637701192056,0.004158306804204206,0.0237162892025652,0.5221164329804548,0.04427259400085528
8890,0.008153038524677912,0.022393217460160444,0.11187799751734263,0.5994709558206796,0.2581047906771394
8891,0.2871520430710732,0.019784410371299327,0.0759081104028166,0.3641372158558419,0.2530182202989689
8892,0.1245232473389025,0.04008029877160178,0.09937569191924389,0.06741947442293506,0.6686012875473168
8893,0.12870656564386532,0.005958638337089906,0.029853277969396363,0.6938707537214633,0.14161076432818512
8894,0.000524052287650178,0.14345413561821044,0.1395736126483584,0.0011213300563471238,0.7153268693894339
8895,0.9215065951571999,0.010200791748557895,0.015175105049750727,0.017688467365708522,0.03542904067878303
8896,0.0675531005450315,0.44908957940172956,0.27203250291868997,0.005797524857660814,0.2055272922768881
8897,0.11730361851793279,0.006701919226648874,0.03397811609291433,0.6268431166672426,0.21517322949526144
8898,0.27198900694528105,0.011396999590749234,0.022988897901355738,0.6081328738231007,0.08549222173951326
8899,0.4792792902373106,0.01673968358270834,0.0388685677714574,0.06518248694102094,0.3999299714675028
8900,0.9420774065159756,0.008546741980556851,0.010330822805150764,0.010277589098982418,0.028767439599334525
8901,0.27031479682909354,0.007603905002631866,0.02488464217315608,0.4874238389703865,0.20977281702473205
8902,0.7484824608319282,0.006810608831338824,0.002891610402861049,0.15040848577737126,0.09140683415650057
8903,0.014977215115798541,0.5635803552776247,0.21079190326850616,0.00029766478932781996,0.21035286154874275
8904,0.0023824152625333147,0.3961140448055681,0.5026067481926504,0.005713378673296221,0.09318341306595194
8905,0.8042760949702575,0.005470445040892481,0.002659743431021897,0.10055629145867144,0.08703742509915663
8906,0.31524429920299324,0.010669736752031485,0.08111174172481264,0.4285759378769418,0.16439828444322088
8907,0.3437606549674019,0.006654614479293232,0.019209788278323852,0.44197929520883966,0.1883956470661414
8908,0.25509456674117553,0.0032323759752162073,0.09243705034560784,0.44414662097315155,0.20508938596484885
8909,0.7408676912063029,0.005334918772762364,0.004166343709059014,0.13441658843896565,0.11521445787291018
8910,0.3567464153212254,0.013017618194415829,0.016847200179481187,0.29709840482037336,0.31629036148450407
8911,0.8169887862168489,0.0630829166117777,0.03410855581233112,0.0209723602294994,0.06484738112954283
8912,0.34653552757815564,0.009185102775657414,0.010699024923162015,0.37337776774471354,0.26020257697831134
8913,0.0230878439739041,0.0213077884831326,0.09208159988305548,0.5826468711178885,0.28087589654201933
8914,0.18425175576237202,0.009735958800299776,0.036087859521291274,0.510259915487726,0.2596645104283108
8915,0.553125421767688,0.004467040338611875,0.003939907093356246,0.39161100648112224,0.04685662431922165
8916,0.2332410927163363,0.06591957814408057,0.09133741972983918,0.37122274718332615,0.23827916222641776
8917,0.0005648207823920943,0.04827200569215388,0.7668824275718784,0.02570277570824788,0.15857797024532802
8918,0.30427476957472616,0.012472030114730092,0.0337573559504106,0.5263189337994346,0.12317691056069859
8919,0.010459616148092763,0.03764016853955381,0.16374713094121185,0.4189716978199908,0.3691813865511509
8920,0.20426164818678447,0.008974972399844648,0.032779793659583376,0.547376929307203,0.2066066564465845
8921,0.336243587750802,0.021914182101762027,0.08388387787107726,0.22454664587743697,0.33341170639892176
8922,0.27698052244416516,0.09978218520337298,0.1014461506565838,0.3500153843427564,0.1717757573531216
8923,0.5505847100956713,0.00316531446259412,0.010237204328882865,0.3408470780072125,0.09516569310563915
8924,0.305748493523499,0.03126806167462269,0.03674530401045692,0.05253128016461217,0.5737068606268093
8925,0.9587105115394846,0.007372574029915326,0.008337194985377518,0.01333666184364333,0.012243057601579222
8926,0.2481839268679689,0.019654594891013257,0.15483029852664382,0.1447657191632062,0.4325654605511678
8927,0.23369457336510593,0.0030157184952884766,0.04625856731771575,0.4542981849391637,0.2627329558827262
8928,0.9154848212161257,0.019693662872454564,0.01782727574440811,0.014304227936672834,0.032690012230338704
8929,0.3809829973809733,0.00991005251421217,0.01967233848727658,0.44208929187843077,0.1473453197391072
8930,0.7804871086480965,0.08586317735403443,0.011922025779280596,0.005372683613075928,0.11635500460551253
8931,0.3320027400293842,0.004668784968448069,0.021758488103354835,0.616130259207033,0.025439727691779993
8932,0.47485005904029537,0.1415634949513188,0.2404557486196338,0.014545671698982379,0.12858502568976982
8933,0.008914295707959534,0.02899889640848249,0.11670746374327014,0.6248774457864157,0.2205018983538721
8934,0.2325831853835579,0.004903709705349315,0.04759585379598139,0.4949146183415497,0.22000263277356163
8935,0.0008950966575399663,0.23934197776498942,0.13849615024880885,0.0008746426322776967,0.6203921326963842
8936,0.19425591097429273,0.004144327508896,0.026683049305214642,0.7092176760825926,0.06569903612900407
8937,0.8464807271554522,0.014737925360293025,0.0064502299072196085,0.0260514181110792,0.10627969946595577
8938,0.299364207785397,0.009605422666663954,0.01300315250346815,0.4403333020431538,0.23769391500131712
8939,0.185255652537822,0.004441566539326263,0.03345372122133427,0.6457112673896729,0.13113779231184464
8940,0.47534348615431304,0.009327968075771041,0.007683674416678284,0.19244032799658453,0.31520454335665316
8941,0.4901812799658546,0.009488773928085073,0.01753829300064626,0.2742927508044227,0.20849890230099138
8942,0.386072049793093,0.004946901124256856,0.014632246814292935,0.5243973768320334,0.06995142543632377
8943,0.010161634278739801,0.05743515607309867,0.7252340947572621,0.026138865046106057,0.1810302498447934
8944,0.002883876300598622,0.022187191227655674,0.010079796446122448,0.298105572688385,0.6667435633372382
8945,0.5838159326533554,0.016657574354632054,0.05001718394390162,0.267068297268311,0.08244101177979979
8946,0.8447933936376212,0.10578700078999047,0.020805576387966644,0.007354993569604568,0.021259035614817085
8947,0.6706413147568123,0.033366780147278195,0.20896900857238734,0.012819036784435245,0.07420385973908686
8948,0.45126910486024174,0.006521119613431336,0.00547708553542498,0.3743691976542141,0.1623634923366879
8949,0.8967825970073687,0.012980841605109763,0.01820870321468885,0.027615420083673785,0.044412438089158734
8950,0.01903118553823569,0.015415390334985048,0.08923227980935867,0.03505233537135035,0.8412688089460701
8951,0.32053366099040376,0.006995196488597351,0.06341347162571512,0.46568514129312116,0.14337252960216265
8952,0.41149836400402723,0.05749300345126534,0.10673905869584983,0.2389903692958787,0.18527920455297883
8953,0.2379613299577964,0.09871576483404035,0.25594157059390316,0.2547168954218751,0.1526644391923851
8954,0.003321116870623243,0.43245341681329746,0.4718274810852246,0.0018292702805142074,0.09056871495034055
8955,0.017283317485184878,0.0899648037612209,0.2816887427362,0.0710787568693948,0.5399843791479995
8956,0.26421213526150406,0.004262330516593503,0.03316319318152287,0.5203083425313875,0.17805399850899215
8957,0.3431593682919334,0.005291360348241308,0.0073584867179276635,0.5056592428939393,0.13853154174795831
8958,0.4764747394085923,0.005031750191861443,0.00919515941882497,0.46171985469311744,0.0475784962876037
8959,0.7078579152772202,0.130368463587327,0.049499876906908415,0.03309929657414754,0.07917444765439684
8960,0.28800470442653014,0.04252394277043336,0.08227902354346184,0.33890440432350566,0.24828792493606902
8961,0.8319144729297476,0.008115272171840606,0.002498143041191266,0.10461725189972991,0.05285485995749057
8962,0.01155228250629528,0.2738388498269885,0.6041195438708766,0.0066298410232816666,0.10385948277255788
8963,0.1195400096859531,0.01686911925330118,0.027413103152516785,0.6589224248922695,0.17725534301595952
8964,0.8112799029354774,0.07227365184215771,0.03469521607871486,0.020711191611409156,0.06104003753224085
8965,0.41829137188634935,0.08505161720498582,0.07475601307282695,0.26866908656490407,0.15323191127093383
8966,0.7448131701472176,0.002866945858880196,0.0032645273045454437,0.15976561378689186,0.08928974290246504
8967,0.8133470362460682,0.048658620367445476,0.04071853415929541,0.018869414735842204,0.07840639449134855
8968,0.033367427133575316,0.02427511387212202,0.055931909856886584,0.6559780320623364,0.23044751707507963
8969,0.760660668985905,0.011666535139997589,0.028955016979679036,0.10184127660000872,0.09687650229440964
8970,0.2499216399049066,0.003589349694195517,0.04284867398358542,0.4494003875560145,0.25423994886129797
8971,0.5531159198474647,0.034141451670015394,0.13540106489026793,0.14597081108138812,0.1313707525108639
8972,0.00046702298864302903,0.13906837539630085,0.1116134251667289,0.0009683699725764348,0.7478828064757507
8973,0.8056299645343619,0.0044036398751062565,0.003912376385660923,0.1315037625672733,0.054550256637597494
8974,0.3608122124646463,0.007376696800583922,0.01881260417522174,0.4437338682406007,0.1692646183189474
8975,0.6484524392410694,0.00671783763367682,0.005230131739990622,0.2191867804351749,0.12041281095008811
8976,0.9225415278551642,0.006897654252410769,0.013270008563080578,0.01567154562590096,0.04161926370344351
8977,0.027756238776448346,0.011648026438549352,0.09822729867972307,0.6668544725280391,0.19551396357724007
8978,0.9731476622466402,0.005608564016390351,0.004801975343931188,0.0069397468969063635,0.009502051496131956
8979,0.27215217175346357,0.03191606929143749,0.117461946167055,0.2963953162129939,0.28207449657504996
8980,0.7364666904771975,0.02965168768081857,0.03889142216645794,0.08029395218157973,0.11469624749394638
8981,0.9521880576135098,0.009076960557761471,0.009928846486882376,0.015083057751027355,0.013723077590819102
8982,0.001753127705765435,0.24118058909760975,0.24090719694523033,0.0031181004028985214,0.513040985848496
8983,0.46529221574327095,0.007329538339083414,0.017404469673753146,0.2653303562277837,0.24464342001610884
8984,0.24860307032321768,0.00794739308969778,0.03150741568543422,0.5994612361335306,0.11248088476811965
8985,0.3072986072753048,0.09432199240124227,0.1081517614809983,0.3233774164606608,0.16685022238179395
8986,0.00912690886354348,0.3101421880033929,0.5902619081258309,0.0024187290635814163,0.08805026594365149
8987,0.42889746642668064,0.00694384636714179,0.013242542949721775,0.36442919508834953,0.18648694916810618
8988,0.6479592230683223,0.013267598038034487,0.006852947675146367,0.2690066840466652,0.0629135471718317
8989,0.3661515372566916,0.005416336599367691,0.01986031506831164,0.406893950525244,0.2016778605503851
8990,0.0025671113760222042,0.2957776963641957,0.02205751339544946,0.04861514562485827,0.6309825332394744
8991,0.4112172756437995,0.007248699338774601,0.016399258580136723,0.4055428913582818,0.15959187507900743
8992,0.11742156965767075,0.06319817899787562,0.0053004748171891925,0.13698761359226416,0.6770921629350003
8993,0.0032700306393583798,0.28652217663989626,0.6020591228656798,0.005461599319678731,0.10268707053538699
8994,0.04832483230344623,0.056119238669827216,0.06573096132076263,0.02658497533164516,0.8032399923743188
8995,0.2581899498080752,0.007301837940503581,0.026587775593370593,0.5150585138667718,0.19286192279127876
8996,0.02013651906740275,0.032618377941667095,0.6201472177694889,0.009563927074075305,0.31753395814736585
8997,0.007370509665345728,0.1013660054353121,0.07769524671862048,0.14811598422763347,0.6654522539530883
8998,0.0027621159641791977,0.04024605621063328,0.7448417190292624,0.012232893847646023,0.19991721494827916
8999,0.1529120232877906,0.006662790197788452,0.04913190520496709,0.5287832902428653,0.2625099910665886
9000,0.05427744472884734,0.13959067426597954,0.4122327218849219,0.15455658712502696,0.23934257199522418
9001,0.10243808989899846,0.11816077279721866,0.43389217168940913,0.07505575881797412,0.2704532067963996
9002,0.27209919619604317,0.002850510718607845,0.028585993827750785,0.5018136710463549,0.19465062821124335
9003,0.3224923818980764,0.009385087830626332,0.01738254969414034,0.5666701183143924,0.08406986226276454
9004,0.7688666253439703,0.01044942168106741,0.028434751099983543,0.1005842347887865,0.0916649670861922
9005,0.32843542563414757,0.03143709491523583,0.0657306439350508,0.06329057344672936,0.5111062620688365
9006,0.37821544853301864,0.003591620316447459,0.020018986237407485,0.5377486467147018,0.06042529819842453
9007,0.004394178546098803,0.3331812620609565,0.5375398345421031,0.005747773027614859,0.11913695182322681
9008,0.09901464127022892,0.007949478752210748,0.03878064942868845,0.6600710493650774,0.1941841811837945
9009,0.01920621570102801,0.013627969241000189,0.0799405813480764,0.6799333230564009,0.20729191065349442
9010,0.003247910455483148,0.12920737296461346,0.03925330313866507,0.1894524499072884,0.63883896353395
9011,0.9867644404628194,0.0024103350348612792,0.003179629257044966,0.004282035955215828,0.003363559290058378
9012,0.8732655267595295,0.018154120714104997,0.0040648617827612026,0.015850810028678684,0.0886646807149254
9013,0.0009699615663321771,0.23335022281751583,0.11095341417170763,0.000779906865427247,0.6539464945790171
9014,0.0060047451614909375,0.011515480364785235,0.1330382965415937,0.5067618328969474,0.34267964503518267
9015,0.6571142962535088,0.01647125601192494,0.04424253396277463,0.1918740392371471,0.0902978745346445
9016,0.42576209719578895,0.03146163285431164,0.06447896041930909,0.3321602111009609,0.14613709842962933
9017,0.7984486972863555,0.010447671381736369,0.03146901419515389,0.027375823472525845,0.1322587936642286
9018,0.010370255574171969,0.0551752303337264,0.01806161057918027,0.09306441222972349,0.823328491283198
9019,0.005114140013049498,0.2819955566566318,0.6138159266605162,0.005874210309147923,0.09320016636065462
9020,0.28456822707961094,0.04573632593957685,0.10731974077154723,0.33686448524887913,0.22551122096038576
9021,0.23386708401602968,0.015529015410203621,0.03135637187948475,0.42792449592033605,0.2913230327739459
9022,0.25733004237556434,0.07662954053821931,0.17343184934555775,0.3123368686866093,0.18027169905404936
9023,0.33905025068769573,0.0076502089920123546,0.02096209789286545,0.43618086147545126,0.19615658095197516
9024,0.6265273114984973,0.005890698887227646,0.004136785938634857,0.2521908572184783,0.111254346457162
9025,0.8388516910595134,0.011722705019954004,0.009521337011185911,0.02232146747930166,0.11758279943004499
9026,0.7657299038388916,0.014629458626789488,0.006829003968273611,0.029720633941866186,0.18309099962417913
9027,0.025996783103935377,0.39042096430127643,0.4726563071154172,0.001996499267922512,0.10892944621144839
9028,0.8668994020486016,0.05460252463953469,0.023419226900050792,0.014760908309253145,0.04031793810255967
9029,0.011363438285439339,0.029451186700428945,0.048024463280339366,0.6252000176380998,0.28596089409569253
9030,0.09359557441734723,0.3327786719430484,0.20232935307043387,0.004068942204881268,0.3672274583642892
9031,0.4461485838887534,0.015428612360305863,0.14188705838246832,0.16083574661723452,0.23569999875123793
9032,0.4537641867709217,0.00699368224449875,0.012862491078920499,0.41330885521441973,0.11307078469123923
9033,0.6752594182209137,0.008127296880419209,0.0038209951765791196,0.1302783589332035,0.1825139307888843
9034,0.944088418057011,0.01026313502739404,0.011604423931646889,0.015039311733004561,0.01900471125094322
9035,0.7269278335239574,0.0774074442526069,0.1586045505083883,0.004428272105464818,0.032631899609582536
9036,0.292050630043647,0.004725960872644858,0.006365527486105839,0.6254694501152942,0.07138843148230821
9037,0.08231163342696236,0.08723827947254016,0.5074070231326206,0.12430152803683779,0.19874153593103913
9038,0.525049923998361,0.004576907633501851,0.012941882675802424,0.42775568102566375,0.029675604666670925
9039,0.27373791898671396,0.035523095573694485,0.14351181429588836,0.10426815683882044,0.4429590143048828
9040,0.042738010991706744,0.127206489313667,0.15199000931719486,0.1685422306052615,0.50952325977217
9041,0.9060612754260837,0.034095587986269715,0.017251860882901295,0.009451965677492357,0.03313931002725277
9042,0.06371865886473584,0.49385660907337076,0.38322451402207336,0.0008199587195323371,0.05838025932028768
9043,0.24265956498317817,0.021503361397843132,0.17102865716098317,0.15905132997614024,0.4057570864818553
9044,0.1424107872266554,0.005413200432962984,0.04553447419353896,0.5847101326879904,0.2219314054588523
9045,0.39945403650190914,0.020723467861123675,0.06937408204247857,0.20452749140295498,0.3059209221915338
9046,0.7696890681627231,0.03319406645357104,0.033494610843343306,0.05896391229375761,0.10465834224660496
9047,0.17157739276549433,0.007504690769554731,0.05225515947251818,0.5046425117846155,0.26402024520781736
9048,0.3183986105281234,0.004115172176811125,0.03084394128538686,0.40829586502698423,0.23834641098269432
9049,0.4033398126822202,0.02947060768193286,0.0646941119154903,0.20010813625332904,0.3023873314670275
9050,0.02348898677223269,0.05050957383208972,0.23902581082885013,0.0935019078788119,0.5934737206880155
9051,0.355774629318409,0.04595158441907015,0.07905158136768509,0.25343916930491084,0.26578303558992494
9052,0.25853094082512723,0.006787249624122502,0.03982515002037749,0.6056118266792456,0.08924483285112725
9053,0.0010155652098376112,0.24077395349850977,0.6409003405783167,0.0036310987706853273,0.11367904194265063
9054,0.9228480693300676,0.04869652172997125,0.010233509258029844,0.005970725450799592,0.012251174231131734
9055,0.26174946193688414,0.009949938138487947,0.02813516008471977,0.4671783536811554,0.23298708615875285
9056,0.3331350362298267,0.012943010030660193,0.030832961791132485,0.4036809167581467,0.21940807519023395
9057,0.480237951040912,0.06531793058016515,0.07323528498912671,0.262860505233225,0.11834832815657094
9058,0.19436103540088934,0.0030489354970885444,0.019003194301810012,0.5482520745288452,0.23533476027136688
9059,0.008457935034818403,0.2277833728160897,0.6315192142643548,0.0024864879380837005,0.12975298994665335
9060,0.1489388022077251,0.009484717346906672,0.047287322277547464,0.6337902871126107,0.1604988710552102
9061,0.02676469962697811,0.05797161833014105,0.2150660940542347,0.11863793877009672,0.5815596492185493
9062,0.36460170674434883,0.009398083782314073,0.0077845762489986365,0.47201542909757593,0.1462002041267625
9063,0.8920207481129854,0.03015418067518888,0.016890017092049948,0.029950180372106037,0.030984873747669714
9064,0.5627387372175483,0.027935405604682162,0.07095015028679628,0.17554337651692967,0.1628323303740437
9065,0.28273124113784986,0.0377048467457075,0.2595801094150444,0.2606416551711733,0.15934214753022485
9066,0.0022656575343695845,0.5740498550513904,0.14187511288083998,0.006707973101576301,0.27510140143182377
9067,0.2689090922378065,0.045661998700713344,0.14466651296109448,0.18130153076284078,0.3594608653375449
9068,0.012380233765674124,0.009936084473495655,0.06795806716000877,0.6691622328774051,0.24056338172341643
9069,0.013346054868112417,0.5677495588394729,0.30479204620274,0.030599263123029817,0.08351307696664478
9070,0.004755619830720011,0.2056931810955615,0.639575354797055,0.012567786022489875,0.13740805825417363
9071,0.30073900397017816,0.003074902715710692,0.02905949428449598,0.5938558628774936,0.07327073615212161
9072,0.10438576962266641,0.006298488846204486,0.010025766642266632,0.7122432302057724,0.16704674468309016
9073,0.8432851394163691,0.007547401529811062,0.0021573636366921207,0.08667978953059283,0.06033030588653478
9074,0.3602365196988336,0.016878894995518878,0.09749307695156087,0.2449352336138359,0.2804562747402508
9075,0.2967191991423007,0.05043615268693713,0.02233346923675446,0.4772267559548441,0.1532844229791636
9076,0.6162961003098553,0.040206084687756466,0.17826976461223148,0.010706590947585632,0.15452145944257115
9077,0.0034764974918840507,0.12214436293557106,0.3253699225800931,0.0035517309360610662,0.5454574860563907
9078,0.5014041257268356,0.24839634872899816,0.16334345364422784,0.011457756148845217,0.07539831575109328
9079,0.9220962772846352,0.009545978737809739,0.011922366556792616,0.016332607738541133,0.04010276968222156
9080,0.8375561576421717,0.01834535335366601,0.028772549227140558,0.021764641296345432,0.09356129848067629
9081,0.00582788381138986,0.33994530694571806,0.5163897595179519,0.0036768950540041184,0.13416015467093606
9082,0.9774756922100656,0.004181600877456872,0.004128337264306055,0.0073955472929444705,0.006818822355227048
9083,0.40155595393526017,0.0063283909208828835,0.006713076154217215,0.5316649634126488,0.053737615576991034
9084,0.6023017165669893,0.00929514421901562,0.005713895594979945,0.30254471707935365,0.08014452653966156
9085,0.5719865083750576,0.018688295045519734,0.010746424196027587,0.25202925254404446,0.1465495198393506
9086,0.04600829445080262,0.006862402751275395,0.06588930850762725,0.7961246090862505,0.08511538520404423
9087,0.6733993629651477,0.012841874563716035,0.0036508432377651556,0.2343618540671718,0.07574606516619929
9088,0.885630698563993,0.029184154631661116,0.025048136540075375,0.018985401689997017,0.0411516085742734
9089,0.19516609786250627,0.004807328854522168,0.02178709984172169,0.7131792130824071,0.0650602603588428
9090,0.2685152865332853,0.09836960886186566,0.13656467251113774,0.32103384478228536,0.17551658731142586
9091,0.5831862140701126,0.03761056528561456,0.08103151171520881,0.13479067511255813,0.16338103381650582
9092,0.00929012831346044,0.01260693137850122,0.11660128061205227,0.7717823565242472,0.0897193031717388
9093,0.4742754756323936,0.011674521203064636,0.05213192286051796,0.2710912337738472,0.19082684653017667
9094,0.36653108859680517,0.003569615993423921,0.010922546566936897,0.25126153130571266,0.3677152175371214
9095,0.008923789144853329,0.012902978678559534,0.14181393482354845,0.5009296199722263,0.3354296773808125
9096,0.487952371661837,0.006522867422548018,0.012104934567318627,0.42102321575598584,0.07239661059231044
9097,0.8549073870115113,0.03388942975575847,0.03004273891760249,0.021459703531992846,0.05970074078313487
9098,0.024513346106217037,0.09006842760222307,0.05359938465567155,0.023804026575462805,0.8080148150604255
9099,0.002098479194383592,0.16033215372080625,0.2543760354574171,0.0025958049315661386,0.580597526695827
9100,0.7223679022442678,0.22194719369463642,0.022870292400751766,0.005847756386382786,0.026966855273961247
9101,0.11415064636120624,0.037055294595587276,0.009389686801447483,0.10278076843886554,0.7366236038028936
9102,0.31541214377889987,0.03990880302523798,0.23008323282830398,0.09653991977792771,0.31805590058963057
9103,0.33473957817037825,0.05861347938577186,0.10856808322231389,0.2391692614500976,0.25890959777143846
9104,0.4794293981389767,0.006320511519371401,0.003506228721865171,0.4529584042673414,0.0577854573524452
9105,0.5257557643923937,0.0042293285019754465,0.020514203702722958,0.4177047733294758,0.03179593007343205
9106,0.2610114067277908,0.008875924479600714,0.031830411805792665,0.5198196210245766,0.17846263596223932
9107,0.003735192849278842,0.18633277589995093,0.6604520430454759,0.006197563597451804,0.14328242460784266
9108,0.42127607764979447,0.013911658586331737,0.0912581898076512,0.4264168490035915,0.047137224952631056
9109,0.0040938885625900305,0.06475088243257791,0.03154808953917061,0.06511353879719646,0.834493600668465
9110,0.9861581731907028,0.0026359284232938714,0.002578518720225381,0.004454430677854151,0.004172948987923909
9111,0.3098995290866671,0.004183350654890868,0.019368823351604388,0.5639834857460213,0.10256481116081625
9112,0.38291193266508394,0.004437643500027701,0.015540407273122902,0.5252288511459171,0.07188116541584828
9113,0.6335289211050926,0.020665520563144933,0.03682308969642534,0.27625862692174497,0.03272384171359224
9114,0.5035266142190065,0.01673471039599362,0.04545731305579958,0.3682935553479406,0.06598780698125971
9115,0.9231333534255979,0.03269640781750584,0.015802164280025156,0.01192801856155576,0.016440055915315544
9116,0.39190565442483205,0.00856099352255344,0.009326482954751938,0.3628334625588624,0.2273734065390001
9117,0.1861803389549074,0.01020028819412799,0.053862289807363684,0.5460171009838148,0.2037399820597861
9118,0.3083624379198914,0.027846862602074113,0.10094232173093098,0.09942254929648331,0.46342582845062014
9119,0.023891167905817915,0.564271678560935,0.14219111814298319,0.016025991029442244,0.25362004436082164
9120,0.14507766040676448,0.0075059309252966345,0.041253032563178416,0.6321191711231863,0.17404420498157416
9121,0.652448743662259,0.002892355613818608,0.007275412789928731,0.25198828922378463,0.08539519871020895
9122,0.5497446053619266,0.0027708640980090215,0.008832220131540496,0.2971163609663561,0.14153594944216785
9123,7.076281231702353e-05,0.5315759447615189,0.18206726188646832,0.0011552302200341401,0.28513080031966165
9124,0.024053758152899136,0.8108816939721001,0.10487245315775792,0.0016666258298335297,0.05852546888740929
9125,0.943561608774922,0.00783575815544812,0.00877523705675332,0.023129138525476756,0.01669825748739984
9126,0.019640891368130055,0.0656004822062785,0.11874367299684463,0.035268972251059016,0.7607459811776878
9127,0.8361323077237772,0.0019684518543938217,0.0023927853320670797,0.11951324772838308,0.03999320736137881
9128,0.0041509399996024305,0.05320984021970855,0.7238530122554183,0.010801455909641405,0.2079847516156294
9129,0.22191872263924337,0.0059398891325465365,0.02885787693780009,0.5366593685355652,0.20662414275484486
9130,0.05896734878386104,0.4432206761678452,0.20999238202903672,0.00773157044805872,0.2800880225711984
9131,0.005345063214514678,0.1680874428715504,0.285028171896968,0.0037486960285431368,0.5377906259884238
9132,0.24515083088146533,0.037245097986701566,0.1442561859403587,0.3735772335835541,0.19977065160792024
9133,0.8016910159261091,0.01983742272828964,0.1314288360908785,0.010719793292846273,0.036322931961876324
9134,0.2075950599948996,0.2184377321074427,0.18847078952433516,0.28522030242845925,0.10027611594486324
9135,0.18690625320835944,0.029325913690194116,0.04434852690904004,0.5371760933720445,0.20224321282036187
9136,0.8147768688201373,0.021180639136278632,0.010494961982660705,0.023355880219239684,0.1301916498416837
9137,0.0037982915237856946,0.34826562801216626,0.5572964144287137,0.003041216256832408,0.08759844977850194
9138,0.12875913937947264,0.0032602657024763367,0.017635563158229967,0.6958014785961751,0.15454355316364587
9139,0.00014383824514470486,0.3323858190555881,0.11439639582066283,0.000988426967175213,0.5520855199114292
9140,0.36792187313823627,0.011707181350887467,0.010875783536520406,0.2451755992653658,0.36431956270899013
9141,0.28293533834159035,0.008344615990845605,0.016504304572430937,0.5930537428186046,0.09916199827652858
9142,0.00830943806790911,0.008965115077729936,0.13542720595593521,0.5383138612814315,0.3089843796169941
9143,0.0004873037214934865,0.15080779072989917,0.13626688238427379,0.0008605641708216472,0.7115774589935119
9144,0.011375262232058777,0.04501014427164923,0.5803527754474496,0.006550486961193306,0.35671133108764913
9145,0.009860482477179062,0.021633919145829877,0.14463329598131558,0.6944667018789862,0.12940560051668928
9146,0.1678009355564788,0.029858186980766605,0.03624956131313388,0.594381429341773,0.17170988680784768
9147,0.15839296437046632,0.23100570572004892,0.1244610990940912,0.08826682587365033,0.3978734049417432
9148,0.2587518631247361,0.08045107292925642,0.14427514203068106,0.37230608864451176,0.1442158332708147
9149,0.03883118168715435,0.049115398900568125,0.046980524673979306,0.5888847538410475,0.2761881408972506
9150,0.0005337193146388586,0.24023440300715979,0.3737034402584165,0.0012582291916956704,0.38427020822808927
9151,0.2019637535213407,0.0019430718164210239,0.03381579192473387,0.5540340545919464,0.208243328145558
9152,0.34156372925463546,0.04307726305070893,0.18763143333551793,0.26749664689176317,0.1602309274673745
9153,0.9236218266831978,0.009006141138849245,0.014880351271750872,0.014546892339137725,0.037944788567064174
9154,0.00011356523884685846,0.6378049499814699,0.13170499197477714,0.0005640874098746565,0.22981240539503148
9155,0.33984060702118357,0.022385052875671222,0.40039603547199415,0.09321778541616005,0.1441605192149911
9156,0.0004653087318133129,0.14897093703209738,0.1691213919583508,0.0005002193252620484,0.6809421429524766
9157,0.004728432105721863,0.22541565206190273,0.6226838614248499,0.006428624436696343,0.14074342997082914
9158,0.3100214684146185,0.08660769924275988,0.08920626324893818,0.2583616735767048,0.2558028955169786
9159,0.8160391333354089,0.021631820149469495,0.09186683418049946,0.00303677811609848,0.06742543421852358
9160,0.7538267512115405,0.02225327464577112,0.009805538901014542,0.031238589596459213,0.1828758456452147
9161,0.00047922876414663974,0.2282423278082723,0.16482562587928357,0.0008538737994781902,0.6055989437488194
9162,0.7943578359453086,0.0852554347351493,0.036439295807118625,0.021959112568636995,0.06198832094378641
9163,0.06784298970212038,0.01988483593894692,0.02960986883117705,0.22669018582984185,0.6559721196979137
9164,0.19040857156175664,0.21983441460385858,0.27932952643534986,0.015044174298760477,0.29538331310027455
9165,0.1144084527804483,0.30970634549169596,0.19846459147128695,0.007310671376816061,0.37010993887975285
9166,0.01750512229841161,0.49912337194271683,0.37201256955905593,0.0016431516199764409,0.10971578457983912
9167,0.3053928350674778,0.01184923259037424,0.030113832064801872,0.4330712121616606,0.2195728881156854
9168,0.949324511197663,0.0077339149735144806,0.013725553451990133,0.0142761116778667,0.014939908698965514
9169,0.565354928614323,0.07776394061519233,0.0951129727401976,0.12786987111965442,0.13389828691063263
9170,0.18870564339936668,0.0054491339940115156,0.028879627825047702,0.6684299779141104,0.10853561686746374
9171,0.0022874281600741937,0.21651838342047852,0.22186617564596534,0.0019319238039693476,0.5573960889695126
9172,0.30219188890281923,0.02130786129416624,0.2737940630704462,0.2357183506284783,0.16698783610409
9173,0.010361735173435789,0.34272708663978074,0.2943207841801023,0.007810139355364616,0.3447802546513165
9174,0.714192251031041,0.023643091140889198,0.03928944964815604,0.05608509234028165,0.16679011583963188
9175,0.41364767149966114,0.08807539621587274,0.0831766934399547,0.3400676162250713,0.07503262261944002
9176,0.12770438271412984,0.0035151019090054053,0.02989584510623735,0.6639923995862492,0.1748922706843783
9177,0.001423249420951404,0.3928534769154113,0.1950776822370992,0.0012938576630765486,0.40935173376346157
9178,0.01596550717844743,0.05177079309876522,0.6879083055671862,0.023318105672246906,0.22103728848335422
9179,0.5836806996935036,0.04166732799054952,0.011465840712656746,0.018171844757325313,0.34501428684596475
9180,0.5988342477814105,0.005902721604818173,0.017042473342941816,0.3249316026734148,0.053288954597414714
9181,0.8081820971694363,0.1458739341023246,0.016423582845206484,0.005868974620436683,0.023651411262595904
9182,0.19764195329442955,0.0060328213554064454,0.03422859473115795,0.5599572126573248,0.20213941796168125
9183,0.4454112364001436,0.20770525638476775,0.0613390493889743,0.13797500070212254,0.14756945712399194
9184,0.018049830823818704,0.03165784389468712,0.03886904172659291,0.20244026223857395,0.7089830213163273
9185,0.5942151166432644,0.01233429971116689,0.040996487894987596,0.25890882027796996,0.09354527547261098
9186,0.8551128567810532,0.012782550905399342,0.07147613252785286,0.027664921016117828,0.03296353876957695
9187,0.8493350805911277,0.013647424062611407,0.022228388206748623,0.022643811589324485,0.09214529555018752
9188,0.40711524164471635,0.05421819782964055,0.1777801110668188,0.0696555024333075,0.2912309470255167
9189,0.007805057339176842,0.08239356210968826,0.29880918892258795,0.10060123574066653,0.5103909558878804
9190,0.9806577447804059,0.00583173782168579,0.003963085509494853,0.005337123693792899,0.004210308194620682
9191,0.786327041608946,0.0037374693145740628,0.00222167070738324,0.06109121776277745,0.14662260060631938
9192,0.006826851046435519,0.03259812806621139,0.6708567720125096,0.04164533627085254,0.24807291260399092
9193,0.5254435888089302,0.005598851529166656,0.01071360883154802,0.3955484836331055,0.06269546719724974
9194,0.8048042348791998,0.006696713417713423,0.010054345108737343,0.02318178873107637,0.15526291786327306
9195,0.0005000316511782603,0.33663050655439475,0.5697740971891894,0.0066029628228886335,0.08649240178234893
9196,0.3255131397772826,0.00984640364779757,0.02061998207487494,0.5071765618625612,0.1368439126374837
9197,0.482499878667803,0.05168752968428673,0.053221918619973003,0.2497544923295077,0.16283618069842962
9198,0.5347495113133207,0.01183834440159637,0.008910986410359343,0.29928370947400607,0.14521744840071749
9199,0.839312211908921,0.0027693708848591536,0.002998007399820084,0.10282526061710465,0.05209514918929518
9200,0.7703383807226053,0.0050875734441568655,0.003600839851336601,0.13169706914319326,0.08927613683870796
9201,0.43988325291191116,0.03389065270516351,0.25940148682168807,0.13686207758195323,0.1299625299792841
9202,0.3557307265763893,0.018637015859747728,0.09157233649433688,0.33414085390040027,0.1999190671691258
9203,0.0016291325703716513,0.03218006674771899,0.6669028351482452,0.04128038319353964,0.2580075823401244
9204,0.2680325715836638,0.3383524672585914,0.12402224482891157,0.17143806763185152,0.0981546486969818
9205,0.00518081816964306,0.014901900804816855,0.16705869210954605,0.6209371870324816,0.19192140188351234
9206,0.2559745891281589,0.14367992300345972,0.17445938702184738,0.3107102699513046,0.11517583089522952
9207,0.6684282470647243,0.009328194876275809,0.005069292069476719,0.08055384611832578,0.23662041987119756
9208,0.007771181504054746,0.21991133385624856,0.23115749455644924,0.0032261682749505304,0.5379338218082969
9209,0.2764341014116688,0.007190284268145038,0.02125364490083736,0.6320579905522328,0.06306397886711607
9210,0.0013085336680713406,0.02318321058018833,0.6327972035329595,0.01191656369660177,0.3307944885221789
9211,0.5330811204598979,0.005527713566719138,0.0067843815064305805,0.41847119626085266,0.03613558820609974
9212,0.34854830222580413,0.0036892034114638667,0.022365431159483102,0.5596133014848523,0.06578376171839655
9213,0.0005046962041972405,0.14020993715909089,0.11293031153953685,0.0009301870600426232,0.7454248680371324
9214,0.24454094464318002,0.027155933218871414,0.08416748177030582,0.12185840268702494,0.5222772376806177
9215,0.21001168254453392,0.19303258793152242,0.25133297477439015,0.016398865747014428,0.3292238890025391
9216,0.24677586899864584,0.007069977367293208,0.03471933295223117,0.6364199369950797,0.07501488368675005
9217,0.5360596867313595,0.025248124105242954,0.05196800200149056,0.21201389983408753,0.17471028732781946
9218,0.00338913495675174,0.2718045726152921,0.14854762877041536,0.006530999032556052,0.5697276646249847
9219,0.7048482639733108,0.15426868575590846,0.008040867415006588,0.006686901323629143,0.12615528153214486
9220,0.2382361736891191,0.00900992192364877,0.029771851293710787,0.5157582369503012,0.20722381614322002
9221,0.006921007813802767,0.021586337493814958,0.11090631829885111,0.577100988915545,0.28348534747798615
9222,0.034783152719600814,0.3333837658937431,0.18967536639588092,0.00939334716560486,0.4327643678251703
9223,0.8122010695918238,0.04132230150724112,0.028078287941758918,0.06574766649714603,0.05265067446203028
9224,0.00841229615417171,0.009224204206894706,0.10880508202540645,0.5583691337412594,0.31518928387226774
9225,0.12765215602016983,0.028786473857032643,0.3939785094912956,0.12798167542534383,0.3216011852061581
9226,0.09354921113718728,0.04230233500344868,0.027542326172646635,0.19031164232900882,0.6462944853577086
9227,0.30041918862384015,0.008027929112926515,0.03247514134961625,0.44286577579476755,0.21621196511884944
9228,0.31462658532811993,0.01739164200707294,0.08915276149194971,0.08418723031353166,0.4946417808593258
9229,0.7797766447829434,0.028095780539635205,0.11039430219472206,0.010532626799366226,0.07120064568333301
9230,2.6201565735584646e-05,0.41907221263634065,0.036542783538841675,0.00011496391029387752,0.5442438383487883
9231,0.0027001782436024404,0.053950507291096975,0.0322919940846274,0.05083977349998775,0.8602175468806855
9232,0.019180817708596493,0.08118164014408565,0.588064800870609,0.004851097420632872,0.30672164385607603
9233,0.18869690958237822,0.004762134532949734,0.024966517769014922,0.684491056936224,0.09708338117943315
9234,0.7967951722122079,0.02766000164739556,0.011597381116228898,0.043103027727287004,0.12084441729688072
9235,0.02644868020267506,0.009033463120171689,0.0989956530688845,0.4820951824069933,0.3834270212012754
9236,0.23743575737919967,0.009445185880017063,0.03993471120242096,0.523275928316566,0.18990841722179627
9237,0.29679692750582687,0.022647049218470394,0.031491851305367954,0.031558443880495834,0.617505728089839
9238,0.40691973760808614,0.0043211266054262246,0.014036871679101066,0.5353976232426912,0.03932464086469526
9239,0.06913952010033886,0.3903533505017168,0.23605099269859675,0.009012457747958082,0.2954436789513895
9240,0.02692927511707115,0.03655454223172399,0.24496709338705713,0.11914161461234074,0.572407474651807
9241,0.08970544408099784,0.03636094977680775,0.017755244773312872,0.16356920206989026,0.6926091592989913
9242,0.931185232866982,0.005353400503981302,0.03898302550726048,0.004203269990634289,0.020275071131141752
9243,0.24849440970763786,0.0018955959409030115,0.011571645658201287,0.4026718758617273,0.33536647283153054
9244,0.727243677077914,0.03906596412931477,0.052975490479641806,0.03906045977598833,0.14165440853714112
9245,0.0006499108401330071,0.21691010149411638,0.16186280604582137,0.0010697976700152051,0.6195073839499141
9246,0.8930151519995366,0.061783227836751366,0.01742541551575215,0.0070919557444416095,0.020684248903518245
9247,0.39927367121481605,0.0061703493976576086,0.020532015139181913,0.4197660921173213,0.15425787213102313
9248,0.17590126628978256,0.006333714508538183,0.036722370377864674,0.6162092158280756,0.164833432995739
9249,0.3336738341774682,0.003538120220629236,0.017152459338112516,0.5116251679650308,0.13401041829875923
9250,0.6022107537753988,0.02027789896798334,0.03525948647703102,0.06355429124026815,0.2786975695393187
9251,0.001191965383944389,0.2993180541313532,0.1131752743228136,0.0008266526808081138,0.5854880534810807
9252,0.9700721727293136,0.006409159221805009,0.0059169072595800475,0.006736424103651983,0.010865336685649409
9253,0.2716416728857586,0.05836432514669136,0.10022419689981418,0.3688401765531735,0.20092962851456242
9254,0.0010179108692618911,0.09213308826773636,0.17042154494660458,0.0008903582477975558,0.7355370976685996
9255,0.30885106464861695,0.07587345695843792,0.10832479892176913,0.28266441011353,0.22428626935764598
9256,0.003088870869010142,0.0366969599134403,0.025819456626476847,0.1845873111042035,0.7498074014868693
9257,0.9282955563446447,0.012398600901672554,0.042096738800367,0.0046836038001112305,0.012525500153204526
9258,0.7818336919325184,0.004744016660791609,0.0029899209242746703,0.1532821673436029,0.057150203138812423
9259,0.011989033628424177,0.13119674220788183,0.691785293741721,0.0012711862852090962,0.16375774413676378
9260,0.0003715376798821099,0.3985641177404222,0.1633296239493556,0.001018114011535603,0.4367166066188045
9261,0.20537168022584903,0.004430603405698244,0.045222226272743395,0.601434798354718,0.14354069174099135
9262,0.011712123753133841,0.014914406975106908,0.12590556685058246,0.6914068677945935,0.1560610346265834
9263,0.3876505890463574,0.00903733730559616,0.01877772304487325,0.36682459572006787,0.2177097548831052
9264,0.640014397150869,0.015396891335017778,0.04439615403380598,0.2099642986744351,0.09022825880587201
9265,0.9357543338424354,0.01068367892032844,0.0122907118811878,0.008835150466315451,0.032436124889732916
9266,0.5384700712379832,0.010654006687023104,0.01337684615536291,0.23013044398823154,0.2073686319313994
9267,0.0005360392439183042,0.08833388326350765,0.13805042369007733,0.0008307815481351303,0.7722488722543615
9268,0.015401174305245475,0.0209343687764105,0.05310744053389714,0.4281674781047112,0.48238953827973574
9269,0.5040247793909364,0.052628109991635565,0.2628805098235869,0.010836353028336633,0.16963024776550445
9270,0.3480867300970127,0.009050058446016529,0.01789955597180474,0.5430977635596024,0.0818658919255637
9271,0.8528779972288959,0.014104330915130582,0.09452338266622776,0.007199164953669748,0.03129512423607602
9272,0.0004721503682329528,0.17190508282419217,0.17445740947814348,0.0008141484964810095,0.6523512088329504
9273,0.0051303504200866335,0.22830560120302187,0.6192652681229676,0.006400041589246568,0.14089873866467728
9274,0.9279840682426477,0.0030583577713414133,0.0006989819698522962,0.05048463587680584,0.017773956139352818
9275,0.3137058931343313,0.008541175000733987,0.02235884190961226,0.4632642453339253,0.19212984462139723
9276,0.97898223577828,0.003555255496443482,0.003217359600234508,0.0074820144362139724,0.0067631346888280715
9277,0.25028529059417043,0.01352104874818443,0.035213079676087035,0.6443021479261303,0.056678433055427906
9278,0.7607492076190093,0.006348828762598019,0.004320721088841882,0.13641546686472145,0.0921657756648292
9279,0.44861367736259083,0.038042917819419896,0.09594648778113561,0.2948140766070016,0.12258284042985206
9280,0.5610312434623481,0.0028953780601862333,0.013666293423378984,0.33599809027285055,0.08640899478123598
9281,0.8422162796950776,0.03415766465132553,0.025078893753500368,0.01466371339003642,0.08388344851006016
9282,0.27286114714752274,0.004651290005992948,0.046537771023858344,0.4741721842004158,0.20177760762221025
9283,0.8740803795065111,0.014803457912581733,0.01692366631204401,0.03072683484876126,0.06346566142010203
9284,0.09598124322673954,0.009369136400833086,0.02339073432758389,0.7142977122207143,0.15696117382412927
9285,0.3649130263140454,0.19666714220830794,0.0868162707929811,0.19867719976408058,0.15292636092058498
9286,0.017592574049341777,0.13561961000434203,0.03202802751583516,0.47102357786815197,0.343736210562329
9287,0.7534207965795087,0.013744494905217149,0.11897462643274827,0.008699975056606517,0.10516010702591941
9288,0.21271510006436184,0.021735822618150352,0.03950492002107514,0.6647893979378209,0.06125475935859177
9289,0.025452788125089897,0.1120666138993983,0.07022012012318683,0.03485606217134264,0.7574044156809823
9290,0.3063025252897009,0.006947159660042555,0.009788484336735606,0.49440058273057647,0.1825612479829444
9291,0.1909504140338543,0.008830984399088882,0.045322858839068815,0.5820684159235998,0.17282732680438828
9292,0.15066299616905515,0.008233099152107678,0.032466415618691576,0.5968502132887119,0.21178727577143375
9293,0.4880319359736968,0.004194040272299278,0.005393722053977133,0.28307030972542424,0.21930999197460255
9294,0.19540604261289535,0.005819091972204825,0.055873179681152546,0.5557857570877948,0.18711592864595247
9295,0.85840996303351,0.010072675916447168,0.016384544890222792,0.07084331004228299,0.0442895061175369
9296,0.7153654568495456,0.23206282821635935,0.02165745782839298,0.005332875484411273,0.025581381621290807
9297,0.0009025547077895561,0.551360138302001,0.170068253326277,0.0007192492381090797,0.2769498044258234
9298,0.5701388602614396,0.007378592356631928,0.004962386857035547,0.24502599226598232,0.17249416825891067
9299,0.020697734278180165,0.07025363065900352,0.3202708709018365,0.1059086177630417,0.48286914639793815
9300,0.0005130728807746004,0.05189649571916942,0.6473746245805398,0.017449431479941508,0.2827663753395747
9301,0.964144149129069,0.008089056474133145,0.00704780579058053,0.010658709022479831,0.010060279583737727
9302,0.24156758707732134,0.007958620684540452,0.054257736421868936,0.5511708366250079,0.14504521919126143
9303,0.284233937511536,0.018005074875710285,0.09244638856736791,0.3204185924380536,0.2848960066073322
9304,0.5594341350634447,0.00680939668601611,0.006597999638841137,0.17682100449363428,0.2503374641180637
9305,0.04169548502640057,0.08486749720558512,0.43318775300106827,0.1291906818878883,0.3110585828790578
9306,0.0010729871525556526,0.38671735077920694,0.5043192304611643,0.0034807556232112286,0.10440967598386179
9307,0.5749175905240042,0.0072859948866129355,0.004176522026744379,0.3146035737959154,0.09901631876672305
9308,0.3815524017108207,0.005320361368385625,0.0060713664939601245,0.5579776331517385,0.04907823727509494
9309,0.19969556047486867,0.010566849084010474,0.04747886137506654,0.4952631081221465,0.24699562094390762
9310,0.0013477649325356956,0.2154790779821498,0.1938129232626832,0.0009541740077045646,0.5884060598149268
9311,0.2910140422079792,0.0674124935195337,0.08066437868636384,0.3384159319480034,0.22249315363811983
9312,0.21067171165559526,0.3355278352716015,0.22432220373745376,0.007555782454246036,0.2219224668811035
9313,0.009614038460119281,0.10765373151202852,0.32099572034973295,0.11524276787588351,0.4464937418022358
9314,0.20346310545191038,0.006710778725552051,0.024355827309367,0.7081132797716697,0.05735700874150086
9315,0.40806194538290436,0.001845186067643647,0.011514512255793268,0.530244449348093,0.04833390694556572
9316,0.07574075176748826,0.04971512205699267,0.6371953612823555,0.0032219255661331083,0.2341268393270304
9317,0.2791248248957086,0.008932695797119805,0.05276892316085183,0.5427559623530342,0.11641759379328556
9318,0.030899319853016305,0.4354890483648027,0.46066487867307465,0.0014338403283325923,0.07151291278077393
9319,0.6536340083460928,0.012130523841378648,0.04114850701902299,0.07774431367139913,0.21534264712210655
9320,0.8446177215104987,0.009548882872786487,0.08645112825193368,0.009572057343389605,0.04981021002139135
9321,0.33604721210277483,0.006014800825352844,0.017615652949352377,0.5768726647308701,0.06344966939164988
9322,0.24350696292693447,0.004899495673735634,0.01968613585415238,0.6659498379095969,0.06595756763558049
9323,0.34565682215940247,0.015647684806713164,0.11760990684530662,0.3819006761803774,0.1391849100082003
9324,0.004630491107335841,0.08435032438274756,0.012159978286207795,0.10238710395824832,0.7964721022654605
9325,0.9557169241100185,0.009110600322245282,0.010027913131708853,0.011370626290165501,0.0137739361458619
9326,0.09375325048737564,0.00491916172260088,0.020100029912209154,0.7178279672679981,0.16339959060981624
9327,0.29748406265247584,0.008123948340739541,0.01997675048440895,0.39888235816756756,0.27553288035480805
9328,0.3466876894586167,0.0021425909754772257,0.01962445208644469,0.3870244066777611,0.24452086080170035
9329,0.3118509953353575,0.006537998940905558,0.008290211939075802,0.4852936156331767,0.18802717815148443
9330,0.31507813821704417,0.0035940342675056225,0.028966498631345764,0.5548903191854987,0.09747100969860581
9331,0.331314435403846,0.010219537449382305,0.026338859181196682,0.44306910674378364,0.18905806122179153
9332,0.030390371125865782,0.04181920517545341,0.03293895514465796,0.2594001504186023,0.6354513181354207
9333,0.0003103830732447976,0.11563080092346763,0.1376057069978899,0.0006924528840926178,0.745760656121305
9334,0.35813085192460975,0.026294372298995235,0.13406595130639562,0.2524808981617376,0.22902792630826174
9335,0.2694702874037263,0.01156202355104105,0.023372216114762995,0.4818108380838598,0.21378463484660992
9336,0.3964162581396925,0.004390024097508268,0.014640464938538482,0.5248281829138195,0.059725069910441235
9337,0.37324667740441203,0.0048112530395615985,0.027344000037400628,0.49452054478207536,0.10007752473655034
9338,0.7889699386374525,0.007275245738612237,0.010382857724657227,0.030413504363596345,0.16295845353568195
9339,0.03194032746693223,0.10108456266271787,0.12384237633056881,0.06572725590374422,0.6774054776360369
9340,0.35145607069546575,0.004745346953930895,0.021618800008939724,0.4136236200340157,0.20855616230764804
9341,0.033505137709026384,0.03026445713301369,0.03232530590643867,0.641697742975459,0.2622073562760623
9342,0.600904584160143,0.009358518343947011,0.009953895320092714,0.2836319554188748,0.09615104675694261
9343,0.7618060190083726,0.01636981854943574,0.0393102944597552,0.057738877241246635,0.12477499074118967
9344,0.20121676913730685,0.0035136202866232298,0.0373079257250621,0.5395399544199617,0.21842173043104615
9345,0.9544261239444235,0.008416899626565015,0.009001815703063598,0.014399827786338077,0.013755332939609661
9346,0.015691216102016098,0.821438155882214,0.11174960878426374,0.001955078760973169,0.04916594047053288
9347,0.3553337028772905,0.0033189754400316574,0.007852812671646992,0.5110614457185869,0.12243306329244397
9348,0.02237032904425074,0.056079763148296394,0.6549465401063461,0.02716877450412104,0.2394345931969857
9349,0.1424294573784366,0.004870512909315221,0.026763917200016873,0.6749952139832168,0.15094089852901452
9350,0.04152398680226187,0.05933262629408432,0.042195520452267134,0.025056868716367933,0.8318909977350188
9351,0.38598071910236376,0.0036239377410089806,0.030119996797207865,0.3643532372031929,0.21592210915622645
9352,0.1530736981155043,0.1700127152965967,0.2390923617805604,0.014149246659344795,0.4236719781479939
9353,0.7756409999333359,0.004555861203491847,0.004097179844191066,0.1373010383265132,0.0784049206924681
9354,0.31852505772415035,0.03780704436100536,0.04021609524765349,0.5022215321112075,0.10123027055598348
9355,0.7609466859542426,0.007858656330586522,0.004174210592624585,0.13886314054638946,0.08815730657615674
9356,0.024389582179195814,0.006372791192863392,0.032664673199264097,0.20258038738249326,0.7339925660461835
9357,0.24604907863418382,0.004633518457414458,0.02712591235506285,0.4320183382691814,0.2901731522841574
9358,0.38993853399107614,0.004802814133199525,0.022072690521305047,0.37761337674882384,0.20557258460559544
9359,0.008839037465461353,0.017051408080798885,0.23142861248060717,0.07338577869834835,0.6692951632747843
9360,8.559731270229315e-05,0.22078378485859498,0.14671827210818306,0.0009923411284780289,0.6314200045920416
9361,0.01076337130135132,0.0737338730102367,0.2714242226112669,0.07433850878738271,0.5697400242897624
9362,0.2703615422158584,0.004594359286305631,0.050736430709482375,0.4971376689450688,0.17716999884328466
9363,0.3172898433576773,0.32284752069020267,0.18786129565736923,0.01311100309859929,0.15889033719615148
9364,0.839378357269377,0.014698388855316347,0.023966655696997064,0.023259866831277936,0.09869673134703164
9365,0.2398498688533944,0.03151411561565542,0.21128688448758626,0.36508888312194204,0.15226024792142184
9366,0.36464981558881904,0.39322086657573374,0.05317661148459759,0.11726753065721494,0.07168517569363465
9367,0.011915619894455245,0.04597124678857149,0.6489107595084046,0.01791561466426945,0.27528675914429906
9368,0.5538423268254791,0.0041124769865054775,0.007032170316227979,0.16848441457800165,0.26652861129378586
9369,0.6245357864449966,0.014238746110541427,0.03921066106797081,0.24181598726788334,0.08019881910860793
9370,0.010551908877923517,0.03608655665426249,0.2488517882210063,0.18819649630386673,0.5163132499429409
9371,0.03125296211767008,0.015925766162137093,0.07910881601016198,0.4638264147457029,0.40988604096432796
9372,0.007701817240937648,0.030653213036661926,0.404651833898834,0.0967371804590834,0.460255955364483
9373,0.9282390470712516,0.029783645508068314,0.013417120785502076,0.007542487642618051,0.021017698992559793
9374,0.004585322431874028,0.3825588532768521,0.5337229485229509,0.003023872230305697,0.07610900353801724
9375,0.519840658424287,0.014619503973272888,0.012684663723736335,0.36401602294603874,0.08883915093266516
9376,0.2198139468960104,0.002816812981055212,0.036170285019719736,0.5383776517880591,0.2028213033151556
9377,0.4255719774264223,0.023069930148328643,0.007227356576038994,0.297094728446728,0.24703600740248213
9378,0.007380438075038308,0.014188725626160047,0.08946942204159375,0.5864588504788415,0.3025025637783665
9379,0.5805717886630443,0.014078303215118281,0.027035770574815154,0.049706534480137315,0.32860760306688497
9380,0.4786762330305369,0.003389194720396457,0.005294892538553514,0.29129302782180655,0.22134665188870653
9381,0.24102416697580156,0.2470241577887685,0.3902557160910036,0.020926481918845198,0.10076947722558109
9382,0.390452287143234,0.003230401805654812,0.02112932690323337,0.5129920293088592,0.0721959548390186
9383,0.009871316417743933,0.012460807475801309,0.0980532035637101,0.6014539115022618,0.2781607610404828
9384,0.5161807108809058,0.030536299260928535,0.06478362253034621,0.12546854932648369,0.2630308180013357
9385,0.40247820597208894,0.012317509957777383,0.015020454874647945,0.4188518409969736,0.15133198819851212
9386,0.2991290665212963,0.002823398848160097,0.016955151779865212,0.5013323034759928,0.17976007937468566
9387,0.3827573626707344,0.09294262618022955,0.3344334307898502,0.056906910560315146,0.13295966979887083
9388,0.5839076669282605,0.1083366930945374,0.23010741562683423,0.0038187813836315287,0.07382944296673626
9389,0.012068887867831871,0.021163709466617005,0.3336611530484788,0.11938828519461182,0.5137179644224604
9390,0.33594600529184243,0.004182835647620463,0.016360958501717905,0.40860364258621434,0.23490655797260493
9391,0.49107980854921096,0.02838871697214801,0.07114881054822093,0.20173349668507437,0.20764916724534574
9392,0.09910741992484973,0.4442209816815341,0.3224452776787644,0.03235420774731815,0.10187211296753355
9393,0.5957820545689951,0.052591519495226655,0.01987255486455367,0.21401950568892442,0.11773436538230014
9394,0.006014664309660309,0.16859725087589894,0.28846550733087856,0.003934228340407449,0.5329883491431546
9395,0.11281570501534802,0.03680911882895306,0.00168516228855032,0.06943864168431833,0.7792513721828304
9396,0.012775174044593478,0.011176044728759887,0.14708479501496327,0.5352972161877854,0.2936667700238979
9397,0.8614323041636434,0.006872613431712759,0.016612582802415326,0.07677360127502554,0.038308898327203134
9398,0.6315831904776936,0.023858405869428907,0.04340813260603014,0.11828186061433775,0.18286841043250956
9399,0.3560489270471723,0.009247646776990595,0.024748508310715015,0.45569089663258877,0.15426402123253335
9400,0.8308734835477729,0.11474058417928688,0.02275184321212197,0.007352165162945935,0.024281923897872454
9401,0.005496789930934654,0.23717696665237506,0.2425712969301263,0.0028585630944514924,0.5118963833921125
9402,0.25633022505578307,0.006469361355342737,0.05085415851886139,0.4544028060488906,0.2319434490211222
9403,0.4289145117491859,0.004000336333829975,0.014095933184594213,0.48638703139902023,0.0666021873333697
9404,0.40379189413637745,0.03536525675046933,0.08228350287207005,0.4016506039314403,0.07690874230964288
9405,0.919255756493919,0.031308720548726444,0.014298339113848616,0.01039263994951627,0.02474454389398969
9406,0.6376205390197432,0.02241838979593627,0.0466048831674907,0.22902095171382922,0.06433523630300074
9407,0.27731087582654396,0.018413172358367404,0.16763231060011782,0.4073949252632552,0.12924871595171553
9408,0.328087297282101,0.005402887033589785,0.022531352023837548,0.5603459205779538,0.08363254308251766
9409,0.8213297104041101,0.06714822136482718,0.02788350639799322,0.03138480613815589,0.052253755694913674
9410,0.23956795106494466,0.005837290838057079,0.025412218212297458,0.6608350051181561,0.06834753476654477
9411,0.0006357881652051564,0.15742566383675138,0.12053868894628415,0.000818693805661782,0.7205811652460976
9412,0.4961709203180413,0.10079364139959285,0.21772280673754357,0.02066889237906624,0.16464373916575603
9413,0.27183681226048617,0.018635917224360327,0.09268382299902303,0.5245518199643049,0.09229162755182557
9414,0.9663164290155597,0.007387743047210924,0.008354348703253639,0.006972522534283725,0.010968956699692034
9415,0.03572174222556582,0.06719980471458611,0.07031317502955534,0.028166715172516017,0.7985985628577768
9416,0.030377533034811083,0.02888982660155399,0.05740378518699915,0.38083925616157477,0.502489599015061
9417,0.1465954321837526,0.005839195795430722,0.032461371630920735,0.6601103746009629,0.15499362578893303
9418,0.9262216824733869,0.010508184458437979,0.012879248925036321,0.010849331762401333,0.03954155238073775
9419,0.44089376569855976,0.013163696985801835,0.010841469470558055,0.4232716285540311,0.11182943929104923
9420,0.7684675559225405,0.006728053898458247,0.003737252539532792,0.11219765566162966,0.10886948197783862
9421,0.5953291905421552,0.09281678079735123,0.05554825785639996,0.14210093356805056,0.1142048372360431
9422,0.028278879970244735,0.01103736822589917,0.06675730095117151,0.47802488626571016,0.41590156458697436
9423,0.19996995302760207,0.008580555511135672,0.024778852232792543,0.7205005979799801,0.046170041248489516
9424,0.2697767291502102,0.008206495967304302,0.025082241826646954,0.4780031771950726,0.21893135586076587
9425,0.0031254723092439107,0.09320933591674585,0.15724471740707513,0.002008912974176033,0.744411561392759
9426,0.2618843243770968,0.009824824755460869,0.030850313342794665,0.5850933746696366,0.11234716285501097
9427,0.9675821750909994,0.004185085839967614,0.0076738746553981305,0.011001065116404592,0.009557799297230373
9428,0.012811628652270353,0.0182524669748034,0.168884997034835,0.48906304198889433,0.3109878653491968
9429,0.000237898649466078,0.4044428006702155,0.13656433218368777,0.000776313957330117,0.4579786545393004
9430,0.42785324897578136,0.0050125301999995025,0.015685925449014197,0.47019016657395263,0.08125812880125227
9431,0.01359963254126077,0.026153351337674893,0.09120547208014895,0.7222444237141208,0.1467971203267946
9432,0.02997742890546717,0.034923483890124604,0.042342657693227426,0.26663152477630914,0.6261249047348716
9433,0.21671947890569715,0.003104810451324351,0.03029953477280055,0.6080299533052023,0.14184622256497564
9434,0.025764967717541856,0.15149744214552335,0.7011802159342926,0.006798329517403558,0.11475904468523872
9435,0.07665674071219329,0.04925817804504422,0.021332450828021998,0.09761836465749725,0.7551342657572433
9436,0.16523055300986042,0.20513798967849903,0.4316544529123758,0.0376688244869263,0.1603081799123384
9437,0.0032550262461921546,0.11698164698271005,0.5922876874291569,0.0033379503204097717,0.2841376890215312
9438,0.6011676332427823,0.003532914106510327,0.003998473603391228,0.13611331235261243,0.25518766669470366
9439,0.4292007763247984,0.0016699218172027547,0.01798221712274516,0.4625321051289151,0.08861497960633857
9440,0.21146026252497233,0.08090094022480943,0.0934997045376985,0.41211389310810165,0.20202519960441823
9441,0.0005432250157983684,0.2927719145249472,0.2588514224436637,0.0013705102979137225,0.44646292771767704
9442,0.010751853262869553,0.041310826982988234,0.2696157068935403,0.07370252637778299,0.6046190864828189
9443,0.8568376809283555,0.010074981948273724,0.028578439226888963,0.018199452496549997,0.08630944539993189
9444,0.41338263698684424,0.006708486906799285,0.007730990686548455,0.4836591466355473,0.08851873878426074
9445,0.01426541422774589,0.02669641981474736,0.11191376079713077,0.43930262725380237,0.40782177790657353
9446,0.2100136195599193,0.0027003793747724823,0.034798796643796565,0.5596684548827021,0.1928187495388096
9447,0.3500589342787617,0.007854950025035655,0.021381084343537516,0.3991210412387399,0.22158399011392516
9448,0.46176875507311976,0.0038030999121610658,0.009986083441697678,0.37330233228308735,0.15113972928993405
9449,0.0044901885032354386,0.33935050382342563,0.01681310990890948,0.03849312620186923,0.6008530715625603
9450,0.9407195342044635,0.010203011187070316,0.011048330429222831,0.012268675494520181,0.025760448684723113
9451,0.5269411463056834,0.05775912535299281,0.10780198324122507,0.2234202598853086,0.0840774852147901
9452,0.2521306514655244,0.008307116459395183,0.04279532328843559,0.42407505146837005,0.2726918573182749
9453,0.01437579102792324,0.01804509698370619,0.08012512634484407,0.7286142893973265,0.15883969624620004
9454,0.18488387433109707,0.005049860043827546,0.04913824426146155,0.5243007752160651,0.23662724614754865
9455,0.48182379777794776,0.003906300337659689,0.012617081688487597,0.45020743085451265,0.051445389341392304
9456,0.3444323999674603,0.009629007907502684,0.07375033656215182,0.28489733108739274,0.2872909244754925
9457,0.004532749544672374,0.021130065432346475,0.5749825808296719,0.012396779787738892,0.38695782440557036
9458,0.8355461462563581,0.007485235632737247,0.018912775310956136,0.10842398271107476,0.029631860088873647
9459,0.2367780463317839,0.017928865272785966,0.14295943396903002,0.4461454133180888,0.1561882411083113
9460,0.3213154907255955,0.007198005764061221,0.023069067876125077,0.545617646461442,0.10279978917277623
9461,0.005740246736659728,0.009695878625418916,0.174871202144119,0.5155506300371131,0.2941420424566892
9462,0.32587814205179916,0.05385008538488286,0.14066143609862883,0.40206904463140697,0.07754129183328207
9463,0.2513415812252163,0.00803493835850846,0.02222502980782402,0.6565766190564832,0.06182183155196784
9464,0.015827311462705686,0.010694323193347099,0.1439774755286034,0.5106957720351148,0.31880511778022885
9465,0.9314714950415361,0.012024240683327136,0.013867559772446351,0.014809339797878705,0.027827364704811664
9466,0.0063313466859825415,0.06941142774973681,0.025674935987401913,0.06018734974101525,0.8383949398358636
9467,0.19375884754189873,0.012839148501932008,0.006628417312605688,0.6398687429779778,0.14690484366558576
9468,0.9147104205280546,0.01783396845922652,0.005784901206133789,0.020049454215796653,0.04162125559078834
9469,0.0033820139322206506,0.01303571194060545,0.3365270953019688,0.48840339181532416,0.15865178700988092
9470,0.0047240515732948195,0.39171604287850065,0.48658063292164283,0.005852241106637456,0.11112703151992426
9471,0.31819247691401004,0.0887805309796518,0.11500010990566192,0.22052612057071874,0.2575007616299576
9472,0.45857807963291786,0.07800554281688617,0.11899914118230812,0.24713812734326238,0.09727910902462558
9473,0.07879300538830088,0.0640320832254021,0.01022272855679948,0.7450338118871283,0.10191837094236945
9474,0.0025611474500631544,0.27265902871502967,0.24696703167651166,0.0022303177745723666,0.4755824743838231
9475,0.2838962395013803,0.03008129942167303,0.39383599019401855,0.1348605410306285,0.15732592985229968
9476,0.21135551862625218,0.028804291366473188,0.09679003543702999,0.14362525266213072,0.5194249019081139
9477,0.386655364381766,0.20898085982084,0.15209091920290965,0.14529463389350383,0.1069782227009805
9478,0.34471808050601943,0.05385552960611824,0.09074968554098087,0.11329504679575872,0.3973816575511228
9479,0.2847088263453763,0.14648257723238822,0.0863272938248103,0.2886571277151338,0.19382417488229142
9480,0.8356725864769986,0.01585050898196139,0.013558832940790756,0.0379827380448004,0.09693533355544905
9481,0.0002110597645528111,0.18822893307754615,0.22236299431193904,0.0019848213376879613,0.5872121915082741
9482,0.33232154088709825,0.18616301552925865,0.20029775372524394,0.011437975943537775,0.2697797139148615
9483,0.11776555356856411,0.0063920120470569676,0.06005878335187874,0.7575902406980012,0.058193410334499075
9484,0.00034550675719986475,0.4190774764143079,0.17319311573476004,0.0008884097249082948,0.406495491368824
9485,0.013783041411818658,0.012172629943501594,0.1245555403214458,0.6465777036126321,0.20291108471060176
9486,0.5303043620504875,0.007323985723482251,0.02029205000840646,0.39315396046831175,0.04892564174931214
9487,0.820990474146035,0.02803966888965757,0.005966337379675989,0.021026466118375626,0.12397705346625577
9488,0.22875081739047584,0.002354105673715541,0.024506246461409767,0.6794225616496382,0.06496626882476074
9489,0.5558416153196811,0.0200040027549155,0.013974115298043422,0.02302615913253439,0.38715410749482565
9490,0.23426125670517753,0.0057931590443745075,0.030976151128076213,0.649722705789087,0.0792467273332848
9491,0.3368946053916298,0.06672635342202432,0.12054035610917678,0.14252072185290016,0.3333179632242689
9492,0.5398761912939625,0.06632478390299841,0.06243834329080386,0.21639623761490742,0.11496444389732784
9493,0.43580446479543644,0.00459314573542316,0.02050497517708587,0.49225951760507725,0.04683789668697726
9494,0.18788253626698323,0.13685174327580485,0.42905871928049705,0.09707305146150698,0.14913394971520777
9495,0.32274284319632834,0.002744530338736703,0.017063513395144267,0.600750868552764,0.056698244517026625
9496,0.04325776541142511,0.056778856925502955,0.05858026881425089,0.031186823357659276,0.8101962854911616
9497,0.15452391003430624,0.32006506312069005,0.21186140723821698,0.014853145658526419,0.29869647394826043
9498,0.0631479783002904,0.06936992317872737,0.017341988901239457,0.14160329699392912,0.7085368126258136
9499,0.9821204058887605,0.004361600166086503,0.0031746974686754715,0.00445633678567004,0.0058869596908075585
9500,0.33764134609716656,0.0033151416101566125,0.013665400405495663,0.5521002112158571,0.09327790067132408
9501,0.0024713547888521583,0.31464727876922555,0.1092538839576987,0.005104972393138712,0.5685225100910848
9502,0.002404877148874394,0.021017275706085616,0.13908573228091634,0.6745121029148186,0.1629800119493052
9503,0.13702339280784664,0.145973815456749,0.10247848741307282,0.10741321211575411,0.5071110922065774
9504,0.3841430011338516,0.006636637714345304,0.021560127014119836,0.46600901314954396,0.12165122098813949
9505,0.6062172723108189,0.008190411391144478,0.005244048437899661,0.24078538685698272,0.13956288100315425
9506,0.008816328109304545,0.0122516655896654,0.09440541736901904,0.4930033497225964,0.39152323920941445
9507,0.22109350997446867,0.04024826259637001,0.0363808365425057,0.5027975656230244,0.1994798252636312
9508,0.38039144997728547,0.0038650326414245042,0.012997306509668672,0.5140626092886292,0.08868360158299224
9509,0.0022707153527074023,0.122199582922126,0.03689235862247916,0.04287533356997701,0.7957620095327104
9510,0.44647879216999203,0.0027870807578578823,0.006869228291374282,0.25925985245735633,0.28460504632341965
9511,0.042658207278126366,0.5620286977862393,0.21805196939342045,0.0044760541295087615,0.17278507141270494
9512,0.8054592755278367,0.024892133328327033,0.033970802787544,0.04217139499833136,0.09350639335796064
9513,0.23880809099300773,0.1239415826092711,0.1466213365328169,0.3274467254023757,0.16318226446252862
9514,0.1792601788033729,0.006498123147348145,0.02800937144751446,0.6550482468485711,0.13118407975319343
9515,0.29289783544829523,0.03072728601387504,0.03288680993506948,0.5004245388309648,0.14306352977179537
9516,0.23977490056945852,0.008647404951682286,0.046425614010236774,0.47295472185643317,0.23219735861218924
9517,0.00034041683290945003,0.35257506983755943,0.20720419848082514,0.0026612769179941913,0.43721903793071165
9518,0.09047230265849122,0.1131239012705095,0.6552206308543118,0.007553327027595116,0.13362983818909227
9519,0.276506882829948,0.007062225657783387,0.031323853465306965,0.5447342316996419,0.14037280634731983
9520,0.04905441414163599,0.07276406132925776,0.5430752584637499,0.002253675684375005,0.3328525903809812
9521,0.01119247707477108,0.010893996165626054,0.12256019083696257,0.5338100821093197,0.32154325381332055
9522,0.43239453960675406,0.04112227543868184,0.1127172766978231,0.23727126937461288,0.1764946388821283
9523,0.1060429977494265,0.007701213020248208,0.017914643201599727,0.7292789066258285,0.13906223940289705
9524,0.20975706095762234,0.008339886699269876,0.03268680135160934,0.5812471707528597,0.1679690802386388
9525,0.5474643124350447,0.005204363915789654,0.008142109206895601,0.23442004890034202,0.2047691655419281
9526,0.4138385683538083,0.0060760032227185545,0.02078960046950456,0.46985156135480444,0.0894442665991641
9527,0.854100709301708,0.013913870500397892,0.0025842072868076053,0.02769568743046461,0.10170552548062188
9528,0.9005859434605851,0.008962913132156828,0.0063539633307681705,0.015374232232606653,0.06872294784388346
9529,0.17455940375021753,0.00712304388871039,0.02310159551932731,0.6613505910465677,0.13386536579517708
9530,0.011576766980977718,0.019863870894919398,0.11442506970044668,0.6032038263361277,0.25093046608752856
9531,0.8230668807067709,0.020225096432889125,0.027968973561068353,0.02308324937543019,0.10565579992384154
9532,0.47358019044989763,0.006062859907522492,0.007310419165743095,0.23255780376437912,0.2804887267124576
9533,0.8900529335452583,0.014123907715736647,0.05998194692526026,0.005722826713907731,0.030118385099837247
9534,6.485408425714404e-05,0.16453836383243703,0.20072827222263787,0.0004598564718792612,0.6342086533887886
9535,0.1941708365490357,0.008015431430838495,0.02543764500104205,0.7156951287965536,0.0566809582225301
9536,0.8247921920371281,0.0017327251851393614,0.0021336124114925237,0.12121753980392887,0.05012393056231107
9537,0.030019176332120864,0.10610761234065348,0.4510361080607902,0.15968566432870152,0.25315143893773406
9538,0.17342003733945816,0.007328146455902195,0.03411585182835266,0.5182588048059209,0.2668771595703661
9539,0.1434693380796279,0.005480699913328578,0.061061963287804784,0.7755854468981707,0.014402551821068118
9540,0.542685616081812,0.00954099388630294,0.003598488277747057,0.40787675507636967,0.03629814667776819
9541,0.006030652691681541,0.028865769267284853,0.3658518041296365,0.14846820999752905,0.450783563913868
9542,0.40263268439938404,0.005896248808372119,0.021563067053073617,0.46325038271734015,0.10665761702183015
9543,0.4702866547814614,0.034709963588538756,0.1626970226566778,0.15836262915944266,0.17394372981387932
9544,0.015062950421163263,0.17227518287959068,0.28671608989088165,0.1115340572412327,0.4144117195671317
9545,0.03196459740964618,0.053191913182328916,0.049297110492126615,0.026675065938015653,0.8388713129778826
9546,0.3246012431298736,0.05172563260698686,0.23672664755514608,0.21237920357789883,0.1745672731300946
9547,0.13622772039385267,0.005196461759940907,0.03775130403682071,0.6364153645393256,0.18440914927006016
9548,0.28683438660021393,0.005620603764255702,0.024483074788446517,0.39136763056892715,0.2916943042781566
9549,0.9406974142122162,0.02323684930387109,0.010458084512590109,0.009415640562079613,0.016192011409242944
9550,0.8759724591793959,0.00275708928752726,0.0019203707477701657,0.08836213886918094,0.030987941916125524
9551,0.009827002544652881,0.03595863941108823,0.5907722792711626,0.007567744539216772,0.35587433423387954
9552,0.012311723803414866,0.015535651592596086,0.04546897798507503,0.8462101231442435,0.08047352347467039
9553,0.20579377378115096,0.0034701475571382013,0.02741904692891324,0.5657065454621636,0.1976104862706341
9554,0.37635598265164494,0.025074798628214556,0.29798422136942115,0.16178829598508063,0.13879670136563863
9555,0.0004672216563288663,0.17785716265254606,0.17147284350424963,0.0008131182225781577,0.6493896539642973
9556,0.23971451694190785,0.0052644688703733,0.04182605364570476,0.5541743769696371,0.15902058357237697
9557,0.35451347814596873,0.002396431887609819,0.0288137029404586,0.376997888649913,0.23727849837604986
9558,0.0034839794970829684,0.09467057331376859,0.7369014009438735,0.007092294541294003,0.1578517517039809
9559,0.23338299245506933,0.021469312981632117,0.21007732711963256,0.37383322846121175,0.1612371389824543
9560,0.16599445986676137,0.009606930404703857,0.04216173428451727,0.616492883766566,0.16574399167745152
9561,0.837838729213564,0.005787134466107175,0.002458591561343155,0.09584528284584345,0.058070261913142386
9562,0.001569923688647409,0.04119435610209704,0.02448200849136654,0.030528167331284307,0.9022255443866046
9563,0.030445609783578815,0.03037949379612268,0.035718852463302225,0.2924581403214815,0.6109979036355148
9564,0.012115572652415404,0.29502547307835225,0.5766929138940183,0.003609246164184801,0.11255679421102921
9565,0.978193180045351,0.004601536081564092,0.004433876104262955,0.006147624156520954,0.00662378361230067
9566,0.0006831404963542307,0.1978363711944565,0.45197267443960865,0.0011931116077655679,0.348314702261815
9567,0.22252300149946655,0.004543533567695009,0.03493555409766958,0.548328173446779,0.18966973738838988
9568,0.2108761068157301,0.007354457028821109,0.04353328639358165,0.5128274447409352,0.22540870502093183
9569,0.21532144163955197,0.004381081610413583,0.031504130803859436,0.5615030769334122,0.1872902690127629
9570,0.01273243549898318,0.397531382397856,0.4957141215437472,0.001366603441502364,0.09265545711791133
9571,0.7178579562723164,0.07422129824347028,0.04765435276032623,0.014680679705049663,0.14558571301883738
9572,0.5008287451949067,0.007208154470237996,0.004824319778290615,0.4422009485215923,0.04493783203497234
9573,0.3586844524383699,0.006539708737946779,0.015896987243641074,0.5423265544204972,0.07655229715954515
9574,0.3924765490363188,0.006226535855457502,0.022587303337817267,0.5181765499771966,0.06053306179320972
9575,0.37978584172010627,0.0025694741377853656,0.019320399878508955,0.5318112592599098,0.06651302500368962
9576,5.3492492014343386e-05,0.4721712555889245,0.16475002513928766,0.0012199323742400077,0.3618052944055336
9577,0.5078690806354793,0.01965597066743717,0.04966429582071025,0.2532581469467406,0.1695525059296327
9578,0.5311296121378977,0.043756578790138737,0.04079664436744419,0.09427071487441417,0.29004644983010525
9579,0.02593596482368609,0.48017647312594,0.264205141395746,0.024943315887211544,0.20473910476741636
9580,0.04296330868467249,0.1482629415688837,0.7053880720061031,0.003217795014790293,0.10016788272555047
9581,0.3673841193149903,0.005604815209645383,0.03163501215343757,0.37544866664084336,0.21992738668108325
9582,0.9149722163902013,0.01670628284471751,0.014795104647258814,0.010097356464565341,0.04342903965325708
9583,0.8303272342534838,0.01327812746547234,0.006174539144934131,0.025358026724548323,0.12486207241156122
9584,0.00302693035950909,0.31650050244746797,0.5787933075465475,0.0029940145823290827,0.09868524506414644
9585,0.6552680528530854,0.0033411716679672882,0.007519789394149606,0.25553748941440557,0.0783334966703922
9586,0.9077696222745342,0.05462519923962668,0.013118770700316487,0.007654126861919064,0.016832280923603594
9587,0.6242086100323715,0.010166005624853279,0.007653856248293573,0.22074351702386802,0.13722801107061355
9588,0.07818862300414217,0.44503591799883624,0.31846504996815284,0.03597984085802535,0.12233056817084342
9589,0.8203221632362254,0.0031596847300072867,0.0008787510416063227,0.1297696965585853,0.04586970443357574
9590,0.35734372856388646,0.0018441509870361526,0.02097722564854859,0.571692260744962,0.048142634055566784
9591,0.004945284654241503,0.045403409236204985,0.6709589077878074,0.018701290184491983,0.25999110813725407
9592,0.758663836112505,0.0051904377035895755,0.004083937630543585,0.19473777268728584,0.037324015866075894
9593,0.3141125887642323,0.025236998646480997,0.027814448965740406,0.09250088844293848,0.5403350751806079
9594,0.32963856543766945,0.026863242369926075,0.10382351837022472,0.11434581330485727,0.4253288605173225
9595,0.007012233675108114,0.40206176044862263,0.511263443601299,0.0056696060615291435,0.07399295621344093
9596,0.9103507190283996,0.044966733924560305,0.017347936860954847,0.0059439801589925055,0.021390630027092798
9597,0.8017456043497126,0.019021503824961337,0.03180865097386721,0.02878529769954827,0.11863894315191051
9598,0.879490338149029,0.011902463391898543,0.07204099472685355,0.005925394979709822,0.03064080875250913
9599,0.6795742235773385,0.043354708472883356,0.018608652439997146,0.06537287393598074,0.19308954157380026
9600,0.5083842324191689,0.006979773730513112,0.012919519500792924,0.4483198404220894,0.023396633927435774
9601,0.94047698898848,0.01092901917496363,0.011109432961438978,0.013650285150190476,0.023834273724927094
9602,0.02946721218797593,0.4179820331504192,0.46628498940818097,0.0010216239461347586,0.08524414130728918
9603,0.08317708209833266,0.4209285550116792,0.18011421788604956,0.007161548029891569,0.30861859697404687
9604,0.4493740009941478,0.008283789351318323,0.020574972169008467,0.34681255833513586,0.1749546791503896
9605,0.45926723030583,0.2978821768358246,0.0775852012980358,0.10099144025757045,0.0642739513027392
9606,0.687281900687025,0.024830937267924118,0.05380668316565587,0.11313752168974903,0.12094295718964605
9607,0.3017236545991249,0.003363920903418821,0.013201056395427123,0.6255304038416393,0.056180964260389925
9608,0.0034903283986641807,0.09278802955562623,0.19131011302027628,0.001778126696264873,0.7106334023291684
9609,0.5873266153204131,0.03990134212513077,0.18268372017708806,0.009332585378035236,0.18075573699933284
9610,0.2293063959518135,0.010603619918912694,0.05256583555717476,0.4800134623499689,0.22751068622213022
9611,0.34796943251704543,0.003382904040114926,0.018399647111976457,0.5564789535479565,0.07376906278290665
9612,0.25798260964800807,0.024907454514894532,0.30900032449018944,0.1713697493150519,0.2367398620318561
9613,0.02226913606515423,0.4528722307558826,0.43875779436706414,0.002154427485727153,0.08394641132617199
9614,0.7541456379191385,0.0036468731219411184,0.002412958143345926,0.1449834254406251,0.09481110537494941
9615,0.31070331429760195,0.009276620810044137,0.030507341107782596,0.42301775123741725,0.226494972547154
9616,0.2762130129376106,0.00830662661929625,0.04398926821080991,0.4758972410211191,0.19559385121116415
9617,0.3450660817787849,0.027350784639187678,0.11240966794921207,0.3254822888146167,0.18969117681819853
9618,0.0016394049516661395,0.7962462533314049,0.019325819026096994,0.001275076747608623,0.18151344594322347
9619,0.3872829747122739,0.0561557792219571,0.17780432379515732,0.23826527421262977,0.14049164805798187
9620,0.6433168003810238,0.02177413463600281,0.03820367503235093,0.21609780366231826,0.08060758628830438
9621,0.4510589293897908,0.002047012169429086,0.015606813076648738,0.5084011836535283,0.02288606171060319
9622,0.016103085686555337,0.014796050470339247,0.08449298761531533,0.535839231139895,0.3487686450878952
9623,0.6040680192790397,0.006788912404753456,0.015072771873811642,0.29485317604664607,0.07921712039574916
9624,0.3138430522104834,0.0069588856424489184,0.006052352001141752,0.6253599962427971,0.04778571390312873
9625,0.01287065706370855,0.024673555840082705,0.07988651476499345,0.8003558131739092,0.08221345915730617
9626,0.9121198265930787,0.020614760342419956,0.014228343738976211,0.010624185031323997,0.0424128842942014
9627,0.3278538710282862,0.0015988322382961323,0.015539325555082396,0.6126932297960114,0.042314741382323905
9628,0.5640403442518859,0.004431525223119719,0.006236635137167468,0.20292683015780236,0.2223646652300245
9629,0.4481036210971538,0.0063590946098122944,0.009435853663451923,0.48954706684286947,0.04655436378671267
9630,0.5526262627767748,0.017847813446262326,0.1118159096417333,0.08344059630323233,0.23426941783199706
9631,0.9122547657775698,0.028996781251542588,0.020309278280504255,0.012108977233585332,0.026330197456798026
9632,0.401290519224929,0.002455265032315384,0.027362367969509225,0.38713820042545166,0.18175364734779467
9633,0.337003168845116,0.003854866844593681,0.03468121159034845,0.5343355790018308,0.09012517371811096
9634,0.11185642913247075,0.04890888848228137,0.050453447698918845,0.030916804384692298,0.7578644303016367
9635,0.8650878511499003,0.022973106373554996,0.01988324524856075,0.013198592627955447,0.07885720460002871
9636,0.8843115224011391,0.003981622314529515,0.0012116725015661918,0.08500160951218977,0.02549357327057545
9637,0.27371457111052927,0.0030669375933619564,0.021782082086205225,0.5210809057024305,0.1803555035074731
9638,0.08418538330046257,0.03315581457940735,0.028389018200766815,0.23757596077020743,0.6166938231491559
9639,0.8941708953702413,0.04387779688304882,0.019086997222923743,0.011045846379965196,0.03181846414382111
9640,0.08614407336251262,0.0050939521355313185,0.07391616018757365,0.6834805242870222,0.15136529002736024
9641,0.007352918802183143,0.016325110731938368,0.10450110499144064,0.5679084258069942,0.3039124396674437
9642,0.24519301332262156,0.002709792841097426,0.03355553998676788,0.48161853203944227,0.23692312181007086
9643,0.8324847642066912,0.01840877038972382,0.098925407940361,0.008739833367495682,0.04144122409572833
9644,0.4862626189863226,0.0029562613694006637,0.008349659004384715,0.28603110163203344,0.21640035900785848
9645,0.1932978971686928,0.006443294616008471,0.030718008675552612,0.5998330164169454,0.16970778312280066
9646,0.12068606016258741,0.0056693124209456205,0.027332619500061862,0.6983339121467589,0.1479780957696461
9647,0.7274198307753067,0.09912679526344516,0.04014482065901492,0.043322746838324815,0.0899858064639083
9648,0.48283031449928754,0.0688349068274283,0.05834882386629884,0.2519272854929659,0.1380586693140194
9649,0.8296288936843517,0.012149745867874468,0.10972982464037069,0.009696619246852283,0.03879491656055092
9650,0.5932893470203755,0.004811590790184406,0.004676424488975394,0.32462840699525886,0.07259423070520574
9651,0.0063652384175437345,0.00907917400188866,0.11527483246056142,0.5283859706404354,0.3408947844795709
9652,0.2302285118455105,0.007385221343503777,0.04900320742792742,0.48037758493749366,0.2330054744455646
9653,0.03938413180210203,0.04217680358943196,0.2233688872465031,0.06945593620614811,0.6256142411558148
9654,0.30613982091016007,0.09919083903652572,0.10091091440419916,0.22896099383164642,0.26479743181746873
9655,0.2642675311599946,0.005054119296678354,0.028186665120164364,0.6184466196785965,0.08404506474456624
9656,0.18378293952955405,0.0023717532150161237,0.034988645653747576,0.6674739680746252,0.11138269352705713
9657,0.2134746774974719,0.005665056122264404,0.04611269773752104,0.48719375894932815,0.24755380969341445
9658,0.5978180525839666,0.054912712799309565,0.02156715205104461,0.03702139419739677,0.28868068836828237
9659,0.6976826426964727,0.0418160397321109,0.03411301010304549,0.0697100027598981,0.15667830470847283
9660,0.4165054591722127,0.004413688604313954,0.024752963573485515,0.3520170717606752,0.20231081688931246
9661,0.35544159254857693,0.018633485909706256,0.05097931138949402,0.4209847811264424,0.15396082902578034
9662,0.23210314476287258,0.06702242527470935,0.18565593887537188,0.352517012606769,0.16270147848027727
9663,0.021709338287372707,0.09281318899317968,0.07289343242988028,0.04974048933309035,0.7628435509564769
9664,0.6549733991499047,0.08391913735518264,0.1938499217606307,0.010669276033155562,0.05658826570112636
9665,0.014661531206573514,0.173988300091534,0.5908372401686356,0.0015240310262650005,0.21898889750699185
9666,0.6803728094428341,0.0026795464004223243,0.0030492566078268698,0.1944871557572481,0.11941123179166861
9667,6.101877823904624e-05,0.5319083806868116,0.1612898069653316,0.0006419421514110838,0.3060988514182067
9668,0.298063053428337,0.005893686748350156,0.009721111443084234,0.5756395680360662,0.11068258034416249
9669,8.50790469636785e-05,0.18297709739089382,0.1723389302939223,0.0012432951974620896,0.6433555980707582
9670,0.3993101194929412,0.009934579883127275,0.015393116613977714,0.5237354348062009,0.051626749203752924
9671,0.3824464646496442,0.014772875294799866,0.17664857420453506,0.24498689696042786,0.181145188890593
9672,0.24307306705458792,0.0030442133999280694,0.02187483556533543,0.6730591105884726,0.058948773391676076
9673,0.5179970892178659,0.016887705634495143,0.06779349495653844,0.2465252066212033,0.15079650356989718
9674,0.1896330915769126,0.004705491735723593,0.0391218904874247,0.5857747051757303,0.1807648210242087
9675,0.4278075767022929,0.005274264485397561,0.017720204053955576,0.3756619339888081,0.17353602076954602
9676,0.18810680053123288,0.003817435554741109,0.0423704353533173,0.5243695233099738,0.2413358052507349
9677,0.00457974751127853,0.3764409326868261,0.501262497653002,0.004144831862303571,0.1135719902865898
9678,0.40929952936653086,0.005490794266467198,0.0225894407889933,0.3067451909323892,0.25587504464561933
9679,0.45973593511065525,0.035134763441613696,0.08809867190526498,0.13061983391098614,0.28641079563148
9680,0.9840241235975153,0.002457942503028322,0.0029985555063466274,0.006011441109659422,0.0045079372834503145
9681,0.303860075262181,0.005392407744881144,0.030211495734133665,0.49449539112871327,0.166040630130091
9682,0.45794964850408826,0.05462799291642214,0.0485239663823713,0.2704783017697533,0.16842009042736505
9683,0.3622088059662392,0.00877412707132338,0.020298572303247005,0.58047597021588,0.028242524443310445
9684,0.021596782061266445,0.21426288517428305,0.29476161621531677,0.0024739388188397115,0.46690477773029415
9685,0.5753749407718475,0.003631263516422621,0.05551372074869745,0.32582805094415546,0.03965202401887698
9686,0.26564401706024793,0.008630628080664048,0.013512636414028178,0.5156734973211408,0.19653922112391903
9687,0.1977704116121894,0.0032558998563487936,0.03254303131122211,0.5222967532425314,0.24413390397770823
9688,0.5440758864606002,0.003350679711448679,0.012950122585742904,0.38320421301507296,0.05641909822713539
9689,0.002901486375646668,0.18316612419062397,0.24991997592254833,0.0026328744040338046,0.5613795391071472
9690,0.0046389695600311375,0.03382781570722933,0.007442442540072876,0.7003424783298546,0.2537482938628119
9691,0.1172156041445276,0.036692334708999394,0.0011819460736976859,0.04358931848935422,0.801320796583421
9692,0.27127634508375087,0.006524859379603859,0.03338865029331336,0.5505173649646872,0.13829278027864478
9693,0.47919843620670843,0.00394664972591503,0.010363012907474633,0.38964767768413155,0.11684422347577042
9694,0.00036720532366165125,0.09772159139044298,0.13917509785458523,0.0008489806035958384,0.7618871248277143
9695,0.3720493858347822,0.3216203486441048,0.03957557267358747,0.012033037773427992,0.25472165507409766
9696,0.7855576023658357,0.10487899251470208,0.03360969023501603,0.013258465934789231,0.06269524894965674
9697,0.4705596815763145,0.12192408429444594,0.2174620138262802,0.03963589863023095,0.1504183216727284
9698,0.32124961771970967,0.015973433140092464,0.01846982072630588,0.47418227667930885,0.17012485173458328
9699,0.028094581087205372,0.02328012476376466,0.11260245872959773,0.5214241092386384,0.3145987261807939
9700,0.42045549763485895,0.0075889269785085365,0.006373259333795667,0.5139842109366692,0.0515981051161676
9701,0.46514240941304025,0.0012789688322296898,0.02404611347955893,0.47260076048485933,0.036931747790311706
9702,0.11708025149360232,0.005146468727713105,0.007704760704041176,0.7182244938431764,0.15184402523146703
9703,0.929353176936943,0.028695938815893787,0.01348073179304388,0.011418200187552935,0.017051952266566254
9704,0.04111866914760379,0.18703205202265877,0.313119082179996,0.19170491500789158,0.26702528164184985
9705,0.011407405145897456,0.33645026876098033,0.5702570647243018,0.0011460828774707383,0.08073917849134982
9706,0.14907940851923088,0.009227686833745618,0.034856677552867935,0.6319021565060106,0.17493407058814503
9707,0.008916097249775956,0.3660417007898547,0.5068348833137245,0.0025598491691977347,0.1156474694774472
9708,0.5357058305208598,0.03716466177086265,0.05057166114733237,0.1079896868090378,0.2685681597519074
9709,0.3024653151600571,0.009653690690491414,0.03442066432582043,0.4357441091958514,0.21771622062777982
9710,0.41844316615664884,0.0029698987255846617,0.028681436963077046,0.3325012855803733,0.21740421257431616
9711,0.7007160016744813,0.01190337889404496,0.0357156168634095,0.2276016018880196,0.024063400680044474
9712,0.2371856674992656,0.0031875271476205906,0.048893966517637034,0.4829749818641299,0.22775785697134682
9713,0.4278166789728546,0.0024872592930412695,0.019084591610241976,0.5162055765117796,0.034405893612082704
9714,0.36783426650897444,0.04425611246375539,0.022830717473018673,0.4689208245777525,0.09615807897649907
9715,0.7532115821492089,0.00193948434828896,0.0027145818383372488,0.1632286997443328,0.07890565191983215
9716,0.19935195234866745,0.00901187418151835,0.013100517972710429,0.5582467188503276,0.2202889366467761
9717,0.31712929202400936,0.018191379538244037,0.38935315023455663,0.13311556265531657,0.14221061554787331
9718,0.8843566570717724,0.009142955115264547,0.02342850947742571,0.031506902244178875,0.051564976091358794
9719,0.8513519436923384,0.10115938757931303,0.018115978688875222,0.004208829470882396,0.02516386056859089
9720,0.17260409174133332,0.00661753481238401,0.04211981982859419,0.5399987903921467,0.2386597632255417
9721,0.44756959543945496,0.032734588309772855,0.05065659721951359,0.3036786440519235,0.16536057497933507
9722,0.24153266065347478,0.010104426096520989,0.0189049196095981,0.6760030873279946,0.05345490631241164
9723,0.9756652875027781,0.0018352529446351228,0.0032615965318691406,0.012046259507991661,0.007191603512726033
9724,0.18465252889760797,0.010263131174428168,0.017217701889668157,0.6828030536218798,0.10506358441641578
9725,0.005752347458200958,0.3657506088110737,0.52631155615512,0.0035104687920084047,0.09867501878359695
9726,0.0008503220871487445,0.5035859933374244,0.15861818725727028,0.0005247977842070009,0.3364206995339496
9727,0.9332771962891276,0.02077043859664413,0.014103991977762454,0.009632244567864453,0.02221612856860141
9728,0.001624409406880651,0.2096669817116712,0.23933759808914637,0.00309778483371834,0.5462732259585834
9729,0.2548734711456562,0.009028179123764982,0.03069013509911386,0.5210585694055697,0.1843496452258952
9730,0.46015095831974895,0.004005248770577509,0.006594857819036215,0.2583725643763443,0.27087637071429305
9731,0.2816306892871009,0.0020197003818083516,0.026303876770120048,0.553102794712163,0.13694293884880782
9732,0.008998513473480584,0.008954470779889883,0.0813687628210546,0.651669915820614,0.24900833710496095
9733,0.3431408313897019,0.17793098330180568,0.3381720704633829,0.01613563976117743,0.12462047508393226
9734,0.33677482643555606,0.009374318604035703,0.033961976903394156,0.414530888440414,0.20535798961660007
9735,0.0020347762882217796,0.05055373065177933,0.7613987549280532,0.03317774810847036,0.1528349900234753
9736,0.05157027918536446,0.03209836162926238,0.03107091605109374,0.166411949126838,0.7188484940074414
9737,0.11773294749112176,0.3486659158538527,0.378524455177074,0.02131445682676565,0.13376222465118598
9738,0.012798190698023161,0.03574293306338066,0.7117246055622316,0.04931842157188713,0.19041584910447748
9739,0.9809013690140815,0.0035152059847942526,0.004539860810310887,0.005467595884637325,0.005575968306176106
9740,0.012634384198670159,0.31287864963243406,0.5723304747898008,0.0037621459391696363,0.09839434543992537
9741,0.31946390878849734,0.004370720722137767,0.04609423771570056,0.5721871430961267,0.05788398967753779
9742,0.25787226082338455,0.00308448045098029,0.02996897434829777,0.6603212378463705,0.04875304653096682
9743,0.37936234498401006,0.00503052668378751,0.013306641295666317,0.5339722638178104,0.06832822321872577
9744,0.4713192671968025,0.005372300434865942,0.006075745327990054,0.24809882306769798,0.26913386397264355
9745,0.8792020453232995,0.006617625738643257,0.015757449194794878,0.06662920187806234,0.03179367786520028
9746,0.34299814570600845,0.006624729718037484,0.024921312977219487,0.39856937791517144,0.2268864336835631
9747,0.03299752889650086,0.11350042691492902,0.6496445814969751,0.0019906864347486045,0.2018667762568463
9748,0.1360990574002779,0.006864932399206848,0.023134836288516817,0.6998694663402241,0.13403170757177424
9749,0.8583526554528612,0.047669371058130426,0.02530509087079913,0.015541622411726182,0.053131260206483
9750,0.2252614547996754,0.008880247956299403,0.05105104713455238,0.4099964794391748,0.30481077067029805
9751,0.5683930285504661,0.02682860102578771,0.05641069608201695,0.0578603524913775,0.29050732185035166
9752,0.6609079930905181,0.006843552758048691,0.01522192134821047,0.07510481928731164,0.241921713515911
9753,0.0006015179547698032,0.3894999256181361,0.5289131626992915,0.003559469623347183,0.07742592410445559
9754,0.4264957145134534,0.050574318837500146,0.08206132444923721,0.1503337842300281,0.2905348579697811
9755,0.11565250511601069,0.008422810789928818,0.0277357978682967,0.6748666514730538,0.1733222347527099
9756,0.8682142916220623,0.03540375424983175,0.030986619247742903,0.016442254576987433,0.048953080303375605
9757,0.2985919981807391,0.006250268854780481,0.0201107208485885,0.4917880699517226,0.18325894216416927
9758,0.7937139936352644,0.017785037750008933,0.006366987170600335,0.02664547643088112,0.15548850501324504
9759,0.6446289057507277,0.01726879458298833,0.03821511567312344,0.20085301175750767,0.09903417223565264
9760,0.20911288159948752,0.0032154506026363895,0.03689128710923701,0.5433850525048437,0.20739532818379547
9761,0.2679300989111629,0.0038068520201232033,0.01768733906584926,0.6241504400073347,0.08642526999553012
9762,0.001714839409192619,0.11135631478792318,0.16282135636583298,0.0009186421985806665,0.7231888472384705
9763,0.8027311965521342,0.012543066001131786,0.03079926955462526,0.07681724963081261,0.07710921826129628
9764,0.5556895316045447,0.021778129888518474,0.02298455923245906,0.032787499534037035,0.36676027974044073
9765,0.23971977429079722,0.0068269585530966025,0.031155556940473783,0.5671333570017566,0.15516435321387578
9766,0.4596828947882449,0.039128837713196904,0.10208899183275308,0.20901745860709098,0.19008181705871394
9767,0.40312698784780143,0.008163685089473087,0.038395303891979475,0.49484838590498376,0.055465637265762195
9768,0.16854636720780064,0.010419640479504153,0.01440886350802018,0.5884586907472089,0.21816643805746616
9769,0.2032553868316904,0.006366356786639996,0.04166562423286614,0.5436027332697668,0.20510989887903663
9770,0.3638716137846671,0.008141456619350977,0.01844526400661492,0.5843691630848176,0.02517250250454951
9771,0.20974000937005727,0.07385966775073091,0.2590026322058374,0.016382572002955044,0.44101511867041937
9772,0.29992522317661213,0.0019236092243250062,0.029283893292122654,0.6033205127326997,0.06554676157424046
9773,0.23877770094745143,0.07471520796469813,0.08318936183772034,0.44848722412852327,0.15483050512160693
9774,0.0043854847517647505,0.07083524782689049,0.002490192089706342,0.02014375106328651,0.902145324268352
9775,0.262638957327115,0.011496562380853108,0.022816898171327482,0.6168085108212882,0.08623907129941617
9776,0.3199026179022568,0.002153863655206921,0.013502557986553181,0.5920059906217199,0.07243496983426323
9777,0.00508388137126938,0.03721678495670933,0.2631166053260694,0.12335834866958116,0.5712243796763707
9778,0.5912304384087654,0.0060654255835924705,0.008590105163184654,0.3155935772305795,0.07852045361387804
9779,0.9592651739407955,0.009204939628670878,0.007560272391949237,0.011309589597631283,0.01266002444095289
9780,0.009910790764224657,0.5099921905071811,0.4150866265838137,0.0007150326677465992,0.0642953594770339
9781,0.35307215575095025,0.33261875775774424,0.03066783119074052,0.011483612713856015,0.2721576425867089
9782,0.0004233479477432741,0.16378060730538932,0.1654184792185009,0.0010265442332785244,0.669351021295088
9783,0.12258681152174464,0.04785466614178764,0.03581453337108478,0.5043017888441701,0.28944220012121286
9784,0.014056144307507604,0.01697276000996935,0.08093725187296814,0.6251997609030389,0.26283408290651594
9785,0.9019961822403256,0.01580307540340681,0.05976152251723682,0.005607487202354016,0.01683173263667689
9786,0.4219712792266683,0.006261036448318165,0.019567335433098045,0.37530628365264357,0.17689406523927173
9787,0.0005224655419090249,0.03697646183907024,0.7436558662685862,0.01721388581399314,0.20163132053644145
9788,0.001303498989236976,0.025494832909028525,0.6768515643723826,0.028641412726406853,0.26770869100294514
9789,0.00998402005661527,0.261573503298422,0.638947967086507,0.0039867231297193665,0.0855077864287365
9790,0.1180838266582834,0.006046621276679744,0.054352363465048674,0.7982763748467752,0.023240813753212936
9791,0.5542438814625351,0.07670117717054468,0.06650862490761862,0.1411858057141339,0.16136051074516758
9792,0.48356931083730437,0.0723018448840329,0.058006238476676804,0.25672866079320383,0.1293939450087821
9793,0.15599410536530584,0.005498534485233186,0.06650478714325356,0.5952916555113362,0.17671091749487114
9794,0.3399079343290157,0.009577265623275932,0.02190680008897379,0.43637206848338433,0.19223593147535015
9795,0.32907729345004316,0.15410029097755637,0.10478955106646091,0.16882456074238414,0.24320830376355532
9796,0.01262055994611266,0.009990395853046638,0.1003704839910089,0.801112141889681,0.07590641832015076
9797,0.31730178174829105,0.0057078751149652,0.013955414364703406,0.38785021294412364,0.27518471582791676
9798,0.5482143201802402,0.011144497908836546,0.0028015083855971157,0.19496972873332483,0.2428699447920013
9799,0.8506511290764075,0.020336477876086247,0.019852864819414104,0.015465401390166703,0.09369412683792536
9800,0.3400749918055588,0.008056709953928636,0.014306734366637371,0.3850991351376745,0.25246242873620073
9801,0.1922431810758386,0.015372663285919241,0.04088657440587148,0.6265639936297991,0.12493358760257167
9802,0.806534696467054,0.0160843600746968,0.025105369615100424,0.06373645041404241,0.08853912342910625
9803,0.0014348885518368321,0.22165443147022446,0.26870095796397,0.0014941773195633378,0.5067155446944055
9804,0.23242160210942905,0.006422448026775896,0.03696276920163524,0.6725631439134229,0.05163003674873691
9805,0.0593259621667236,0.0689101892218739,0.6551060940868726,0.12824116803276903,0.0884165864917609
9806,0.15194736456644756,0.0049898436692714,0.025515483935565332,0.6176758302000226,0.19987147762869303
9807,0.0005289840032366617,0.3553086868361585,0.5513866968182909,0.006267884396039509,0.0865077479462743
9808,0.7430551396972112,0.00716042344430536,0.03219499968242725,0.18785479636889296,0.02973464080716322
9809,0.2902132517738208,0.006015640099201077,0.009083171302251024,0.6707181743692218,0.023969762455505434
9810,0.0021772313917901745,0.295624775930317,0.2036512422957173,0.0014136578912023975,0.49713309249097315
9811,0.010044186697812166,0.013672940183197752,0.10670353621523417,0.5730874942044372,0.2964918426993186
9812,0.36359437966542263,0.08155018943944253,0.10354059466942178,0.29332362474042756,0.15799121148528544
9813,0.19040857156175664,0.21983441460385858,0.27932952643534986,0.015044174298760477,0.29538331310027455
9814,0.023725555323829823,0.06716082094145984,0.05570456854053515,0.026705479365438514,0.8267035758287368
9815,0.3220395125267359,0.01763263227409528,0.017794979557566263,0.5427144248534969,0.09981845078810565
9816,0.1745406340050977,0.0046565615927380705,0.030149765493578663,0.5648216140633028,0.22583142484528262
9817,0.7715760366969396,0.00304837888884036,0.0034484293733886046,0.14850573793149383,0.07342141710933782
9818,0.9488273005355728,0.005489427625839474,0.03268005120038437,0.0035236638694804245,0.009479556768722867
9819,0.005825876980741099,0.022238592401446194,0.11021205761209416,0.6189311103820256,0.2427923626236929
9820,0.9875490238025808,0.0019049702892611551,0.0030093320284917285,0.004354019850676256,0.0031826540289902473
9821,0.2182923091635943,0.01371840410443142,0.14387465398644747,0.11697577158224166,0.5071388611632851
9822,0.4404787536166392,0.00462849763397239,0.00833651430556436,0.36729004224168305,0.17926619220214102
9823,0.19152453791922935,0.006952540549348218,0.029180938000073618,0.6066216542613609,0.16572032926998786
9824,0.007318867857419195,0.011801977506296258,0.16211405268631587,0.5278822698911559,0.29088283205881277
9825,0.37959637906202237,0.009968393933751383,0.019600751807045014,0.49840638295321216,0.09242809224396902
9826,0.45230607765106284,0.12493472813928541,0.09890483107571753,0.2436597652098671,0.08019459792406707
9827,0.800860292083533,0.006109753315271846,0.014418012977213903,0.0750839357205803,0.10352800590340108
9828,0.26181298054677576,0.005454197774918162,0.010487202671438422,0.4092430466173537,0.31300257238951396
9829,0.38772686246961774,0.005062648071510462,0.023210904954869348,0.535011176539697,0.04898840796430539
9830,0.2826690072145724,0.003189848400971946,0.03292381868939923,0.48281211878445957,0.19840520691059685
9831,0.2588005574239313,0.01052329797623601,0.01601184936646963,0.49387599960161044,0.22078829563175267
9832,0.03505926557313826,0.0951358058583775,0.05701059967874134,0.04404983688232281,0.7687444920074201
9833,0.47553274925370725,0.0017414785084949893,0.013061788130725095,0.33706679654497546,0.17259718756209727
9834,0.8831091404928197,0.0481652674749503,0.015534206924993365,0.006465368867203794,0.04672601624003302
9835,0.6709178332360076,0.023702433052973523,0.20065396532989582,0.014088251495476158,0.09063751688564683
9836,0.5484751198687895,0.033430197299501474,0.017470005441000226,0.0643585224813786,0.3362661549093302
9837,0.3772532851690343,0.004075147465435129,0.009570077820728632,0.2762293594044606,0.3328721301403414
9838,0.02381149528497458,0.018673743037979765,0.07816201248795564,0.8213365640191744,0.05801618516991562
9839,0.9557169241100185,0.009110600322245282,0.010027913131708853,0.011370626290165501,0.0137739361458619
9840,0.46970462128263263,0.06457848211694396,0.11800683486081959,0.23967837444776083,0.10803168729184291
9841,0.43184602157783736,0.020601515964692677,0.24178752187794675,0.026452762041498764,0.27931217853802454
9842,0.7075012570376354,0.02670271151912445,0.017752306922612985,0.0787753548051801,0.16926836971544695
9843,0.8150598746115714,0.008089660851101776,0.09265269030690197,0.004857931995059858,0.07933984223536504
9844,0.38240656344490137,0.014353459537061977,0.03687225513401801,0.5059297992483127,0.06043792263570599
9845,0.001591525808400063,0.2310354922375261,0.04409224809442415,0.0039116517646408085,0.7193690820950089
9846,0.0019122824387408166,0.2019885667487597,0.18222213158923473,0.003292430830814008,0.6105845883924507
9847,0.31488465722236836,0.005179980406680047,0.020528344216745906,0.5316033438808335,0.12780367427337205
9848,0.02380577253533956,0.03857302226472762,0.04788370514009139,0.21370540275937477,0.6760320973004668
9849,0.4850102771092877,0.0818389016985269,0.09275614932743803,0.15048341585180872,0.18991125601293884
9850,0.1316861282407992,0.24201992930539318,0.46347578149405394,0.025990506170807854,0.13682765478894574
9851,0.08880909277253654,0.19210622228854232,0.058921085762946676,0.059839564764683904,0.6003240344112906
9852,0.27668415409094876,0.017885506259902696,0.07891900957001957,0.35324448492232335,0.27326684515680566
9853,0.5855865598808866,0.016852558705451794,0.05765602085639656,0.16117782684283824,0.17872703371442686
9854,0.4440651523200629,0.002899916337608843,0.02042350368429253,0.39142402658070047,0.1411874010773352
9855,0.2946339602066477,0.007276437591985976,0.015800275115141583,0.6283312565872178,0.05395807049900685
9856,0.05825764914746264,0.23995971166300642,0.2648328417879699,0.16753703577229906,0.269412761629262
9857,0.377688078776073,0.002094296330499532,0.016465988088498473,0.37496280433376883,0.22878883247116022
9858,0.4680978037318178,0.010255486230261398,0.008678184239335335,0.3220619653029302,0.19090656049565533
9859,0.30343155473691663,0.004535328169725531,0.006250219202072351,0.6495636405047388,0.036219257386546626
9860,0.2960805524291993,0.0031379181505421403,0.016829300996847447,0.5277112234586707,0.15624100496474033
9861,0.5227171016203483,0.0233916387139715,0.05601299129518546,0.3195386702935081,0.07833959807698666
9862,0.00048683333312721987,0.2237635325991813,0.15031297376280764,0.0009681370941852382,0.6244685232106986
9863,0.38556688844406845,0.0068264067222886405,0.03558917399636688,0.5325297375761048,0.0394877932611712
9864,0.3594925493090959,0.00903469036334787,0.022534999560498054,0.4809411659762154,0.12799659479084272
9865,0.0012720550371655391,0.07199980604062631,0.17447313690729407,0.0017221982100218691,0.7505328038048923
9866,0.19159423573389955,0.008294725284746236,0.025382989743695593,0.5499517867029864,0.22477626253467223
9867,0.6085036431279097,0.06670364047028915,0.1573718708476025,0.024139480233617262,0.14328136532058128
9868,0.115485794100107,0.0039819037382444605,0.02049850560492734,0.7171471695536826,0.1428866270030387
9869,0.6696933373783487,0.020860073259467815,0.03647082088211598,0.09312174678119246,0.1798540216988752
9870,0.8887164553827565,0.015875757947923747,0.01716495824274228,0.03244249850558187,0.0458003299209956
9871,0.003101262283855458,0.38661559693731273,0.5325330988073956,0.005096334720403916,0.07265370725103235
9872,0.9454838126462519,0.0080715369295466,0.010603466214004232,0.020744601465397902,0.015096582744799353
9873,0.7204046173922815,0.11509758404262993,0.04677227603098591,0.05249144339572978,0.06523407913837281
9874,0.9472842992299071,0.005675563731503551,0.0094520880800645,0.007590453709708663,0.02999759524881617
9875,0.7496439422396383,0.20465774889488292,0.01768135904479046,0.005273829063946467,0.0227431207567419
9876,0.0005251612875772945,0.15463433430249096,0.16882445782883376,0.0010476808542753172,0.6749683657268226
9877,0.28207754235790544,0.004478265608041619,0.007027381908544467,0.5701407034502753,0.13627610667523313
9878,0.15278866481193404,0.004116078710420288,0.07356369179570708,0.738702131364982,0.030829433316956673
9879,0.2434439086068075,0.007000861236387714,0.02301740408537415,0.5470309648493559,0.17950686122207485
9880,0.4439155637133815,0.20484781366386284,0.1286110420293403,0.1528877604693749,0.0697378201240405
9881,0.6744365195655014,0.011382405605417721,0.00519136569186178,0.17342557399604033,0.13556413514117868
9882,0.47540312746593294,0.005136070946803622,0.014826305648003454,0.4044510328872408,0.10018346305201929
9883,0.00029709871116925476,0.41686550760682944,0.034322194018738025,0.00014463935949108014,0.5483705603037721
9884,0.8091173058404021,0.024799818523845194,0.10943102347006933,0.010956691400318066,0.04569516076536522
9885,0.5401694275834992,0.0049471666629778525,0.002258408371182459,0.2289033116553245,0.2237216857270159
9886,0.03711842309555019,0.04305348104487676,0.07005190535168238,0.05329458272316945,0.7964816077847212
9887,0.03135658632524065,0.08766035444876676,0.29178999508889425,0.1303400689021326,0.45885299523496575
9888,0.8153642329160584,0.06837055700461699,0.03883356493104134,0.030688778727788,0.04674286642049516
9889,0.0005375027484315964,0.08326282151918227,0.6783635035272753,0.01983401316109611,0.2180021590440149
9890,0.2860627174074555,0.0069009149468167155,0.02985415042867152,0.6397884590946729,0.03739375812238352
9891,0.5712483848658104,0.015126308124899871,0.06813691237170516,0.23234100663373278,0.1131473880038516
9892,0.40249802944623486,0.005981854066521616,0.00868388465796687,0.4523378870883832,0.13049834474089334
9893,0.1356918565967729,0.009077899638674178,0.015229325934414645,0.7152568354955385,0.12474408233459987
9894,0.000443679742046252,0.2791580901007444,0.20429537985206428,0.00201404285417587,0.5140888074509692
9895,0.0004469692843123034,0.2928001108166694,0.2588763519189919,0.001370642289085864,0.44650592569094066
9896,0.3064838371798391,0.10174701284981195,0.3529261323711186,0.04621674586440675,0.19262627173482363
9897,0.017298899824488914,0.04507309591274122,0.6323623224887035,0.018660595434666267,0.2866050863394
9898,0.39149374019355726,0.0061031370919388955,0.008851389667875518,0.2262593690704792,0.3672923639761492
9899,0.9862143470753093,0.0036394667889998204,0.002585316664330338,0.0027518259858942207,0.004809043485466278
9900,0.1380943417735034,0.007448578880493771,0.019467157113948162,0.7110963406188191,0.12389358161323553
9901,0.3709468071350475,0.0296572562745532,0.09329451298041874,0.35689006296180126,0.14921136064817928
9902,0.48284596354675074,0.007196997694819449,0.00858690848494325,0.2088429649100208,0.2925271653634656
9903,0.0038687152758703843,0.3220594899695865,0.5390581210762322,0.006617516336714246,0.12839615734159673
9904,0.024996918260669937,0.0203333430628413,0.042643130858988694,0.5748799573177631,0.3371466504997371
9905,0.042034027649883836,0.03919936747214164,0.0378318891877507,0.5948000515184275,0.2861346641717962
9906,0.5200548581258656,0.05714511180997888,0.03170448796426892,0.05287855740325712,0.3382169846966296
9907,5.899430123828985e-05,0.8185520753526858,0.06418401819119374,0.0003307138424482791,0.11687419831243388
9908,0.027594711799061762,0.03520196738607614,0.02443704886088788,0.40884725039900166,0.5039190215549726
9909,0.04904117088564076,0.13842854473362626,0.20518487289031515,0.14953616587491106,0.4578092456155068
9910,0.018730738462521886,0.016505944843041197,0.08710607225853537,0.7633028903239217,0.11435435411197974
9911,0.35606329500773676,0.03914780446147404,0.06030380096639225,0.3347260844069215,0.20975901515747553
9912,0.009611890437291227,0.10956494848951567,0.63265842844682,0.017804463101331502,0.2303602695250416
9913,0.3813192730025247,0.005250042336814197,0.0222313564735357,0.5065266662950679,0.08467266189205741
9914,0.012402884716718248,0.033585025064792565,0.04817432845922953,0.5746226241299681,0.33121513762929167
9915,0.9213260739067465,0.007043820053464977,0.012272522937730602,0.016657430582110395,0.04270015251994727
9916,0.01612547949435203,0.010288327369707351,0.13150290984758337,0.6782547831682827,0.1638285001200747
9917,0.20741296426979033,0.1914122895115522,0.21825112110890268,0.016687337260862183,0.3662362878488927
9918,0.2966008498869085,0.010066208802555219,0.021686263825594684,0.4998890477175155,0.17175762976742606
9919,0.43221368862948,0.004423269285989434,0.01195354568991985,0.4025691991700463,0.14884029722456452
9920,0.6226624378347655,0.003072157445680403,0.005705770851578272,0.13557880690963237,0.23298082695834352
9921,0.32115608815734703,0.004595478080077488,0.0441834028800302,0.39045684846884376,0.23960818241370146
9922,6.482973200430919e-05,0.1644765808332169,0.20065290016716503,0.0008351767708642516,0.6339705124967495
9923,0.020073120942248425,0.2078494300908784,0.07971892266993252,0.015309273379055445,0.6770492529178852
9924,0.23605557629821186,0.07430108578792755,0.114008636786427,0.392521613237003,0.18311308789043063
9925,0.004357300398778178,0.013103182206438503,0.0751516999991873,0.6880681488438384,0.21931966855175758
9926,0.7820038703583654,0.010613766039407094,0.0046412790724590924,0.013888305244105248,0.18885277928566319
9927,0.33123025631746117,0.027908688308353805,0.3462837714135457,0.06630670918225252,0.2282705747783867
9928,0.07110054728710012,0.42477019831369034,0.22487889398307578,0.008786346217917887,0.2704640141982159
9929,0.0712487873241092,0.09206257372778277,0.26175854417846106,0.051331215754241905,0.523598879015405
9930,0.04009495959463245,0.676492575764319,0.1469436975223274,0.02244058395395155,0.11402818316476959
9931,0.20828957694216707,0.0032926163657252356,0.02207653629919932,0.7222626366604797,0.04407863373242869
9932,0.3073043301160771,0.0049245542267153984,0.013995756487389873,0.6266819218787514,0.047093437291066215
9933,0.3382820343707418,0.007591413552624424,0.02770621570002454,0.41037446091175883,0.21604587546485046
9934,0.08135777342019454,0.033167290800147145,0.044562343534362635,0.6425974326775413,0.19831515956775422
9935,0.31953236949574465,0.04591282078230283,0.07440142320941312,0.23273567463268108,0.3274177118798584
9936,0.38321189327581673,0.004001792266308353,0.03432104364818104,0.5368695819822656,0.04159568882742823
9937,0.016796203185688186,0.1286256414625107,0.6571661650161252,0.001418414908524921,0.19599357542715085
9938,0.769142253069422,0.014480058675290782,0.008873551444324328,0.02648690475246966,0.18101723205849324
9939,0.4037093177905699,0.003613578137159483,0.011459063469783272,0.22389670146160695,0.3573213391408803
9940,0.668355225308308,0.01895547733102608,0.0647594117418999,0.13854966700720028,0.1093802186115658
9941,0.2991765836681536,0.01689941340723831,0.07175357180512984,0.43788523116229033,0.17428519995718808
9942,0.00782667664263535,0.4298649727608559,0.4946447938528859,0.00589934352164015,0.0617642132219825
9943,0.2850692121194282,0.00772907480723383,0.021212201686666213,0.4897048656576441,0.1962846457290276
9944,0.9302549556513849,0.009597784550075416,0.04407460682068789,0.00465459565432544,0.011418057323526404
9945,0.6838873841119479,0.00653658058972296,0.004996430792424887,0.13971968686909608,0.16485991763680793
9946,0.2601796331685584,0.006570390233080624,0.04110568486778897,0.5205941807455156,0.17155011098505646
9947,0.5851741381840354,0.13001704944136017,0.21801398302765632,0.016084939251973535,0.05070989009497449
9948,0.5968642090545307,0.04063420318514693,0.06305804196538448,0.12968318793834704,0.1697603578565908
9949,0.19813997042922007,0.004841541743230641,0.04208077573302608,0.5655078571448267,0.18942985494969655
9950,0.003119521504076796,0.19927457157819703,0.26891782030356337,0.0033836239258102797,0.5253044626883526
9951,0.20480366587901327,0.027944208529370147,0.10271448654498132,0.3658149338144465,0.29872270523218875
9952,0.33589952200942563,0.02180792506851726,0.08749090872876121,0.2238422702574938,0.33095937393580205
9953,0.7289272585865165,0.012019925817456336,0.002805316946177151,0.12427394708089644,0.13197355156895346
9954,0.6906488382900878,0.008501175335469789,0.0036524430803537436,0.2391296315949207,0.05806791169916801
9955,0.7993768314542496,0.09142872120312376,0.03437138669090922,0.028654975601415066,0.04616808505030226
9956,0.20530453385200573,0.007183332508151618,0.03377995506737982,0.5136760714009445,0.24005610717151826
9957,0.06893916340390051,0.5722043865008274,0.21231074567578792,0.005871270789376981,0.1406744336301071
9958,0.24811974350730606,0.06182101092745583,0.0897345428634174,0.4510001638645926,0.1493245388372282
9959,0.1554810151430397,0.004880474683778382,0.028787447101614523,0.6571708407737595,0.15368022229780787
9960,0.7249101742747156,0.004070670577798132,0.0030921252323295317,0.07431635273228908,0.19361067718286762
9961,0.38873527093078053,0.014817902878267092,0.010432344447329652,0.3224234250966305,0.26359105664699206
9962,0.5183525930902084,0.03179916657538803,0.05914702261131535,0.10607584297920727,0.284625374743881
9963,0.8421487584862472,0.007812993970692194,0.10599215955407792,0.008977038309738462,0.035069049679244166
9964,0.37715059197093476,0.00466032047236156,0.015227671688670702,0.553805114165229,0.049156301702803884
9965,0.8449410639094237,0.011545059452090653,0.009234301635669066,0.024468017688843137,0.10981155731397338
9966,0.5813463455730505,0.020116009758114936,0.22752385353901183,0.010908204873004639,0.16010558625681812
9967,0.01803977856640858,0.4205357304745664,0.4839545756508093,0.00144299232602823,0.07602692298218754
9968,0.984078718253864,0.0028007915026876345,0.0031936761400797814,0.0030837188556763814,0.0068430952476921676
9969,0.07896471566059533,0.03217455308940642,0.014666754858201693,0.13157964219066978,0.7426143342011267
9970,3.3202821140849345e-05,0.6204643522740506,0.10313281956871338,0.0006093933340692109,0.2757602320020259
9971,0.2649085983831683,0.030875683709607315,0.22764801544289992,0.25698557272435174,0.21958212973997268
9972,0.36760674629363216,0.009496752739290034,0.01260827186434724,0.2540358874861805,0.3562523416165501
9973,0.5111008238547038,0.003679959847501277,0.006807956920237056,0.1932728219130853,0.28513843746447254
9974,0.29937823586024725,0.005317065969357161,0.014413065420162397,0.6407428296984375,0.04014880305179563
9975,0.0005877296035605525,0.1416220884020604,0.13964214429350663,0.0009358470760440324,0.7172121906248283
9976,0.03987835257590215,0.031088978830913994,0.08342054013813188,0.036716182707652784,0.8088959457473992
9977,4.844212384735322e-05,0.4062597284302633,0.14919553793665052,0.0008053316610762023,0.4436909598481628
9978,0.06162211607450729,0.18543964094998858,0.4908725441462296,0.0857595189032599,0.17630617992601466
9979,0.040979023768973194,0.019548375668265585,0.0678290760542761,0.03030360162873797,0.8413399228797471
9980,0.5711857247781006,0.009265500343649712,0.07046388880740759,0.1283138625362543,0.2207710235345876
9981,0.22613628342284578,0.0024570653882413965,0.030800899971043752,0.4802364700466313,0.26036928117123775
9982,0.19740191572534244,0.009410578257918672,0.026502815635560086,0.5422712139688604,0.22441347641231846
9983,0.7909548682666212,0.14799018973886413,0.025241550427784223,0.006971587756646585,0.028841803810084006
9984,0.21504279551546607,0.008445578045015006,0.038658948490743236,0.6141268948354361,0.12372578311333952
9985,0.8206348992380487,0.007066457175915121,0.0020287119837320545,0.06510199212954466,0.10516793947275956
9986,0.008145901520045698,0.004031121629962359,0.12282959543188143,0.6262986305420402,0.23869475087607037
9987,0.2728732174546077,0.006112682094581936,0.03566346785417269,0.5523844473273499,0.13296618526928775
9988,0.3971341100008624,0.009613810990414343,0.02606522403009142,0.46027077573849023,0.10691607924014161
9989,0.6667671957922601,0.009519451880202406,0.00582161941147184,0.26966270825909117,0.048229024656974526
9990,0.17212802054347612,0.039178766460351136,0.07059952806838543,0.6417683120388072,0.07632537288898013
9991,0.45303816013160564,0.005279811731524874,0.008811443824290222,0.3131058897862085,0.2197646945263709
9992,0.004679786302100734,0.020647835209406187,0.6328710916591073,0.006743020235448537,0.33505826659393717
9993,0.018773129460882085,0.023278776725396872,0.08584772648681856,0.47803424241562403,0.3940661249112784
9994,0.7878478744908585,0.0037958621135722177,0.0023555876477770158,0.11317648017539034,0.09282419557240205
9995,0.797048132206582,0.007618048870710726,0.024341640667632128,0.13828343573911286,0.032708742515962154
9996,0.6352711817425555,0.010560658711235087,0.010044799056906474,0.19557444025587745,0.14854892023342547
9997,0.2599700076801858,0.007184008829464288,0.03279761060010466,0.6512529500973276,0.048795422792917646
9998,0.7438987165384982,0.005684222674804666,0.0014110116821108747,0.19546896102277272,0.05353708808181348
9999,0.3252316353192651,0.00493065023890418,0.019093473194532175,0.5875544693380882,0.06318977190921046
10000,0.13326404680655424,0.2155147998568661,0.049348267020988185,0.07419118624122614,0.5276817000743653
10001,0.75885821685458,0.016761066973185763,0.0338198387113653,0.04680115754034463,0.14375971992052433
10002,0.3517121503606809,0.021467549875407377,0.17848060117610495,0.3141381818978234,0.13420151668998345
10003,0.0003945009969595303,0.3069457234121439,0.2371532915269568,0.0018826878381523829,0.4536237962257872
10004,0.23947633264879928,0.28546432910558667,0.3776259268484621,0.01977532055233118,0.07765809084482067
10005,0.2741133517170136,0.008004802661475354,0.02542888397438135,0.6510677185848196,0.0413852430623099
10006,0.9795783218747138,0.0042273868697697324,0.00423691481816613,0.006777615287792685,0.005179761149557445
10007,0.05440317892374759,0.009135519409351794,0.023411970041837097,0.355975577888013,0.5570737537370506
10008,0.2513448560982732,0.0160225536592673,0.15671483145861548,0.11994918099691024,0.4559685777869338
10009,0.009078710267900043,0.021372805928767488,0.14465877572474461,0.4609779791376282,0.36391172894095963
10010,0.0003066007739422563,0.433598673015139,0.19318304034627112,0.002744754183325677,0.37016693168132186
10011,0.2913029509570911,0.0035900380366601634,0.03268040585370968,0.41410288491773173,0.2583237202348072
10012,0.21918359877776736,0.008547110929167363,0.08104013403931458,0.4767247570673491,0.2145043991864016
10013,0.8564861113792848,0.010721920960201544,0.09684726614758939,0.008162005420769163,0.02778269609215508
10014,0.12024984736584644,0.40468689981178146,0.2243797442191154,0.014566509656872602,0.23611699894638402
10015,0.5157648752838317,0.22345708856651264,0.19876166992423208,0.0030639901791758325,0.05895237604624776
10016,0.027939131485452073,0.23662293893496653,0.6185260345036995,0.0022076487609516975,0.11470424631493031
10017,0.2645727532388537,0.0477562052595692,0.024304019299151998,0.6160785820602017,0.04728844014222335
10018,0.02024238852760072,0.02683823261463328,0.10547567599189159,0.5509234055647323,0.2965202973011421
10019,0.017232368778948823,0.018706118777329535,0.129877798130122,0.6768982658576619,0.15728544845593773
10020,0.28412260302678166,0.004239816250987157,0.04357802375136032,0.5045616253828614,0.16349793158800935
10021,0.6219248861910257,0.04304773082271379,0.057972158664626176,0.11073456965275733,0.1663206546688769
10022,0.002469739932880566,0.7090261294180668,0.03418361942544837,0.004016204718570405,0.25030430650503394
10023,0.20212360578185548,0.003945251445827653,0.047040025547459556,0.5806122102475493,0.16627890697730804
10024,0.984242769193377,0.002389020737118125,0.003947247463230098,0.00544338562514426,0.003977576981130483
10025,0.5111560898597075,0.02672872348513202,0.053810010375866246,0.26033473094769355,0.14797044533160075
10026,0.21790220216858736,0.08104004172600245,0.09932923469290043,0.38587919336989335,0.2158493280426165
10027,0.8533951913966428,0.059185038661520535,0.030160594356573107,0.022209310643257554,0.03504986494200607
10028,0.3501483509150343,0.003940292349051916,0.011272050620390977,0.6016336415199746,0.03300566459554832
10029,0.37165733529994216,0.006058821638552491,0.02992015875404437,0.4789256806673301,0.11343800364013094
10030,0.9371566736546179,0.007976859745558463,0.011018937954134389,0.010962158458793015,0.03288537018689617
10031,0.02305752555255846,0.3173515799671718,0.5197871468122419,0.0018321522555204996,0.13797159541250728
10032,0.44618235941380474,0.007969797424484235,0.007355210899145361,0.4092740766411177,0.12921855562144788
10033,0.2836744208744591,0.04075170184482413,0.07146559095364703,0.36067984281241156,0.2434284435146583
10034,0.0553255911247054,0.7763029043272636,0.10836852811339871,0.002045658862739356,0.05795731757189292
10035,0.6578142629157159,0.020315770418624833,0.05281661967433202,0.07417675968686181,0.19487658730446525
10036,0.7618374096741422,0.19439499654184786,0.017897409768866123,0.004060733501058711,0.021809450514085147
10037,0.008844846128192762,0.00854908672102484,0.16139064687047086,0.7945610272105749,0.026654393069736562
10038,0.22491453368762931,0.008388718226454662,0.027352627915196798,0.5042691622199077,0.23507495795081138
10039,0.0011659222049740829,0.4782754578076021,0.20899345154423418,0.0011448052398931917,0.31042036320329647
10040,0.3510400030566078,0.0054713990997119575,0.027493681172855635,0.40368307955480237,0.2123118371160222
10041,0.9381998318140335,0.006524290567521172,0.01258643723357148,0.007397222793278015,0.03529221759159594
10042,0.02765070376598541,0.07624021812566029,0.051766298862135185,0.04836014270353543,0.7959826365426836
10043,0.14553239077402738,0.004670103599379811,0.02793006773946253,0.7032891781865667,0.11857825970056368
10044,0.4378005942152486,0.08854983597092617,0.1968149049973631,0.01437634234106006,0.262458322475402
10045,0.00027223433718575696,0.6008636791716974,0.11097207497261548,0.0004010112654897105,0.2874910002530118
10046,0.8155541303481932,0.004545095655384501,0.0028831389732655427,0.13001358381133507,0.04700405121182166
10047,0.5402474231347094,0.07103129286119829,0.056236219025860415,0.2286974701999418,0.10378759477829007
10048,0.2599745185568964,0.008906650776958335,0.011506270639184085,0.5198779757996133,0.19973458422734783
10049,0.5673029943147733,0.006358594888079204,0.0019249020207514063,0.38624861360600327,0.03816489517039287
10050,0.3267332869055899,0.005785596965753456,0.024349581852415564,0.5808304785348619,0.06230105574137926
10051,0.3224828372205176,0.00205253650634266,0.015843664563646772,0.46401340380290407,0.19560755790658899
10052,0.028709480930662785,0.053875473972100865,0.7434797634893251,0.05430006426898797,0.11963521733892327
10053,0.0019860712324335063,0.09471405320441441,0.6714586720639767,0.015770753950973222,0.2160704495482023
10054,0.944071132594717,0.00882071727006597,0.00798238534985476,0.007261726316485049,0.031864038468877275
10055,0.9498208676831766,0.005721188583855955,0.010549914463575557,0.00784502225027332,0.026063007019118477
10056,0.5630145030049776,0.14902765162910714,0.053491187125995474,0.11456457540015955,0.11990208283976037
10057,0.33910245123344435,0.003995685781434205,0.011698116335994178,0.5810193190166854,0.06418442763244196
10058,0.030874448868094668,0.06417010829210387,0.017188151878704108,0.27339138600997387,0.6143759049511235
10059,0.39547831568628017,0.031902018941427045,0.009527309254030322,0.27560974831332163,0.287482607804941
10060,5.8345842612388674e-05,0.5096381878794007,0.1859468490309199,0.0011101327304197327,0.3032464845166473
10061,0.1135451152009563,0.00748915315557673,0.09237463054222923,0.6337393758319018,0.152851725269336
10062,0.004618268654700151,0.019314102199572268,0.09879156385415432,0.6918514054984433,0.1854246597931301
10063,0.5170471203209934,0.027390261909728778,0.13712348307461816,0.1663172617441289,0.15212187295053087
10064,0.08658277457200607,0.03771314804482309,0.01350412842133193,0.09943720763016106,0.7627627413316778
10065,0.650919807211429,0.01210226273008867,0.019930082420128427,0.028974349442557064,0.28807349819579675
10066,0.1590283918150279,0.010380593964479993,0.04014645919572571,0.5496094510660843,0.24083510395868213
10067,0.0002418740159291338,0.46543910672540556,0.16713681875740105,0.0022080275614589835,0.3649741729398052
10068,0.4152353272913225,0.005434536125637268,0.01266548315520194,0.38810032176603887,0.17856433166179947
10069,0.6979894618094944,0.010639895374845559,0.03582048083811171,0.22989201938485238,0.025658142592696043
10070,0.00016764407171132855,0.4850306519347291,0.20374562884075353,0.0012513317977630874,0.30980474335504293
10071,0.043686350579464316,0.5893622951614526,0.31533646265433457,0.0011725756222928149,0.05044231598245593
10072,0.2976317722767151,0.006524205416664347,0.04066788662859032,0.553399207261929,0.10177692841610118
10073,0.9695257417443561,0.005025992768692931,0.006160056689093455,0.009853984840729068,0.009434223957128372
10074,0.5391247055195473,0.038045597355232226,0.04042727724913738,0.08105145863314107,0.3013509612429421
10075,0.0064818799657328,0.08376916081647925,0.7253051650502633,0.020418220922242793,0.16402557324528177
10076,0.6053081494360228,0.006528611506101245,0.005720838405881566,0.2756007651875122,0.10684163546448204
10077,0.002157391973895147,0.2746098984645428,0.6106289916053791,0.004127215803488057,0.10847650215269482
10078,0.6667322903218829,0.011694922621369319,0.007685769018255469,0.24131046635706216,0.07257655168143023
10079,0.34526960852807115,0.008079132362092565,0.01379721654666394,0.37128108379449115,0.26157295876868114
10080,0.0003849898453822552,0.4385921734245669,0.1323199249344013,0.0007891706126524361,0.4279137411829972
10081,0.22215197187964117,0.011052232820247622,0.04809059913785989,0.4334104447115014,0.28529475145075
10082,0.8318580913710997,0.04385474898266694,0.03798775080427469,0.03675286152052897,0.04954654732142972
10083,0.9588510860810341,0.006757198177014788,0.008176719910868085,0.012814871771382776,0.013400124059700102
10084,0.0009295356117983034,0.3239775801723258,0.23454437582387258,0.003924152041003291,0.43662435635099994
10085,0.5596655839104997,0.006249620939450101,0.007946703447843165,0.2898182187035418,0.13631987299866527
10086,0.3987234575438206,0.003990773097942793,0.012283061444725312,0.3890890193702663,0.19591368854324492
10087,0.9284077820155116,0.010366751204777553,0.013673650455133725,0.00823771778265564,0.03931409854192158
10088,0.7858224147577758,0.0035280669209129057,0.0009848342868077507,0.1376435636908416,0.07202112034366193
10089,0.2589464285151547,0.002966730913984715,0.023604948473935707,0.4953036815316161,0.21917821056530884
10090,0.074568795294514,0.0051794493606019554,0.0427794531943041,0.718674548930642,0.158797753219938
10091,0.2677827705978607,0.005517877714434608,0.014760990850201865,0.6501192348155398,0.06181912602196302
10092,0.3962104997030565,0.0029622439744797866,0.02144617211728501,0.48587560601060165,0.09350547819457702
10093,0.3960330339543106,0.01570072495904865,0.0750865460390729,0.2099049871279805,0.3032747079195873
10094,0.22884244418839864,0.003555546831160229,0.025725188196426566,0.5301489556530944,0.21172786513092012
10095,0.23563436238536928,0.00587481422385147,0.03042534566486682,0.4329159792100776,0.29514949851583483
10096,0.2312872841795304,0.00798739168526037,0.03293436699186185,0.4855961331108332,0.24219482403251427
10097,0.8681765215870351,0.004775884597540519,0.002063096033594729,0.07196704000296984,0.053017457778859904
10098,8.726871485110253e-05,0.09011563254165668,0.1882270635030435,0.000892885943362263,0.7206771492970865
10099,0.029030207259111145,0.043369941265033005,0.045786153468706584,0.19416487847927788,0.6876488195278714
10100,0.23919385619335237,0.008434561494204528,0.023996136688809396,0.48993648892469965,0.23843895669893397
10101,0.27085085418078403,0.0038383136434913126,0.03754078171893215,0.3923581405100719,0.29541190994672056
10102,0.0025427543976325475,0.40757045097200234,0.5086426230097448,0.002964156657087438,0.07828001496353287
10103,0.7166273438638279,0.04473455908251096,0.15923734350705154,0.008345037069731958,0.07105571647687761
10104,0.010662013497836033,0.4162266017582568,0.48940560783966375,0.0013991149383104284,0.08230666196593295
10105,0.38204949383333553,0.3344651479877276,0.1658757855422333,0.012307145544259565,0.10530242709244396
10106,0.8615681069821691,0.017595171936292037,0.022790793617099927,0.018729032794338407,0.07931689467010034
10107,0.022073543107576657,0.036611534432729236,0.04192074172824627,0.4368159761964839,0.4625782045349639
10108,0.45543063208988305,0.03190796298104511,0.03535146267126098,0.04362679779243717,0.43368314446537376
10109,0.3743685355226877,0.004379263246522192,0.018995530839137652,0.5656904269228861,0.03656624346876656
10110,0.018565476442881056,0.03032303625450853,0.08828307281515323,0.6013730077547677,0.2614554067326895
10111,0.502225109952292,0.03734035359676429,0.1256050622765655,0.17297384337769556,0.16185563079668278
10112,0.9472237932125741,0.004538060666673611,0.010027540472327897,0.017389099219582586,0.020821506428841705
10113,0.0019355376802231408,0.3538533804970773,0.5473865058410522,0.0027532733513264437,0.09407130263032092
10114,0.8254423109224289,0.018684421827262095,0.09624762372779125,0.016918682667925577,0.0427069608545923
10115,0.018533346627927817,0.40541004036090683,0.2898323830671358,0.056308588499510405,0.2299156414445191
10116,0.0023857969770561638,0.05206030691724956,0.5790758928145877,0.005444214903999584,0.361033788387107
10117,0.95363906720202,0.004464967229093035,0.007779360108483246,0.006094348716734851,0.02802225674366868
10118,0.6911394029144309,0.007704934682384818,0.0037470210906834344,0.23929948424852554,0.05810915706397542
10119,0.6935106016142588,0.03328982076032805,0.18370320484763622,0.01405398618160782,0.07544238659616925
10120,0.7924415024513412,0.015119043466655714,0.023870887724656478,0.13896961637975017,0.02959894997759671
10121,0.4925893289062206,0.04453296274520318,0.10823161208408061,0.18736000338295944,0.16728609288153612
10122,0.004456547764029789,0.014507311806229904,0.11231279662986016,0.6353096259451302,0.23341371785474999
10123,0.5513669141569909,0.022579530060012187,0.2793458494265528,0.08180649660544717,0.06490120975099695
10124,0.3827426937013221,0.006933393701966092,0.014469675089708603,0.4244146316664287,0.17143960584057455
10125,0.9052095175375842,0.01670429105393842,0.018974993358604243,0.017555461759935838,0.041555736289937216
10126,0.003260471254027783,0.28402438949848235,0.018872873383624512,0.05586501315037195,0.6379772527134935
10127,0.9294125861735624,0.01171097743398177,0.0024666306730758442,0.011964532395173233,0.044445273324206835
10128,0.012907844492341914,0.011128554476510902,0.10569406798917991,0.47171966587509595,0.3985498671668713
10129,0.0013236562974034164,0.2348856591402445,0.13798363316684814,0.0010320482960543512,0.6247750030994496
10130,0.052779388374069466,0.027778915228274394,0.022579357319297277,0.23656967155393502,0.660292667524424
10131,0.4945061603875724,0.08340976981407235,0.2798729193503045,0.01103918709811466,0.13117196334993597
10132,0.278985920635657,0.09162740279771898,0.0930757359849464,0.3534928974639331,0.18281804311774472
10133,0.016148855488226192,0.014288485404425781,0.49715148446897556,0.08339811785440669,0.3890130567839657
10134,0.8798619834622717,0.00954816196790172,0.004565256781591477,0.01575632393825951,0.09026827384997567
10135,0.7683230330699062,0.006402950824159567,0.001172758296420174,0.17329483417949318,0.05080642363002093
10136,0.257216395840287,0.006165973469826165,0.02826052926581521,0.45790276415596726,0.25045433726810445
10137,0.2560742146509458,0.006832455045842255,0.03301982484849366,0.6481723531548653,0.05590115229985292
10138,0.0035875847799220015,0.2797296768508445,0.6275329970169938,0.005762000378165152,0.08338774097407457
10139,0.12708680740527414,0.005746109420931108,0.03313676709724833,0.630334869592531,0.2036954464840154
10140,0.2552370088284987,0.03628192077983666,0.22231773920701023,0.3018188957426001,0.1843444354420543
10141,0.003977203844795337,0.347902500725759,0.5363093160865593,0.006849015852115914,0.10496196349077042
10142,0.8133733832236612,0.006917699624211722,0.0017088683710632395,0.1099537666802922,0.0680462821007717
10143,0.21328003647176488,0.5439723063181371,0.1450588095256058,0.0041641896730178546,0.09352465801147443
10144,0.429163677281415,0.03074970986759796,0.1288269129148048,0.18246928271638646,0.22879041721979565
10145,0.010726375878874083,0.16150934751507828,0.1531023628969049,0.14906517372922365,0.5255967399799191
10146,0.12300349189252435,0.005384159933187134,0.02561955224324092,0.7658418370278349,0.08015095890321261
10147,0.014705065472383391,0.6776747549864016,0.14805306887857858,0.026096355913808184,0.13347075474882822
10148,0.7961724410875572,0.012127605946060192,0.0013797238101802523,0.12980268864056463,0.06051754051563781
10149,0.7351098228847974,0.010214965255184194,0.003952220944075804,0.013525977347552258,0.23719701356839037
10150,0.013785734223218616,0.012306330431323575,0.30175425575991704,0.08094336904502179,0.591210310540519
10151,0.00040872577334948815,0.19725510427668974,0.263295077433672,0.0019490290186625146,0.5370920634976263
10152,0.030657091318962233,0.2189844747715902,0.6152009799484588,0.0011915392968765734,0.13396591466411215
10153,0.9141778522220797,0.012999415371788682,0.01243542760726129,0.01485622205040896,0.045531082748461196
10154,0.3109588511676226,0.02063639022048053,0.1401130825759251,0.23289525967490912,0.2953964163610625
10155,0.9342757274751776,0.0028905114449820878,0.009701602032804684,0.034239630318726004,0.018892528728309266
10156,0.3014059560646997,0.002546844721565618,0.014849767173847173,0.6107123102662978,0.07048512177358965
10157,0.8402126429357533,0.0053117437088338725,0.0010588857617385926,0.10906043723669956,0.044356290356974526
10158,0.7562446453064244,0.010746216014609261,0.028071881184153637,0.16721605594852101,0.037721201546291785
10159,0.827408899609222,0.062344379663528224,0.024146597652953836,0.009666164431382707,0.07643395864291341
10160,0.3929469147214937,0.004368143239198407,0.030809771265497457,0.5307533561169968,0.04112181465681374
10161,0.0006191855005555346,0.39527218775743916,0.5317057245117214,0.001658057881713949,0.07074484434856988
10162,0.7564499493389114,0.01790825161860939,0.15203110464245936,0.006189707046065977,0.06742098735395381
10163,0.15657285044596106,0.002686191193156921,0.032901526640171715,0.593534501972646,0.2143049297480642
10164,0.49384437413910864,0.008734676206688993,0.03043266155317705,0.4276595001541933,0.0393287879468319
10165,0.7287449382065355,0.07397573922107437,0.053851700177074795,0.015362018100977856,0.12806560429433744
10166,0.004193272302490654,0.5448737128468052,0.3911305247196476,0.0009204899218526348,0.05888200020920394
10167,0.009112151529798548,0.021418448423101002,0.10872854537966892,0.5525689209240466,0.3081719337433848
10168,0.0005126418676338954,0.31082792197082926,0.18411351223979064,0.0011575344740752012,0.503388389447671
10169,0.5682979742588624,0.028803405466951627,0.037507043356256424,0.08679934710103557,0.2785922298168939
10170,0.46364310126598623,0.08551974043226804,0.06517728415908687,0.16693741057915099,0.21872246356350797
10171,0.0016465514493416169,0.15201762557117518,0.15076133870251654,0.001184305123786148,0.6943901791531805
10172,0.12020481626775485,0.03082361251513741,0.3494965342000403,0.08697599107779729,0.41249904593927
10173,0.8734548437753261,0.007450616819634851,0.0014858674522485432,0.08777547337676345,0.029833198576027033
10174,0.05383159042663507,0.084238785638156,0.0820363510942202,0.034113896817807174,0.7457793760231816
10175,0.14704376373663164,0.31765680823669384,0.22551988231060563,0.017918229285563147,0.2918613164305057
10176,0.00038702393935211585,0.11368636992921942,0.11720479093208488,0.0008805575182886256,0.767841257681055
10177,0.11381523059293118,0.09343554002830486,0.5560345333856146,0.0034395894538087374,0.2332751065393406
10178,0.4328453767103889,0.0014217738623120094,0.01880564060381755,0.506504334939215,0.04042287388426647
10179,0.017277837294821786,0.020529554028113246,0.7464314804693991,0.031375983435087185,0.18438514477257859
10180,0.007428264797381697,0.06873093115661376,0.6788828662898498,0.0249988169693314,0.21995912078682342
10181,0.6323568305603837,0.00498719238728475,0.007055285108081883,0.22779485693810067,0.1278058350061491
10182,0.6433124613193519,0.010794279440770336,0.004870668513254352,0.2446187003115404,0.09640389041508274
10183,0.31259888366134236,0.007882225427639741,0.01623318579496481,0.5862341214692389,0.07705158364681414
10184,0.4162805132830005,0.004318193133697077,0.02264476475448401,0.5080146043218686,0.048741924506949814
10185,0.031455409445858847,0.08896313883018053,0.0742783882232809,0.04258309257763776,0.762719970923042
10186,0.3236165350523286,0.36300037452652073,0.14024528480601295,0.10837926972979348,0.06475853588534432
10187,0.9437053581419134,0.027931182497559298,0.010597875442793937,0.005075186592834177,0.012690397324899126
10188,0.4157086627530565,0.008256308298885367,0.08414471528397706,0.39743991631087633,0.09445039735320471
10189,0.9554313866661367,0.00875431544040433,0.009363914372348544,0.01497906187103398,0.01147132165007653
10190,0.0058680632337894485,0.2753706366453727,0.5930397357093757,0.00238086199042385,0.12334070242103831
10191,0.8467871396825116,0.019231235005317617,0.08525813133298935,0.007467420503099897,0.041256073476081595
10192,0.0001415056153875345,0.878658404456274,0.04589073155153235,0.0001679943578800249,0.07514136401892606
10193,0.16078033873588485,0.005007786217420108,0.01306377487554576,0.724576017891823,0.09657208227932619
10194,0.6385025130425469,0.026046602708271117,0.034761202856117356,0.09206019643466323,0.20862948495840147
10195,0.15382303691416804,0.005616861397679633,0.06560267918221438,0.5552586082981654,0.21969881420777268
10196,0.31834961987170046,0.006414176112980859,0.02263002961896034,0.5959862242102852,0.05661995018607291
10197,0.0003704159357068379,0.09510560481142817,0.13424132540246037,0.0007896765312192758,0.7694929773191853
10198,0.02023466468981231,0.006637432958000144,0.08274033098302769,0.46841682502442344,0.42197074634473636
10199,0.4006653020694388,0.01738360205622271,0.07542483774342444,0.19967769109021954,0.30684856704069463
10200,0.2569730238026348,0.002241096563738066,0.029980296020418504,0.6407662269723572,0.07003935664085141
10201,0.4303892573592638,0.18242773691426942,0.09420967327207941,0.11855685433205677,0.17441647812233058
10202,0.02838037249454505,0.02271632949463261,0.047803680612996786,0.03160598008192893,0.8694936373158966
10203,0.2148213132880917,0.022660100748599515,0.04191619822241663,0.4805656211048307,0.24003676663606155
10204,0.8394246041145013,0.009031785512093937,0.0006738298084082265,0.10481192707260738,0.04605785349238916
10205,0.2595201402041295,0.004612522645881488,0.02781556039239881,0.6317223892512451,0.07632938750634516
10206,0.6455207976914538,0.01260078880837475,0.005924619298502469,0.23639254698742038,0.09956124721424854
10207,0.2935793081193038,0.009004922736705664,0.02232896602690241,0.41363756376489796,0.26144923935219017
10208,0.0006795440368861692,0.20300421019184178,0.12183670765471954,0.0008899173570044191,0.6735896207595482
10209,0.01603513779934934,0.012535869826300235,0.039486231577829815,0.3775585781591655,0.5543841826373551
10210,0.007399572130588694,0.4268389557091986,0.49116276187642843,0.006004712619205258,0.06859399766457897
10211,0.2229658241319197,0.010654181812287335,0.050128701623691665,0.4674064593555298,0.2488448330765715
10212,0.6197819936782532,0.01814695554934844,0.0743615014822182,0.19399121808797146,0.09371833120220878
10213,0.5292408030900594,0.02715697988805498,0.27345178566311534,0.05418861128586745,0.11596182007290284
10214,0.25394247514236035,0.0031146073240968892,0.038732548237568214,0.5117596145862021,0.19245075470977244
10215,0.19713288062501289,0.014658147741614346,0.14946883102283204,0.5671242355111351,0.0716159050994057
10216,0.31454489025850035,0.041868276147668936,0.08769783998883346,0.23013547213678956,0.32575352146820763
10217,0.2541698526074395,0.016625245357968194,0.09334027054227832,0.335267402037849,0.30059722945446493
10218,6.201151334266292e-05,0.18185853266192142,0.16975768994614363,0.0011809923564732273,0.6471407735221191
10219,0.9502288696125926,0.008268889235524723,0.008009264605353665,0.011574876006339935,0.021918100540188994
10220,0.45650101716817143,0.0043697565462479365,0.0028993281401961594,0.45704958949886987,0.07918030864651482
10221,0.945499612022258,0.009270867174507598,0.008148156060102038,0.015958819282941922,0.021122545460190455
10222,3.0094751323656088e-05,0.4294386785808526,0.035404854958485533,0.00012560904443518282,0.535000762664903
10223,0.009848800327642626,0.021223768122835107,0.0964349293447351,0.587296651469129,0.28519585073565806
10224,0.026763057061561568,0.6009808793536479,0.303309137233439,0.0013396937119342825,0.06760723263941736
10225,0.8629264406698288,0.014663623406800046,0.003931487416479011,0.019277988977454617,0.0992004595294375
10226,0.9223639899219765,0.011745482947823837,0.015652017832833563,0.016100108369033406,0.03413840092833271
10227,0.22276971692011865,0.020242075593924526,0.04653029754293118,0.49678294485110874,0.21367496509191705
10228,0.5734578037393094,0.0033529694923836225,0.013990186956411256,0.3809904655977991,0.028208574214096668
10229,0.01269601974805142,0.2706989068787815,0.6081517094760577,0.0037209533634087475,0.10473241053370046
10230,0.95940576817459,0.009325995218514443,0.007640565653441378,0.008283839522017866,0.015343831431436443
10231,0.9280792068704836,0.006283802638983145,0.014542420166287227,0.015689006655308334,0.03540556366893773
10232,0.0004621049289000814,0.33276479435192297,0.5895992570593597,0.005032537565439336,0.07214130609437791
10233,0.9443928517155243,0.009022085899452794,0.010202527504417198,0.02082578271800947,0.015556752162596055
10234,0.19876241298610792,0.02225728956043481,0.10112725458066042,0.39952973921753016,0.2783233036552667
10235,0.0557155625732469,0.5346415440439081,0.3431218681015061,0.000872048139590591,0.06564897714174824
10236,0.013710193419159912,0.01206617280518365,0.03207391490330898,0.374132860287847,0.5680168585845006
10237,0.3903133664024481,0.0044978912297040955,0.01673985562169615,0.34359559627885844,0.24485329046729326
10238,0.46429618506841275,0.005208222888834956,0.007420711561374365,0.21096896526849082,0.3121059152128871
10239,0.07276819285940037,0.02279987089677714,0.016297168984315845,0.1473808605220385,0.7407539067374682
10240,0.12193419597185079,0.006271873819882563,0.03253854129031996,0.6246668894903364,0.2145884994276101
10241,0.5153514488653111,0.023898649465795285,0.0675904707512105,0.12572621910960835,0.26743321180807483
10242,0.7257610013549788,0.0072110638720061185,0.007791534703127838,0.01582550982494539,0.24341089024494195
10243,0.582981270939298,0.006776674384107339,0.010783874096305521,0.2848176635769739,0.11464051700331519
10244,0.011124541417005933,0.0259037210687942,0.08389424348912351,0.5229853689908021,0.35609212503427423
10245,0.08234532176599925,0.07837430680037534,0.07098429755067334,0.05066725760588538,0.7176288162770668
10246,0.355479597908712,0.0030256123964429154,0.006440017326137332,0.5718399416747377,0.06321483069396996
10247,0.40317568808896787,0.01936851951524389,0.14584406053914542,0.28211630459340586,0.14949542726323684
10248,0.390417526608211,0.0027486716379068192,0.012991634783038032,0.5721258129100117,0.021716354060832607
10249,0.4061888438184181,0.28734994667442965,0.031933821292874864,0.010485609924786409,0.264041778289491
10250,0.340824725866185,0.028979962667725647,0.22482809258814374,0.2593744260276933,0.14599279285025235
10251,0.9730154061996872,0.004206069173328302,0.004796080946937165,0.01132626288777015,0.006656180792277288
10252,0.4392402185181321,0.0038380656009336074,0.015951499568977547,0.34403973992720105,0.1969304763847557
10253,0.3426495296769153,0.0017364784986286953,0.012212958707452677,0.6087432682554368,0.034657764861566354
10254,0.9837787326925685,0.003731417315532101,0.0034584474639783023,0.005396992480542296,0.003634410047378994
10255,0.0028082494546829775,0.035879186635949994,0.5275675536207493,0.01629648196781635,0.4174485283208014
10256,0.18656097927560175,0.0015295589968080186,0.028500413524611388,0.6693214294391806,0.1140876187637984
10257,0.005479269257992233,0.22554902628853227,0.6484190976591075,0.003694772303310611,0.1168578344910575
10258,0.2331762799935661,0.02327443010581398,0.11019665772699666,0.4371394580843554,0.1962131740892678
10259,0.6020613695132977,0.04755042995507457,0.19965306630566998,0.009444595760678907,0.14129053846527884
10260,5.327453031513174e-05,0.5240533705631987,0.3569133776365472,0.0005710176811929403,0.11840895958874602
10261,0.39786880939049246,0.0077031585826061975,0.012551415329566195,0.5018958420734637,0.07998077462387142
10262,0.20739232236082375,0.041463051593931266,0.16766890382320201,0.13977023710614045,0.44370548511590263
10263,0.45289276340697243,0.03584364233434799,0.09193340947734935,0.11726918204304651,0.30206100273828385
10264,0.6401361538766183,0.008452932817787131,0.005277334155829643,0.23789062281516946,0.10824295633459566
10265,0.5050116570215104,0.0048978975198790565,0.008647929795441916,0.4451698627688177,0.03627265289435091
10266,0.3161393195922418,0.016243992753489412,0.02794581739278605,0.44949780923899674,0.19017306102248593
10267,0.312012469422599,0.008133750992584048,0.017240913922386983,0.5586777958980187,0.10393506976441133
10268,0.43946721121628957,0.06206620555151238,0.15580060950933416,0.16748425746160434,0.1751817162612597
10269,0.003453176813407682,0.3766377230026549,0.49923785263277815,0.004965284410575162,0.1157059631405842
10270,0.014350224903637564,0.03404914153435105,0.09394828976640286,0.7304458722119366,0.1272064715836721
10271,0.023524889343132776,0.08148140255571883,0.5330671742315415,0.004748883176491379,0.3571776506931155
10272,4.792616585704544e-05,0.351370881167049,0.04163927559922403,9.539801536221941e-05,0.6068465190525077
10273,0.400600576343507,0.005966631115234686,0.019902888640635143,0.5179857580742152,0.05554414582640792
10274,0.32288513617104025,0.005118727599546048,0.01856209634196539,0.6081270797200782,0.04530696016737008
10275,0.2872087871980473,0.08272275063559818,0.3533156254259113,0.0352849056295311,0.2414679311109122
10276,0.3183747961492612,0.05261018689098585,0.12352788570240163,0.4035721155815778,0.10191501567577359
10277,0.18720215744351162,0.006004661298896693,0.035213055566408046,0.6854713843824679,0.08610874130871556
10278,0.005208824210723053,0.027709935336063873,0.5828649917547669,0.01191218764670269,0.3723040610517434
10279,0.06649308843471104,0.0390242859355106,0.5436223406334338,0.1293738623756334,0.22148642262071103
10280,0.7450592957608573,0.056434519511791764,0.03763674510232365,0.05549803044345268,0.10537140918157459
10281,0.47874774734372344,0.016061725130527227,0.05565502309943351,0.3857372553950171,0.06379824903129866
10282,0.007608828016513307,0.2511592855622406,0.6198452726395269,0.002558993753932029,0.11882762002778718
10283,0.018785594499113652,0.018497037305587164,0.06026556679332819,0.4978129465410324,0.4046388548609387
10284,0.3875754889320606,0.004482017073551044,0.012722985128704081,0.5419807627188078,0.053238746146876396
10285,0.0930240467876213,0.1756761908294785,0.6068474265263056,0.0024006979135355873,0.12205163794305904
10286,0.5373964280819618,0.006383295480247838,0.011781083322894029,0.34447168413579937,0.09996750897909705
10287,0.38424219500326673,0.14703072217305177,0.2099332312969167,0.02278087237960619,0.23601297914715857
10288,0.12047017427678157,0.5223631403704456,0.2268046743673035,0.004161314227204108,0.12620069675826528
10289,0.34712957764951086,0.001706871746659964,0.012560868992407942,0.5625764581540833,0.07602622345733798
10290,0.20317016767724091,0.013265604270503611,0.02577432677328822,0.6914332679104059,0.06635663336856129
10291,0.0019866133810373288,0.3520548939417997,0.5736377317724841,0.004703340897843821,0.06761742000683506
10292,0.057605867832209535,0.47551626676374525,0.11219690294211407,0.06871257029133399,0.2859683921705971
10293,0.7752559512016208,0.007203042275039316,0.028716976710584412,0.1675608593107575,0.0212631705019978
10294,0.08257945497143253,0.26424904588992104,0.5399609446010042,0.0021311513753366922,0.11107940316230548
10295,0.04484861745206565,0.08436929854840679,0.08827813237182369,0.03556912403868535,0.7469348275890185
10296,0.007053115214034793,0.476612053636147,0.4483697079012939,0.005347447227745148,0.06261767602077917
10297,0.7921345000551202,0.007212746584056634,0.002820701314008005,0.13383658951240057,0.06399546253441439
10298,0.9279349752377548,0.009542871603608326,0.010360945998729177,0.02642373944227796,0.02573746771762969
10299,0.3860310727533906,0.18951765279389887,0.21748380010770496,0.008779763240650745,0.19818771110435482
10300,0.8961847831474175,0.008725432540886872,0.06201428840279916,0.004981136538881439,0.028094359370015046
10301,0.47298202905405207,0.00297487417612073,0.011173428811644147,0.41795453535476385,0.09491513260341926
10302,0.8025495192252251,0.009806012849498065,0.004016108402885942,0.10093059169381904,0.08269776782857187
10303,0.1728511743421347,0.004466513837118528,0.04079980194045025,0.5850537516421975,0.19682875823809898
10304,0.025382200228518455,0.013022848492534888,0.01838900131708864,0.6266665611325059,0.31653938882935223
10305,0.1806432891361856,0.007469710485587964,0.02741576110898235,0.6015570774322084,0.18291416183703565
10306,0.001186473238294875,0.5150595970399667,0.17098547404262868,0.0011340654826724136,0.31163439019643724
10307,0.5771248748941367,0.004818286399487097,0.004131230791615063,0.2031361154955981,0.21078949241916317
10308,0.017589050152543834,0.15362607431903427,0.31164140986841943,0.08170961662771123,0.43543384903229126
10309,0.1731893552619804,0.004851066056411237,0.05000051785786483,0.5289032849022846,0.24305577592145886
10310,0.3655248704664304,0.004925118094510497,0.018204319966589246,0.4306405512028357,0.1807051402696342
10311,0.278100528299723,0.0037660679022149114,0.028353608315237748,0.5572010624067945,0.13257873307602988
10312,0.32330028806224287,0.005326513553875288,0.013065514171169494,0.5637367969876177,0.09457088722509453
10313,0.9872114637391636,0.0022993301471320696,0.002367922625072625,0.004486062846253315,0.0036352206423785373
10314,0.2214855719136709,0.006059190747989514,0.032020903083600026,0.5213352870978561,0.2190990471568835
10315,0.42139093576033904,0.009582596857223116,0.012670403515894737,0.25664659558000547,0.29970946828653766
10316,0.21617418511302128,0.019960850490948295,0.02232946558367655,0.6858520126972758,0.055683486115078056
10317,0.8358440975573372,0.009268925740280636,0.022607176851715143,0.06591585264758118,0.06636394720308586
10318,0.0935942560621251,0.38180378270522847,0.19299965758053222,0.008143496029906156,0.3234588076222081
10319,0.019983339423111337,0.024063156823702584,0.07527298401456294,0.7804252804935204,0.10025523924510271
10320,0.3567783238733741,0.020738904153074986,0.0692420337262658,0.08530971454580424,0.4679310237014808
10321,0.003612659164413882,0.33288438026152073,0.26080333401746575,0.0020551973124133325,0.4006444292441862
10322,0.17437942104688903,0.0035539761008584842,0.025555202161431645,0.590611170405743,0.2059002302850778
10323,0.0010929769389615774,0.03554991267868154,0.7195776587314148,0.022900129824787962,0.22087932182615402
10324,0.2500433357180946,0.17893751375707806,0.1116803968857511,0.3184688019017805,0.1408699517372957
10325,0.17549120225215167,0.40389032119613283,0.200355191205113,0.007828169399560214,0.2124351159470422
10326,0.01124055869355603,0.058162124560562405,0.346882329700557,0.07092340856466671,0.5127915784806578
10327,0.300349243297911,0.022200287745988034,0.12751199823528928,0.3499807068381682,0.1999577638826434
10328,0.194104664324887,0.1343944041272375,0.20410758523765068,0.014267779489217229,0.4531255668210075
10329,0.2865020251283927,0.0072856343826271834,0.01853038980787749,0.5188237750021499,0.16885817567895262
10330,0.22404246091463764,0.01162752588925568,0.04851098855018633,0.46086965757246956,0.25494936707345084
10331,0.6615313218094659,0.027464165925343703,0.07142639598934672,0.14190633424300866,0.09767178203283497
10332,0.2762689013690316,0.0038477362747702977,0.02307670381817474,0.40895089166230714,0.2878557668757161
10333,0.7864807260942401,0.008139649417313204,0.011667950750366035,0.031889172402014186,0.16182250133606654
10334,0.24464287877502502,0.0028135004821352064,0.026175121277217207,0.557355786710846,0.1690127127547765
10335,0.5353159380271039,0.002837246220390859,0.008242093292835019,0.3609778796617821,0.09262684279788819
10336,0.20055347258637404,0.008430527014882613,0.028019428559487147,0.7021766235538286,0.0608199482854277
10337,0.6344323155610524,0.015949414071239745,0.03348225861997499,0.24002462078473377,0.07611139096299903
10338,0.291799077064597,0.006530660235695598,0.022799874551569302,0.45517834858646966,0.22369203956166853
10339,0.07870054153183544,0.06670871600390307,0.044945008427139665,0.037332954908981794,0.77231277912814
10340,0.23299673637303256,0.0046704393114945925,0.022582348890690135,0.6015424039119758,0.13820807151280692
10341,0.01891632670107392,0.03609146191571855,0.09223362574681643,0.7126979101822493,0.14006067545414175
10342,0.6151301084207488,0.05882919017881691,0.056733573328555324,0.11047042332274823,0.15883670474913064
10343,0.010669408912942867,0.05432787957447109,0.3968587081138186,0.09649373708895381,0.4416502663098136
10344,0.950950242949829,0.00434466411513429,0.0024152269300766376,0.00796913869160401,0.03432072731335606
10345,0.33342906495904123,0.005206044993555126,0.024479892657662948,0.5907738616906527,0.04611113569908795
10346,0.8006823089149201,0.015475085465109178,0.027078384267764447,0.03088279106105035,0.12588143029115578
10347,0.0374285004417045,0.21346508099378766,0.5806416311011021,0.0026874543146656812,0.16577733314873996
10348,0.9865828674333584,0.0021559091819974715,0.002579629172975082,0.004456349002028327,0.004225245209640649
10349,0.0006031487624147368,0.10886244145958925,0.1374124226730809,0.000884286252779312,0.7522377008521358
10350,0.7824986342189918,0.05874038633206701,0.08087168338668106,0.012114245418182299,0.06577505064407792
10351,0.0156635243663565,0.40510440227410344,0.45090019248015034,0.0022202813660785847,0.12611159951331116
10352,0.39239645928169753,0.0017886375901243756,0.01650165940720142,0.47386843434742326,0.11544480937355348
10353,0.3235381470267584,0.03421625452627866,0.18364315819805882,0.10016720874124434,0.35843523150765977
10354,0.0003461012653600327,0.15307244249707652,0.136028211064388,0.001035925410363889,0.7095173197628115
10355,0.27744174513516134,0.006322203439233973,0.01029685006764309,0.4677376636764729,0.2382015376814888
10356,0.024787206225456725,0.0826021075876925,0.458443252736827,0.2135256937271221,0.22064173972290177
10357,0.2896966523669116,0.00573970349745011,0.02070073866847313,0.5296971778636843,0.15416572760348082
10358,0.01333735701414772,0.44384639504960705,0.4583576981340783,0.0037900612961342924,0.0806684885060326
10359,0.28019012007945066,0.0339209672770221,0.001231513157725908,0.04110564099542751,0.6435517584903738
10360,0.8119110309259048,0.0031549448120150414,0.00426903323217063,0.12316792241870154,0.05749706861120795
10361,0.0044901885032354386,0.33935050382342563,0.01681310990890948,0.03849312620186923,0.6008530715625603
10362,8.823232281351379e-05,0.21845598582624579,0.18099913545455776,0.0010600852084342277,0.5993965611879487
10363,0.3107518595583593,0.1172119538857333,0.25896883233754847,0.02602207500521497,0.28704527921314393
10364,0.4875646089465844,0.030425883972710524,0.10974850349374764,0.22112162854202977,0.15113937504492758
10365,0.3671223782244067,0.003386038884301747,0.019451164022968568,0.5403225818513864,0.06971783701693661
10366,0.5204915472787515,0.010679012809973947,0.0363623228911729,0.34177482366673434,0.09069229335336741
10367,0.31165033768368755,0.02532158968203956,0.13247768258961015,0.35546902626084753,0.17508136378381517
10368,0.7875294198160113,0.0046885258689833295,0.003442835547856543,0.14239444517231595,0.06194477359483269
10369,0.8315238495962205,0.016036590297655536,0.10821872702694968,0.009896540824801509,0.03432429225437264
10370,0.00017591767020835273,0.3264317139616156,0.23276641446265503,0.0016756748118998638,0.43895027909362117
10371,0.6205516580010811,0.09282316477834986,0.06405353355019996,0.11815070338737772,0.10442094028299125
10372,0.0032918199135621323,0.44070017894584945,0.4505361282521184,0.0018053560902250218,0.10366651679824507
10373,0.3756908309791106,0.006161158159697919,0.06735461561879719,0.3554708942582428,0.1953225009841516
10374,0.022412082167583634,0.013213507556601748,0.11402690945405408,0.5391259344430155,0.31122156637874504
10375,0.6201534587006876,0.01166696572250432,0.07613696284089735,0.11184394219749504,0.18019867053841565
10376,0.8518468844897584,0.01934231772871827,0.09632268503025468,0.008563843799845332,0.023924268951422994
10377,0.8599384464506553,0.03371636004195627,0.021572149713515267,0.017529701904918822,0.06724334188895435
10378,0.31206656945161076,0.005965772436565067,0.024467317756129522,0.5097768929813852,0.14772344737430948
10379,0.5732605548193487,0.10197915816379811,0.09769473183333856,0.0035026974229366613,0.2235628577605781
10380,0.8807565644272051,0.01638874316114333,0.020336952866274755,0.01602066562269065,0.0664970739226862
10381,0.11483794754912635,0.0033748008119549515,0.028357920875432638,0.7201833695171972,0.1332459612462889
10382,0.14498767881380784,0.007922966925260157,0.03386959868809478,0.5975668450158684,0.21565291055696878
10383,0.26989974239827025,0.006234849620149651,0.02735361791265719,0.597325240476783,0.09918654959213986
10384,0.5826312209478621,0.045801181994829326,0.06681509418660632,0.13584995457718338,0.16890254829351886
10385,0.33372934869720067,0.007644185500200212,0.027085431516092197,0.44294164728174873,0.18859938700475828
10386,0.1684881266873238,0.00522442640581817,0.06110714019883341,0.5507383953325452,0.21444191137547935
10387,0.4035367856689872,0.007446164419050596,0.021589109789250403,0.4691755186285965,0.0982524214941153
10388,0.6342586510047288,0.04551658969953297,0.06190964304575719,0.14688982065692313,0.111425295593058
10389,0.000607091830994446,0.30337028927334964,0.5757164181880365,0.0038744452714020252,0.11643175543621748
10390,0.22234145917132436,0.006003697686557546,0.02668878909928585,0.7027779633512412,0.04218809069159092
10391,0.44451925916786506,0.03247564251467349,0.06253383566819218,0.2722764070347005,0.18819485561456886
10392,0.5835997041400808,0.0072306169406882136,0.0023990943114251964,0.3721486766767044,0.03462190793110137
10393,0.06919947103204088,0.018409010467074174,0.39352362637499405,0.12561652450083852,0.39325136762505236
10394,0.008936003907874307,0.07920431456212922,0.20967232937319707,0.643038719810617,0.059148632346182506
10395,0.6486667550611153,0.01337944984103614,0.009764639416740094,0.029131587199273137,0.2990575684818354
10396,0.5488250791849297,0.005050163894511977,0.004100081138111043,0.33619726594903643,0.10582740983341095
10397,0.0108953192139724,0.02560165232162624,0.10826498920368709,0.4773408360427819,0.3778972032179325
10398,0.11319326149495813,0.015791276194039295,0.039799193690165977,0.43532986116894107,0.39588640745189557
10399,0.022241142483387537,0.02028395185278845,0.13747944245270294,0.723854833481092,0.09614062973002901
10400,0.02782889723045344,0.0523863170516351,0.23279169762648888,0.07819809917864547,0.6087949889127772
10401,0.0002599041238368315,0.5885982245162827,0.1343494297997826,0.0005685273891166025,0.27622391417098136
10402,0.24467608724040651,0.011901693158294278,0.036679727514686386,0.493480733986972,0.21326175809964068
10403,0.656020339741666,0.033070250217030035,0.05825710193965649,0.10317885024692745,0.14947345785471994
10404,0.5076773771623898,0.003262841139681942,0.015796041071576967,0.42214017889797156,0.05112356172837973
10405,0.024162975631097483,0.376008661998246,0.1569009059607173,0.07116415461222077,0.37176330179771844
10406,0.4617056271033942,0.0034326613756174803,0.018858822977153234,0.43855319294650963,0.07744969559732548
10407,0.016262169760790843,0.0067061612522814175,0.1014498712009478,0.5890773153478077,0.2865044824381723
10408,0.45556873215389315,0.08095743458287286,0.08241078067136419,0.2644768281216349,0.11658622447023499
10409,0.38432141712142703,0.016179633987675513,0.09998513827561509,0.36179416113027085,0.13771964948501153
10410,0.9583938391076009,0.011459382657758956,0.01001726108354523,0.005540183617614506,0.01458933353348043
10411,0.033597726181453354,0.04895280848751192,0.048363578325746365,0.041588696932385025,0.8274971900729033
10412,0.4295910726762336,0.005638971445719593,0.023676005351575942,0.41756400572089375,0.12352994480557704
10413,0.22812673340703088,0.00447309781929755,0.03294745604302097,0.6799620765147827,0.05449063621586787
10414,0.12561026615613502,0.008370012257557645,0.032150098088974025,0.631487358976033,0.2023822645213002
10415,0.18584260895964808,0.0016275708836335813,0.02146726440747763,0.6754830300717743,0.11557952567746647
10416,0.40090294303114193,0.015125820011564458,0.09548633156067077,0.09543153792289721,0.39305336747372566
10417,0.001237932025467504,0.2926695928386365,0.2413802789301733,0.0009662089834739164,0.46374598722224863
10418,0.556548078336558,0.05948166382295183,0.0611963828730154,0.14710733104650014,0.17566654392097464
10419,0.0003492547718273749,0.36634490007003295,0.15921268959149862,0.0009570527998827668,0.47313610276675827
10420,0.004705845226134264,0.3000467307394501,0.5608920974289817,0.006768327098720322,0.1275869995067136
10421,0.3123233663752406,0.01872920525308325,0.010280553213767541,0.25592749304071244,0.40273938211719623
10422,0.7051722555233882,0.005080932922462242,0.004184722712039116,0.16494376030563276,0.12061832853647754
10423,0.955266356914759,0.012579730486108017,0.008187017846903804,0.005908593748352682,0.018058301003876346
10424,0.2212809798799725,0.006951760799056407,0.04239564226798378,0.5358605921617974,0.19351102489118985
10425,0.7547201025292385,0.008290422279191164,0.0029254074407658774,0.14548008632391582,0.08858398142688867
10426,0.4478897270895869,0.007835067453785337,0.022988076554197094,0.4131597503664336,0.10812737853599716
10427,0.22514566785207749,0.01249322604863164,0.028508991005934722,0.5781917021586618,0.15566041293469435
10428,0.8277522036110341,0.0225970434973619,0.023851949005835565,0.01895004222330649,0.10684876166246181
10429,0.2822963637757455,0.004017644911925481,0.024095726697026806,0.3880155156457282,0.30157474896957404
10430,0.7122409888562631,0.0133020013042488,0.13561702417474886,0.007110622245625627,0.1317293634191137
10431,0.8169036602110052,0.009035353141829978,0.10138652133817247,0.015492030529471509,0.05718243477952102
10432,0.5824043118755363,0.003286429845120239,0.004437234303662689,0.11368469935527861,0.2961873246204022
10433,0.49236270415152084,0.004941609895595766,0.00850694424812012,0.30749383334166513,0.18669490836309832
10434,0.02373095142100766,0.020312543208683972,0.1007274908406742,0.7490849891396617,0.10614402538997258
10435,0.21242393298512247,0.003087030119365047,0.018688482613344277,0.6792058366861873,0.08659471759598085
10436,0.3180325014711401,0.011890423923732633,0.026960673045996017,0.5287069903814609,0.11440941117767055
10437,0.9261156542470478,0.02950537112565326,0.014849475540994972,0.012379813568405224,0.017149685517898722
10438,0.4390142573854447,0.0047892444153691495,0.007303604362501002,0.4894592162590862,0.059433677577598945
10439,0.2248206731942843,0.004573000768725925,0.05050277172620783,0.47484310526002704,0.24526044905075492
10440,0.8579854862260432,0.0061654236502241555,0.020229219388834714,0.05834812157084434,0.05727174916405358
10441,0.08684680875244843,0.14881475609037456,0.11118431125750625,0.08258371688270551,0.5705704070169653
10442,0.8326656163493433,0.014685766233255487,0.007676381739644247,0.027651123002928255,0.11732111267482852
10443,0.38006131897070267,0.012481280626690645,0.03420161660006077,0.44543746133012047,0.1278183224724255
10444,0.9192608473448678,0.03972531274523348,0.013724553941970427,0.010544364784849727,0.01674492118307872
10445,0.004386081137797269,0.3998156102598506,0.49033491930897716,0.003563596087653633,0.10189979320572147
10446,0.5387085412471133,0.01023385774097392,0.04266607465973511,0.3095327168970138,0.09885880945516393
10447,0.004094054601100404,0.026687340103302024,0.10375937266245669,0.5654642538508435,0.29999497878229725
10448,0.41351942623986365,0.00800420328843061,0.022150784347395962,0.45808735545418844,0.09823823067012136
10449,0.22278775197592143,0.004023831374500016,0.025928817541420648,0.44522047836386897,0.3020391207442889
10450,0.26633020609742497,0.00889554608533678,0.03793487904435904,0.5924419252208352,0.09439744355204403
10451,0.3730041644272336,0.007830169437792061,0.02821599468745336,0.43906498678351774,0.15188468466400326
10452,0.18255721190225888,0.001662568245687486,0.036822828966159286,0.6945783206882831,0.08437907019761125
10453,0.2945547534262631,0.005364331784402456,0.01750197543140517,0.428494358613394,0.2540845807445352
10454,0.20473130314740495,0.005750149889008552,0.029087133541454962,0.6198850639428442,0.14054634947928724
10455,0.6706396006588543,0.004556968102391334,0.004087294623993399,0.27854185107860024,0.04217428553616076
10456,0.9608872849101305,0.006048505560352027,0.008705382181798968,0.012187284620783874,0.012171542726934407
10457,0.0004762721343074666,0.1263772337410419,0.19264166829605964,0.0010887294967917044,0.6794160963317993
10458,0.06048131303766054,0.20898550152644849,0.13211126980383006,0.13316833157350633,0.46525358405855455
10459,0.39356832642096906,0.005435039384286065,0.023435977321921254,0.5082041591184017,0.06935649775442188
10460,0.3770925213772036,0.0054110388971923325,0.022244811825327147,0.519004175819977,0.07624745208029993
10461,0.510994120703727,0.04612451094528891,0.07257280709976013,0.16193085094764434,0.20837771030357954
10462,0.8232957492290035,0.012421528176195443,0.0212928952789442,0.022018131967437418,0.12097169534841919
10463,0.6027051354841542,0.010883545143103204,0.008909404636650114,0.2779784366292772,0.09952347810681553
10464,0.1763980578104569,0.008352363111540332,0.032936721296266236,0.6552585881867549,0.12705426959498173
10465,0.02030108458695084,0.029657440500936372,0.09317072575669624,0.5202819814838799,0.3365887676715366
10466,0.45533462820432447,0.006173593811356283,0.014426135129594266,0.4738324570967874,0.050233185757937664
10467,0.0006030227280350551,0.24334474613627718,0.6621708857767291,0.003526416148973847,0.0903549292099846
10468,0.8115972096090035,0.024188024447923184,0.006649401718360192,0.01899641449593886,0.13856894972877412
10469,0.6502587856181696,0.04709614469984655,0.048918851922136325,0.10472990659563014,0.14899631116421733
10470,0.946145686883071,0.007092177171375774,0.03213710511408132,0.0038619359252427122,0.01076309490622902
10471,0.0005380596627521002,0.1399500426289459,0.33185358622690886,0.0030773189287086624,0.5245809925526845
10472,0.407610788269296,0.015626127113214247,0.1612544004214456,0.28577908011591924,0.12972960408012513
10473,0.17758394316119985,0.008841565548966613,0.0548359502998223,0.5938022564097682,0.16493628458024304
10474,0.36396293680756375,0.004107262756193419,0.018585020476932633,0.5811332621099964,0.03221151784931382
10475,0.21236138264323332,0.008223219921730104,0.01400792540893354,0.5654064672330396,0.20000100479306346
10476,0.07612157916613696,0.0029068987792301884,0.035238262848201196,0.6808054750974798,0.2049277841089518
10477,0.8383925791674289,0.023148679565848006,0.09432899239086784,0.009315816594800675,0.03481393228105449
10478,0.30984754690399063,0.005125877392775943,0.007998475425697146,0.4974634406965579,0.17956465958097834
10479,0.3342539487714336,0.1990221856500257,0.2503351990856514,0.02617257004523153,0.19021609644765775
10480,0.5836274007201954,0.014391374897577427,0.024460929757290643,0.058564046755589176,0.31895624786934734
10481,0.8201363634708349,0.012314637966641643,0.0033834595459661452,0.04022775441504453,0.1239377846015128
10482,0.7805449154963162,0.005078730461742403,0.026702672788445153,0.16346852596646624,0.024205155287029864
10483,0.3567510850596803,0.10346638209795136,0.08308772329779852,0.28638488903464354,0.17030992050992624
10484,0.00036773503679932504,0.24267115729958286,0.21938545865049072,0.002162808163479141,0.535412840849648
10485,0.010953154624581168,0.07946199830686647,0.30216755958405317,0.10900433196843173,0.49841295551606746
10486,0.0003332648434094258,0.3814616928890464,0.11632878392187729,0.0007141378177033681,0.5011621205279635
10487,0.753688622007854,0.012655123426849425,0.02346838337317925,0.1599106178128008,0.0502772533793165
10488,0.5534475818275303,0.03194071938089529,0.059866925602203636,0.18696775894063533,0.1677770142487356
10489,0.02737605204894903,0.01774531289230394,0.02237575103979809,0.4310014078215294,0.5015014761974196
10490,0.3827411979583583,0.11914914384673572,0.07364186438304532,0.2494851202394082,0.1749826735724525
10491,0.014924324226580563,0.020881601160766188,0.11535323422969108,0.6298510244029364,0.2189898159800257
10492,0.010501304332136818,0.06449237025469255,0.46043030059718026,0.24531358311192206,0.2192624417040684
10493,0.38861899091982877,0.06895204004058077,0.055877634620432055,0.14967219007757246,0.33687914434158595
10494,0.3902880053398183,0.01666160574131046,0.007707757162994861,0.036611759460405076,0.5487308722954712
10495,0.7906660389224528,0.04733561747710345,0.033533949769827376,0.033967853333498665,0.09449654049711773
10496,0.476394337441533,0.00125727986454873,0.01681017410746855,0.45303369389946985,0.0525045146869799
10497,0.03023450694893122,0.020616082104642955,0.04900713303374046,0.6172312364939241,0.28291104141876133
10498,0.5479498597093269,0.0068264799420500255,0.007306339729011737,0.33240764943993667,0.10550967117967482
10499,0.01704111816966041,0.019268310229903527,0.1068996303338921,0.526026055378112,0.33076488588843195
10500,0.4192264968527907,0.002587202798299458,0.015062348696994311,0.5040323343003515,0.0590916173515641
10501,0.307227303147589,0.025092479124163455,0.05383228914189643,0.4258705281332089,0.18797740045314226
10502,0.7539402486801284,0.003942974716119758,0.0009134366930115965,0.07783356916787515,0.163369770742865
10503,0.17291449188475763,0.0061151132490565125,0.02328495097554445,0.7255710999307015,0.07211434395993993
10504,0.8054170413295186,0.0028447768144129553,0.001719761613660944,0.1004478162606397,0.0895706039817678
10505,0.0010129960863221124,0.15101401968323164,0.18235271260527472,0.0020296498862064426,0.6635906217389651
10506,0.23805053598610085,0.009686443841363475,0.014150153669420146,0.5773537861885358,0.16075908031457978
10507,0.2492374240294594,0.008165019885496633,0.026642613906594805,0.656536822976424,0.05941811920202509
10508,0.013352308880092237,0.14971675146249303,0.572855068098455,0.021937325572271602,0.24213854598668813
10509,0.27951023981193895,0.007940304112929907,0.04061718941213745,0.45449462159543774,0.217437645067556
10510,0.7915947138845465,0.004678009185321373,0.0024573503724791873,0.15747414390469602,0.04379578265295697
10511,0.45047927783266434,0.01167609319408632,0.03482677987540228,0.40566996852881804,0.09734788056902889
10512,0.5868571160372941,0.028693782248296645,0.07631136381030938,0.12632361007889958,0.1818141278252003
10513,0.01447392533109877,0.012942679647965385,0.11284588386857175,0.4762471277691675,0.38349038338319663
10514,0.26326237157948323,0.06376912839468561,0.1658362674118837,0.12685272198305225,0.38027951063089516
10515,0.9417338305905426,0.013586956177544397,0.01158858453833879,0.008204689635603609,0.024885939057970353
10516,0.02511501473869151,0.45722042830047643,0.2818711412533802,0.0107754198133554,0.2250179958940964
10517,0.39316028632773287,0.21469026615539794,0.1082106931410208,0.1337494821676743,0.15018927220817432
10518,0.11575036083590079,0.003202548044092031,0.02769622586137508,0.8080822460584074,0.04526861920022464
10519,0.03820959873732285,0.7157336713912845,0.14880824646586782,0.0024796468015830303,0.09476883660394192
10520,0.001728900550990873,0.16776099196868308,0.1764870405790223,0.002047862821027362,0.6519752040802764
10521,0.05218783427612461,0.2042317806652695,0.6292703378143965,0.0026925668030639543,0.11161748044114565
10522,0.9171772670182692,0.06340593733482502,0.00958495215887053,0.00207462326110182,0.007757220226933356
10523,0.9311251069517377,0.017600739535775334,0.017089894362899486,0.012438334864896424,0.021745924284691052
10524,0.33608003805504155,0.10361042581279802,0.08910985663053136,0.2927476619965039,0.17845201750512513
10525,0.6386706654789659,0.015016921193851443,0.021367027767331244,0.07509296168171392,0.24985242387813736
10526,0.06258026046765845,0.6838335998368459,0.13110696432944355,0.004139121624085483,0.11834005374196667
10527,0.40897394256788344,0.0033108915371672224,0.019068664719637494,0.5002480086193618,0.06839849255595
10528,0.027917290350709553,0.49108227726419723,0.40826912438058083,0.0006577578460149727,0.07207355015849741
10529,0.7558280415908963,0.20178742856637102,0.019303029583791313,0.006237695131867473,0.016843805127073966
10530,0.6194762340846124,0.005494979046129808,0.0068503231197642196,0.13001077744980796,0.2381676862996857
10531,0.1861867187949969,0.007058400042381121,0.022740067102173588,0.7111147636332676,0.07290005042718069
10532,0.018042956926949454,0.07836853473629411,0.07757159658322951,0.04940223672796217,0.7766146750255648
10533,0.35589858347640013,0.0020438481671955166,0.022227215236826692,0.3816247934802544,0.23820555963932322
10534,0.011845787920854615,0.04381419898436612,0.5760635732558318,0.024919639002337908,0.34335680083660963
10535,0.6936486047232949,0.003628154125467631,0.0007232440527714265,0.14270474051011692,0.15929525658834903
10536,0.30379211848958043,0.005154736814494671,0.029985651603347825,0.47605012933938445,0.1850173637531925
10537,0.25292154798049954,0.0730677707769787,0.07513260566731272,0.42037993145276664,0.17849814412244233
10538,0.6158428448593339,0.13822648705703758,0.03858451979426266,0.0065596895126831915,0.20078645877668258
10539,0.4604289956834223,0.0030747773917735857,0.012819570467446239,0.4381188541145143,0.08555780234284353
10540,0.9748460889388749,0.00434573471484954,0.004422169187673605,0.005699986268450257,0.010686020890151712
10541,0.010022743554535156,0.25297510527656186,0.6459233536823781,0.00641011112212382,0.08466868636440097
10542,0.9557883458614943,0.004892796439452715,0.007790823559108926,0.009944873614723982,0.021583160525220167
10543,0.003494874979697841,0.2654208587157743,0.25682743038948835,0.003026563420509223,0.47123027249453037
10544,0.5691748834112053,0.045374085736733925,0.2227602595208237,0.012388436518559382,0.15030233481267785
10545,0.08390804851817503,0.023811468887213635,0.016038129146549583,0.14314736002277248,0.7330949934252893
10546,0.7020648077082762,0.020160696347715244,0.15861681198980582,0.009997045469594908,0.10916063848460772
10547,0.34672816784728416,0.009391552426027027,0.01037569594321225,0.40982302984574237,0.22368155393773415
10548,0.00015670567050008697,0.19517073706728788,0.21308071081409227,0.0017166083534092102,0.5898752380947105
10549,0.22093760978804916,0.010414514733434339,0.037324678953631604,0.617936841639516,0.1133863548853688
10550,0.9613264491656673,0.0030462435501432184,0.006252581826082368,0.014133051842213955,0.015241673615893148
10551,0.25431457718294276,0.007419893257577507,0.025620991326026053,0.6545119141974016,0.05813262403605203
10552,0.46722788891950817,0.036260851948662194,0.05528995010605541,0.31105429075420943,0.13016701827156477
10553,0.0006855492828429679,0.20440627742722228,0.6729673136280189,0.007002686540119981,0.11493817312179597
10554,0.8511735168854055,0.017207971233664576,0.02379663771052971,0.01900191658523249,0.08881995758516775
10555,0.6852046588289356,0.14000785212435132,0.012183380969660845,0.006086634224571251,0.15651747385248127
10556,0.6862654553704107,0.00680224479971937,0.003650047361973841,0.21638629521964658,0.08689595724824939
10557,0.7615491528687257,0.00543030446703042,0.0022775198385725053,0.101826177115046,0.12891684571062512
10558,0.45010954238590806,0.055434039452161625,0.04505728644822543,0.3130473957011604,0.1363517360125444
10559,0.1437379343813248,0.0087844782422876,0.058602865154881785,0.6268826794590292,0.16199204276247653
10560,0.3126181677843963,0.01095850047642133,0.024681385443532666,0.5816515840128303,0.07009036228281935
10561,0.5451733640649036,0.007646425541951502,0.009254414424592768,0.2521913842734684,0.1857344116950837
10562,0.0056675733679693195,0.48133626926351175,0.44253073773287205,0.0029781348422465506,0.06748728479340045
10563,0.5358190288083079,0.0064115291102026396,0.0059893353705760075,0.36087536096174877,0.09090474574916489
10564,0.5866488117580367,0.007676531755318323,0.0059774350604482945,0.1095388050430972,0.2901584163830994
10565,0.009835816099869287,0.03316732695988722,0.7770665686575123,0.02706057891987986,0.15286970936285124
10566,0.2271969332590026,0.00770653088054797,0.03145141524004969,0.5914455774634847,0.142199543156915
10567,0.4969089077275268,0.2588554220856393,0.06615367456437646,0.06172652725956165,0.1163554683628958
10568,0.01797599053654765,0.5582987440417526,0.36604479283900576,0.0008614529459096825,0.05681901963678434
10569,0.9646307576973712,0.005531873975621071,0.006997550706772641,0.009135208710098078,0.013704608910136862
10570,0.25330063477740045,0.028537472017541057,0.07224929553977533,0.3957404634161943,0.25017213424908896
10571,0.10647355015595888,0.06178359797205123,0.09380303562174121,0.09256408726769744,0.6453757289825512
10572,0.4092892218319768,0.06501562271608533,0.07634488934752029,0.31288510341354564,0.13646516269087178
10573,0.13609856605068074,0.005867832771588012,0.04400231071463971,0.7753251358290435,0.03870615463404793
10574,0.012118319669711206,0.04374772583543,0.0346394655912395,0.5380718279217154,0.371422660981904
10575,0.37506564746298177,0.008362510759413525,0.02412938250629331,0.5072890924285574,0.08515336684275404
10576,0.36542729801056967,0.011154560795999267,0.021774410802424978,0.43565176275779804,0.16599196763320798
10577,0.8650512887124121,0.038592098391730265,0.02845602532819109,0.01583242923464872,0.052068158333017936
10578,0.028679241404259297,0.03617113161853668,0.03976116791975284,0.26653248727375056,0.6288559717837007
10579,0.33140996179364574,0.004961778928002871,0.04234673308770107,0.5230342557438387,0.09824727044681168
10580,0.33699211137187496,0.007054512542742081,0.020560347853943884,0.5993253180441221,0.03606771018731696
10581,0.4210306216724431,0.0033229991539533606,0.009531165509795669,0.44909699231491723,0.11701822134889071
10582,0.0024115392883472314,0.15608035565015646,0.03720529460380149,0.04485605671000198,0.7594467537476928
10583,0.449504545534932,0.04013683192549157,0.009550391982493377,0.4510202914384921,0.049787939118590946
10584,0.0017212561254324507,0.03809160004725982,0.6852681282763531,0.021243779564679686,0.253675235986275
10585,0.2415751602026605,0.00236032907780381,0.024570776567235914,0.5039127054667654,0.22758102868553445
10586,0.4321411012115626,0.063348760249721,0.11166944081761462,0.25286645389784257,0.1399742438232593
10587,0.24236469386288093,0.003702078299906301,0.020161297014591923,0.6575700072449892,0.0762019235776316
10588,0.16516551042248362,0.012277379774180577,0.035163427383931835,0.62472590945494,0.16266777296446402
10589,0.009056828321413284,0.039606648042213526,0.017990389016437066,0.10463469199814274,0.8287114426217934
10590,0.5247959554137511,0.007701230649159183,0.014383103531294333,0.3103954828486065,0.14272422755718886
10591,0.0003452680901302415,0.5665366063749903,0.153319972634225,0.0006412715618250861,0.27915688133882954
10592,0.1868235303376395,0.00977535120199244,0.011027280846275522,0.6454277843557535,0.146946053258339
10593,0.43270947774207796,0.04503811087894091,0.13063716948989423,0.11877601738984957,0.2728392244992373
10594,0.09668214621637253,0.007912504506164824,0.03334444167929492,0.6772261998773575,0.18483470772081004
10595,0.16804982625355594,0.00483876886728729,0.04807884004986574,0.5439504574956373,0.2350821073336537
10596,0.011857211709899965,0.09394896914687613,0.09602125927822527,0.5412495639179218,0.2569229959470768
10597,0.017590821580867208,0.05159284403715921,0.6855437940324078,0.02499501187202226,0.22027752847754342
10598,0.42396685662399713,0.04296164233678541,0.0792274830815778,0.15077704731315636,0.30306697064448324
10599,0.01602235438291172,0.022839344917657933,0.07492074913574043,0.43550288333547016,0.45071466822821976
10600,0.32531021548664063,0.004090019560318096,0.006343908648223096,0.6173892169704752,0.046866639334342944
10601,0.6282512100991502,0.0380065730912154,0.050966674351252426,0.1133249115944057,0.16945063086397616
10602,0.805666199507634,0.12529239880893364,0.02384339342538328,0.012073754562418748,0.033124253695630296
10603,0.03063428134451189,0.014896377489374248,0.09551600261528403,0.6361350196610923,0.2228183188897376
10604,0.8531402037877104,0.002336666973805658,0.0017650828415821309,0.11012913812602315,0.03262890827087861
10605,0.9891473848084802,0.001375578595233136,0.0022716794601664037,0.0034260117208613477,0.003779345415258889
10606,0.46255668639753394,0.042426416134211296,0.10417498134333728,0.26547276212950716,0.12536915399541027
10607,0.23670926807826675,0.026417165060266094,0.09716297433247678,0.3838678104891208,0.2558427820398695
10608,0.3378179987955918,0.009257724360657452,0.024545433017966183,0.5311746813972045,0.09720416242858011
10609,0.8826363556414746,0.004724238455921985,0.0012375895687566317,0.07087360844705648,0.040528207886790256
10610,0.035155331894346546,0.5299013431408583,0.37655171990152725,0.0008861800379146444,0.05750542502535309
10611,0.40197266846683727,0.022022575001053278,0.032763802655361315,0.04703319384833812,0.4962077600284101
10612,0.16352917840639344,0.003499916740759969,0.023215140765373326,0.6063075741327449,0.20344818995472824
10613,0.5200609095626353,0.016672136679608946,0.04873377794822852,0.23392813356793665,0.18060504224159077
10614,0.9347847842595394,0.011584932026646188,0.009931702226854805,0.008751630060079113,0.03494695142688046
10615,0.16706986965999346,0.009107556648074328,0.03318158376624587,0.6189711474829149,0.17166984244277145
10616,0.3056354176610783,0.006347474483581491,0.033752601712645734,0.4585308922584095,0.19573361388428492
10617,0.0970463652419038,0.00849741550142748,0.03580934145330683,0.7080502243403219,0.15059665346304
10618,0.23359839654018696,0.005350562377748416,0.018393173174782923,0.6737631425609248,0.06889472534635684
10619,0.19114470610160755,0.02966906072952928,0.025041202191109155,0.6821813011864092,0.07196372979134485
10620,0.017069270436725324,0.024592068737964753,0.0922996527826621,0.4702238373950806,0.39581517064756716
10621,0.005538376071405065,0.26797567222853974,0.604662982297361,0.0038791968738331175,0.11794377252886097
10622,0.5622569014219989,0.024060224596624387,0.06630341042763177,0.24193636446272943,0.10544309909101571
10623,0.43939829752926446,0.006798876709954199,0.01580001511778947,0.35024789173770476,0.18775491890528703
10624,0.010499024200705058,0.39843068377550855,0.49683553336722924,0.0013696949920366508,0.09286506366452045
10625,0.3165857656945498,0.004443501996573129,0.016413127016593036,0.6353923321660924,0.027165273126191682
10626,0.4313479465748405,0.003932880665250368,0.016389003737272066,0.493811957838761,0.054518211183876085
10627,0.22770246864151278,0.005980893760109146,0.02658266974885057,0.5736820076284533,0.16605196022107416
10628,0.8729223969752392,0.03605852933484563,0.022363227718510688,0.03672054382514059,0.03193530214626376
10629,0.651806936072912,0.003768579964118475,0.005203658757060378,0.11435091547144043,0.2248699097344687
10630,0.011811177802997555,0.057550644728277214,0.36437161866913775,0.1665104568797301,0.3997561019198574
10631,0.24134494542819687,0.008821125587466557,0.029986283202221277,0.5167825908128738,0.2030650549692415
10632,0.6975667586379686,0.026577692510907358,0.042373342166914726,0.06691073225454226,0.16657147442966697
10633,0.005328020303539655,0.041446167080351475,0.6182546259925337,0.012394227768216989,0.32257695885535825
10634,0.42118790996277955,0.003426099283494835,0.020004155602797734,0.5041209641782634,0.051260870972664525
10635,0.9184686914560566,0.01579604189700915,0.013851451322792207,0.009453332361776933,0.04243048296236545
10636,0.48610411734198883,0.00664370034595966,0.014976643927888215,0.41596209267466244,0.07631344570950085
10637,0.8373039169327002,0.053217960846057906,0.02921065698339688,0.016796064110587535,0.06347140112725749
10638,3.317115526928989e-05,0.7311269157312266,0.09748918864389676,0.0003816776672973038,0.17096904680231004
10639,0.8189997358358139,0.0024022262792832124,0.0024593615778920335,0.1101115503345504,0.06602712597246069
10640,0.25138680918943884,0.009225177914189845,0.0504359081456957,0.49738660548839503,0.19156549926228056
10641,0.4383695846076354,0.191446453819526,0.282179653966466,0.009198993185135682,0.07880531442123678
10642,0.5750653578863538,0.024574003670093006,0.20925713771208318,0.036796478376555676,0.15430702235491428
10643,0.4654996504502531,0.005498439641198861,0.009819642864589547,0.3668213929469884,0.15236087409697002
10644,0.23826715792762737,0.013339138159923589,0.025274236320697915,0.6775606798513054,0.04555878774044578
10645,0.7933708653469478,0.0029010123535556796,0.0032068597538383787,0.12617756825493137,0.07434369429072679
10646,0.748017020874663,0.19575056785386372,0.02752708236430005,0.0053140818003582484,0.02339124710681495
10647,0.5512906975216799,0.008025409571582666,0.01103364117146251,0.32682901971386075,0.10282123202141415
10648,0.06928146352636233,0.4391027795687362,0.41668101092633186,0.0008915432485953014,0.0740432027299744
10649,0.29290103000669965,0.07283845860829692,0.1196444818090733,0.13254980002017555,0.38206622955575464
10650,0.44040336043541783,0.005486735250867779,0.017071819527916768,0.307220819477692,0.22981726530810553
10651,0.04630966617328342,0.07589623518170537,0.08671162017479221,0.07011965765660226,0.7209628208136167
10652,0.9318648349788631,0.003378465780441926,0.009454631163710684,0.03203226859852459,0.02326979947845962
10653,0.9592715689125783,0.00786262344174627,0.010151667621023545,0.012193544698849399,0.010520595325802483
10654,0.43842335503220264,0.005560759652412065,0.019716387459867733,0.44973970002419394,0.08655979783132366
10655,0.7926521934549491,0.08522402751064409,0.03409146768881611,0.02197738031087171,0.06605493103471874
10656,0.2697628368053374,0.006518052687795521,0.021993770036744048,0.622395754961791,0.07932958550833202
10657,0.37322584373050155,0.0022562721334107253,0.01754106170581569,0.547317091792613,0.059659730637658955
10658,0.002546580230911429,0.036370409439144914,0.027494109728002477,0.1904537129214273,0.7431351876805139
10659,0.0006463076217552165,0.4468086437397359,0.3601243173025055,0.0013751998572622904,0.1910455314787412
10660,0.0005488890131673077,0.21244583181672497,0.1407755387049726,0.0011733513964449127,0.6450563890686901
10661,0.12593088346112888,0.02078576413376786,0.37373827160817047,0.08046949754430857,0.39907558325262427
10662,0.30538303662757305,0.011819350342982954,0.017557592688833647,0.44815378301705683,0.2170862373235535
10663,0.4869152860286742,0.004509983084987127,0.018892656537934375,0.4547368463977656,0.034945227950638855
10664,0.9759834217121528,0.003167692642707538,0.004127875513733571,0.007241519474868562,0.0094794906565374
10665,0.3255737094080612,0.008006416355906118,0.036919817580980376,0.5355761539571167,0.09392390269793567
10666,0.000771379979867596,0.5555324762490582,0.1430535537042022,0.0008599176639567112,0.2997826724029154
10667,0.6959712764206664,0.031924696888671396,0.004571215786761532,0.1373798554851498,0.1301529554187509
10668,0.39295126059188346,0.002121292300448836,0.016773672809499842,0.4518802556310958,0.13627351866707213
10669,0.2000578555369553,0.004836133723605411,0.04880142819388445,0.4875425560812998,0.25876202646425495
10670,0.14834385133018513,0.5652125952706147,0.15499827124170404,0.005053022664392531,0.1263922594931036
10671,0.2768593562230608,0.005725592091145903,0.024255163350440444,0.5795444518203714,0.11361543651498152
10672,0.5415509320647125,0.019822988355741724,0.0476298966424103,0.22351281133949738,0.16748337159763801
10673,0.1931041315223587,0.007300011605583787,0.025126915856722404,0.540779871118666,0.23368906989666913
10674,0.16583259925108373,0.006229820399376159,0.013462703082340861,0.6501116024483673,0.16436327481883195
10675,0.30830573936819305,0.23750714635295636,0.32408214480868125,0.03577350943862645,0.09433146003154291
10676,0.3189424813837334,0.007452514879527555,0.009540558999515957,0.36034029609430873,0.30372414864291447
10677,0.30047675355436937,0.007093896159035146,0.024226789837044616,0.579545286184968,0.08865727426458286
10678,0.25360952600956144,0.0047643439541415694,0.031301569158190545,0.5232922003722543,0.18703236050585212
10679,0.3135445681443739,0.29932729143993475,0.19904883299122636,0.007646083450565816,0.18043322397389924
10680,0.14824092766795707,0.002300658313500524,0.0265945804644962,0.7795870249844274,0.0432768085696187
10681,0.006052762129205755,0.20028288681472198,0.6372521554839119,0.00423948385356101,0.15217271171859936
10682,0.35101073651289183,0.012993559156514544,0.02157429422329436,0.35982187274518024,0.2545995373621191
10683,0.13959365433943702,0.009263644905262573,0.020594944563224585,0.6965408729116312,0.13400688328044455
10684,0.8949683301386665,0.0180744146120969,0.05890161027445249,0.004731118758169712,0.023324526216614322
10685,0.6627613876275861,0.02096777599387222,0.16274574800772204,0.06134548862343987,0.09217959974737963
10686,0.9881553660494286,0.002294750805521203,0.002738212405858967,0.003915751424463487,0.002895919314727777
10687,0.1993314405481089,0.004468718656828248,0.02267540304902456,0.7116515370380146,0.0618729007080235
10688,0.48105229662892435,0.05248499350566827,0.308987278024679,0.01117306366346541,0.14630236817726286
10689,0.8111160126501963,0.07438660987084438,0.008048740070854328,0.004389203153344304,0.10205943425476069
10690,0.1776031846169256,0.003324079834944621,0.03487820136772444,0.6418636999171522,0.1423308342632531
10691,0.00043210494050353334,0.15464873156966072,0.16884017627089332,0.0010477783988551523,0.6750312088200874
10692,0.43463027802502896,0.011177558243111866,0.07271139182869413,0.08350562219151618,0.3979751497116489
10693,0.9841907395149293,0.0037338829380806557,0.0034598958627925715,0.004374323038375206,0.0042411586458221545
10694,0.0032615617873345344,0.24941819731501852,0.623064195772651,0.006252162799012661,0.11800388232598326
10695,0.7591630054928538,0.005180202461642773,0.002772444794955277,0.13447284331235454,0.09841150393819381
10696,0.3192511763786321,0.02815880661180471,0.022933307655258046,0.5831772860860028,0.046479423268302296
10697,0.17812637812019658,0.005318917145967756,0.03147904336033073,0.5653765155095529,0.21969914586395206
10698,0.5257480489309303,0.00798566063169654,0.009413591338221844,0.20358929754883803,0.25326340155031324
10699,0.512305977353341,0.026096864414098142,0.10027429548545015,0.1397408178978984,0.22158204484921232
10700,0.011986817170444539,0.035894364345951286,0.5325975998694279,0.00736784183725774,0.4121533767769185
10701,0.11632897260012977,0.005552429046343273,0.022070149028185233,0.7371107169278064,0.1189377323975353
10702,0.5856358196529126,0.02316085588230496,0.05798268700587773,0.16495225758918333,0.1682683798697214
10703,0.00015361157499588582,0.49991599794034736,0.13149027863981852,0.0008581751169391285,0.36758193672789913
10704,0.017769168481911676,0.022079344301551104,0.1297949283539186,0.6832886202377766,0.147067938624842
10705,0.31665306293188245,0.006953701554984195,0.026174213254419765,0.44079656747577983,0.20942245478293386
10706,0.17976080069483028,0.21298683986126293,0.29852113778143324,0.01631524444070758,0.2924159772217661
10707,0.9264472191361273,0.04053329514132064,0.011015247815139476,0.006196806278071077,0.01580743162934171
10708,0.22158478639183676,0.004712121548520802,0.009972655377071607,0.589934455669736,0.17379598101283475
10709,0.2541800005713896,0.026061138640191855,0.1030127288540089,0.36974713947999904,0.24699899245441054
10710,0.0025008240233426004,0.04362505425207564,0.8084791676434417,0.04124412677902454,0.1041508273021153
10711,0.18279915970271618,0.011113518607646632,0.039489585237757155,0.592666199771306,0.173931536680574
10712,0.3161222260973307,0.008194720275993456,0.030372151188118996,0.4208186569259848,0.22449224551257202
10713,0.21800873404819765,0.0016458233171726773,0.036078616065951176,0.586112211281395,0.1581546152872834
10714,0.03949597609072748,0.43994348011678813,0.24712171961720758,0.03674894878051414,0.2366898753947626
10715,0.9579187905873792,0.007366485621307956,0.009363465406627533,0.01297033752570804,0.012380920858977304
10716,0.8704399642935172,0.004182524724763882,0.0013619623584183926,0.08508961460269869,0.03892593402060171
10717,0.571898935178368,0.004537999462132813,0.007294825422435814,0.3933130326738003,0.02295520726326309
10718,0.00790762559687039,0.008966339201417216,0.11505996418723331,0.4746786191367446,0.39338745187773444
10719,0.0004410580370478703,0.2640773953491943,0.2312523030237936,0.003194329285612385,0.5010349143043519
10720,0.4886861971667454,0.0040691205512063365,0.006522561186087405,0.32490756579885843,0.1758145552971026
10721,0.31277820962121533,0.030418835245012762,0.23775667230336014,0.11224684448302963,0.30679943834738205
10722,0.2732938024209817,0.008079400160153889,0.027590588228606334,0.5878383307260596,0.10319787846419835
10723,0.6685445803578293,0.012777785857969983,0.006752385916438168,0.013237789018652286,0.29868745884911035
10724,0.020907268206650707,0.3913440480425224,0.4848872307649654,0.0015613307150279968,0.10130012227083354
10725,0.021468527519237383,0.11627811296380049,0.11386465258480025,0.05386863860592541,0.6945200683262364
10726,0.48832302850073916,0.02877651428702051,0.036061923923305386,0.33887301522307234,0.10796551806586266
10727,0.20220049043314597,0.0029755506743755914,0.019508059696478567,0.7130473960261682,0.06226850316983172
10728,0.40516930800609,0.02790646827317335,0.1480414202950869,0.11563960305666575,0.303243200368984
10729,0.020170046955301855,0.5042641756769881,0.43138819541659545,0.0005662835761852972,0.04361129837492923
10730,0.4080760907323683,0.014819764900183855,0.06877635397287613,0.13698494527454297,0.3713428451200287
10731,0.40218377936660005,0.00737512831106033,0.02128968610004108,0.41360667595341494,0.1555447302688835
10732,0.7511203888924245,0.003927908785611879,0.0024271935028310405,0.1384404132582354,0.10408409556089726
10733,0.1892372393146056,0.09519697450957368,0.41945930518387936,0.11349091092130438,0.18261557007063683
10734,0.5752931774521984,0.008902898106779897,0.0021304972380050465,0.17877012143958693,0.23490330576342972
10735,0.49107467994897924,0.0055495846003951734,0.009843399420869262,0.43903406719490734,0.05449826883484891
10736,0.37730411266871583,0.006075787100915827,0.02724957070624604,0.4498516018309205,0.13951892769320193
10737,0.35768595541296083,0.00665598486483297,0.01505831761016656,0.42389027656433254,0.19670946554770713
10738,0.34677987834729107,0.004021128731247907,0.01879821454417046,0.5528717688550622,0.07752900952222838
10739,0.29107450167975485,0.005452314223839333,0.01678489812904394,0.5013939576852656,0.18529432828209616
10740,0.0006009304907519354,0.516943860363697,0.03232660801888808,8.57395243404989e-05,0.4500428616023224
10741,0.9580188032772446,0.0032874599847740904,0.009325358515889778,0.013538105120256811,0.015830273101834512
10742,0.18594743350362358,0.006478414798018671,0.04668654190713348,0.5884918603985356,0.1723957493926886
10743,0.03297177447076265,0.018156148648024967,0.04296463154839337,0.46681052811541673,0.4390969172174021
10744,0.24657330720823237,0.03643419900537372,0.12750015709699117,0.49692615397852746,0.09256618271087529
10745,0.04363928351669876,0.8635755835308101,0.05892122882789499,0.0014825842193647147,0.032381319905231506
10746,0.5293374047836368,0.014452741972866574,0.007447114855424696,0.3600091840497448,0.0887535543383271
10747,0.20347721431986387,0.00968619227777127,0.03353919741383216,0.5165252269537733,0.23677216903475937
10748,0.18868269184322806,0.006477544828367054,0.04505854673930147,0.5653524881553299,0.1944287284337734
10749,0.4204051344439795,0.006186698643047996,0.023266468080637606,0.37738295516011955,0.17275874367221541
10750,0.6097276558294034,0.035925597778274865,0.05177673631510634,0.19382685477858363,0.10874315529863184
10751,0.589026275541666,0.0026986616314184425,0.015032068457689621,0.36041119923521503,0.032831795134011015
10752,0.9816061138077613,0.0027937542104530862,0.0031856516826081426,0.005588579070033367,0.006825901229143966
10753,0.7048563839025048,0.005967658047866188,0.0053621422657986455,0.15692867677321318,0.12688513901061715
10754,0.10181298656011349,0.005931612016131466,0.02440507385227217,0.673744772004732,0.194105555566751
10755,0.05852628641422315,0.38517098036658953,0.1192870935995876,0.01146275751630049,0.4255528821032992
10756,0.703178746262478,0.00397631662364353,0.0032962095468512505,0.2150780731793947,0.07447065438763247
10757,0.032253223546500676,0.07435747799448753,0.04179417473624346,0.0439247923404384,0.8076703313823299
10758,0.0034256507912199335,0.35603884539641323,0.5616492487552774,0.0030346125666692873,0.07585164249042006
10759,0.826457313118663,0.07047953876677207,0.029024273725909565,0.02738517726071492,0.04665369712794043
10760,0.012710660870293315,0.019542524349238838,0.16806941474420461,0.42755068093061915,0.3721267191056441
10761,0.6144916930372597,0.00911486667193568,0.01253574845455898,0.2543609957689962,0.1094966960672494
10762,0.03661282410772532,0.0956908174203982,0.06284112972082792,0.03103401909600352,0.7738212096550451
10763,0.2753852621218763,0.006669237840593132,0.03130577890527653,0.5243107268058463,0.16232899432640782
10764,0.35574483773060117,0.0027909598835380114,0.017761486589604886,0.45727251812681013,0.16643019766944583
10765,0.15985275027480664,0.0017256977268058592,0.03513013802847043,0.5576427642642308,0.2456486497056864
10766,0.20841163732652943,0.008038898715367268,0.04898931447354168,0.5570749518388145,0.1774851976457472
10767,0.35578010957752876,0.3218483468624464,0.17942086389176304,0.016638033400093854,0.1263126462681679
10768,0.0010940435666942543,0.4204443389704511,0.506013877353993,0.0034053624535294205,0.0690423776553324
10769,0.4869569169618151,0.04785804183226379,0.2659788661877652,0.013212951252573471,0.18599322376558247
10770,0.624810320402062,0.23377966427452662,0.046238640508389973,0.027538862738755658,0.06763251207626574
10771,0.3637847067205096,0.12012876294635981,0.14889824492706974,0.27171230444522143,0.09547598096083938
10772,0.3782833908152727,0.0037826292666647767,0.03403970062309641,0.503906807560978,0.07998747173398818
10773,0.09401899849384643,0.3408225815076338,0.41432945695930173,0.03880775729453456,0.11202120574468358
10774,0.0708806111090268,0.03157401514412632,0.015194767313729566,0.10616451691830359,0.7761860895148137
10775,0.0024793992326256438,0.08341185730719011,0.030224147222709274,0.09680651780955031,0.7870780784279247
10776,0.021670778873502272,0.021509927068051125,0.10636549729893303,0.6462292703520032,0.20422452640751038
10777,0.02514123935506263,0.10481236288005731,0.3862005679805027,0.13495755962394554,0.348888270160432
10778,0.8049766025225987,0.004754699279856797,0.004499178745040947,0.10107160982748839,0.08469790962501501
10779,0.7577183940427522,0.00516337503487016,0.002430208218540023,0.14311529606074253,0.09157272664309514
10780,0.0007146387062339012,0.2668533398991061,0.6266125289599099,0.005963830860938665,0.09985566157381137
10781,0.22934283600746558,0.009513647033644136,0.015500169009193258,0.5189519583193595,0.2266913896303376
10782,0.36723358665114375,0.022383245751446342,0.3871012361967406,0.08306867477883155,0.1402132566218377
10783,0.2559387199670672,0.003925086267412613,0.04236707789974447,0.5727471689674813,0.12502194689829443
10784,0.010879879076881253,0.07826297092525711,0.328262806488457,0.06326569502400328,0.5193286484854014
10785,0.3163801638757645,0.004284399492329135,0.022852739997452732,0.6190096084870511,0.037473088147402585
10786,0.023152683927543515,0.04065164442208182,0.048856497196099496,0.32057798565614287,0.5667611887981323
10787,0.262035199630751,0.007616552783382727,0.03836122616088262,0.515093982872154,0.1768930385528296
10788,0.00841795210134389,0.21118176340234998,0.6751961330138765,0.006861442689534427,0.09834270879289526
10789,0.5692144220850582,0.002740333518961994,0.0064529249753497876,0.12881155712028633,0.2927807623003436
10790,0.05298924964110764,0.04881357019450761,0.6764402355669454,0.03369026189062563,0.18806668270681362
10791,0.24461187511867058,0.0036296217341649224,0.03390283819950761,0.5364875431774815,0.18136812177017544
10792,0.2662807068046353,0.005243690107425927,0.019041178093905396,0.648366239370126,0.06106818562390728
10793,0.8331696027825305,0.028515308688601002,0.02730653670368078,0.048421247601799326,0.0625873042233885
10794,0.21507022417913577,0.00786406044140144,0.040457856445142514,0.6845655553616676,0.052042303572652736
10795,0.3986141266618546,0.0023025134729076553,0.0182429947618473,0.3291235728831243,0.25171679222026616
10796,0.14845363650390903,0.00288514879457842,0.04534782423469384,0.6476208201026739,0.15569257036414497
10797,0.11733636246556191,0.260387233817043,0.29856890504238326,0.019021623462939265,0.3046858752120725
10798,0.3743892312616126,0.009344165933344722,0.022845924256974893,0.36595902675968606,0.22746165178838162
10799,0.9294125861735624,0.01171097743398177,0.0024666306730758442,0.011964532395173233,0.044445273324206835
10800,0.010576697424738265,0.04322777447934994,0.7268185349796157,0.02453857861027733,0.19483841450601874
10801,0.0193172968772255,0.09187477754436481,0.28478369172435875,0.10729602985749717,0.4967282039965539
10802,0.4171032435092828,0.011001719993680305,0.03211606575865495,0.047443404236071275,0.4923355665023107
10803,0.0003412434374454627,0.5416520283761121,0.13688872336518185,0.0009929194635940836,0.32012508535766654
10804,0.2402348298156401,0.008574842289484807,0.02304716234280886,0.6956585453191436,0.032484620232922624
10805,0.5302504075218297,0.04867183379551832,0.06119647609998317,0.2428997314073305,0.11698155117533816
10806,0.4681445708072316,0.020613318157341215,0.07034920617734584,0.2526861712900285,0.18820673356805276
10807,0.06058164139411402,0.06424145954834219,0.04400395053828235,0.0518961980929474,0.7792767504263142
10808,0.3538131753550624,0.02853351353447045,0.09151271977137224,0.10592161943316275,0.4202189719059321
10809,0.9802109571462351,0.0029918879435846986,0.0039750485265945875,0.008092638388513328,0.0047294679950724
10810,0.14740222382635543,0.003226741214178574,0.03249155294951054,0.6012523095297289,0.21562717248022664
10811,0.1533868045869949,0.005733306564024289,0.025483570385252455,0.7104865625859847,0.10490975587774364
10812,0.09766277140492531,0.13439098854330975,0.4902129740656111,0.08993461699584708,0.18779864899030685
10813,0.9757732509406557,0.004103626121768688,0.0049101482321668236,0.0033670275258797953,0.011845947179528967
10814,0.40406668256120515,0.02787374336331913,0.088864916693073,0.13868197265658574,0.3405126847258171
10815,0.6448782919652577,0.0008977262198627736,0.00788780850750687,0.3222697754345133,0.024066397872859347
10816,0.2086147569668293,0.00939011420890572,0.02897765535791798,0.5288670668961187,0.2241504065702283
10817,0.261340135050855,0.005879542439695885,0.026053544947109104,0.4105515943791717,0.29617518318316827
10818,0.49650787289268633,0.005139017475518687,0.009777695638949297,0.266069483918778,0.22250593007406771
10819,0.6024133169916219,0.003280692881517979,0.010482005329983226,0.310344367217004,0.07347961757987281
10820,0.13642410816372907,0.009485585709859223,0.027970132357844672,0.6338385862324404,0.19228158753612667
10821,0.7584639958379855,0.008302827102778213,0.002939919328426135,0.13461951930841692,0.09567373842239325
10822,0.301137384955207,0.11522985858498976,0.1049152696441145,0.3113162393698766,0.16740124744581214
10823,0.19105641477445798,0.29224908678666445,0.2619496289410398,0.020940854669093945,0.23380401482874383
10824,0.5901132036988854,0.02811960143668462,0.08722163201638178,0.17552735222108037,0.11901821062696775
10825,0.038187177246788655,0.03161069135067556,0.0455781091712564,0.374787880846205,0.5098361413850744
10826,0.5141977398474733,0.005883612331357968,0.013245486014758806,0.3892301060952406,0.07744305571116937
10827,0.008995349908092367,0.7945279926625153,0.0375580347679565,0.000571491644843926,0.15834713101659195
10828,0.20580812900366158,0.12562176504216604,0.2291465018558661,0.017317553436255132,0.42210605066205104
10829,0.0016121666809019604,0.2877382230448639,0.6263159111722828,0.00599383499579086,0.07833986410616053
10830,0.28457553564220905,0.004423618028836684,0.02820836009984091,0.6518762469694123,0.03091623925970105
10831,0.15222289002387523,0.006985179253650835,0.03304984129265402,0.6589187203581842,0.1488233690716357
10832,0.49804374174654176,0.0023529628698814526,0.0069901277619982514,0.4609617718827717,0.03165139573880679
10833,0.7080282648849673,0.030669896773078565,0.016756330627876622,0.056266318668470545,0.18827918904560714
10834,0.917156303290209,0.010213477841061245,0.051231812035475166,0.005818825457681416,0.015579581375573298
10835,0.867040126711968,0.024600241354507956,0.019430693727239413,0.01767646809850175,0.07125247010778323
10836,0.33692746707784865,0.3731376949361407,0.09794345594103575,0.0575105636554699,0.13448081838950504
10837,0.49114355059984904,0.03987954886509172,0.026538714658659614,0.047052899673221855,0.3953852862031777
10838,0.400729944918096,0.005628902071172857,0.023745637145642852,0.343906469098964,0.22598904676612436
10839,0.51116374597731,0.050935893670630984,0.09608277107490922,0.11324622627887108,0.22857136299827868
10840,0.8697480974118388,0.038915796960445066,0.0256131921543218,0.020707236865671327,0.0450156766077231
10841,0.7137923054051811,0.005379197738072971,0.005151744052046857,0.180111079814808,0.09556567298989106
10842,0.04246227508138092,0.04834237522605516,0.054828153313286554,0.02998360856344956,0.8243835878158279
10843,0.5288628864739109,0.034141485724560904,0.10832596249357192,0.1578663228472957,0.17080334246066065
10844,0.005118971199681145,0.018911715739567504,0.5961894614986675,0.01314498487376802,0.3666348666883158
10845,0.6134736588291743,0.021495455357075383,0.04122958816320896,0.15148245820745607,0.1723188394430855
10846,0.24960710281081985,0.0100539638641235,0.025058618006655414,0.626493081659614,0.08878723365878717
10847,0.9275833351991272,0.009207778988334884,0.012153461173617331,0.013881753459525508,0.037173671179395046
10848,0.46871808713606083,0.015346393532531512,0.07187605609568926,0.3294568996294931,0.11460256360622526
10849,0.08247169852333158,0.458781898704015,0.26944409279732523,0.01087420937325657,0.17842810060207168
10850,0.22441014911984494,0.0054594638003797455,0.03444818326712606,0.4616221012682593,0.27406010254438984
10851,0.04796814420574737,0.5067882470093025,0.2410975134759595,0.005771780400593177,0.1983743149083974
10852,0.0032763199526607487,0.14333604094307612,0.2657972291441372,0.002465969422465251,0.5851244405376607
10853,0.22430406313031007,0.006733941929759003,0.047320928948585986,0.41812578234891895,0.303515283642426
10854,0.4260053688731827,0.020441243368941566,0.0035959956524266585,0.22845596301029497,0.321501429095154
10855,0.31097146220995003,0.03886980676489987,0.1422609708288748,0.29941269652237856,0.20848506367389666
10856,0.9664549400045357,0.005633638986185167,0.005535090421526707,0.009065506873360165,0.013310823714392229
10857,0.25296448600796484,0.17678818697714108,0.29395455704088636,0.026344707586162603,0.24994806238784514
10858,0.9055397331733477,0.04791135131900192,0.014863651855210021,0.009581990796409987,0.022103272856030247
10859,0.17350190351658537,0.0037592302253724847,0.041201129262188524,0.5891624357023688,0.19237530129348485
10860,0.025578012859740196,0.19490309201379957,0.6603265666046262,0.0019725833673496437,0.11721974515448431
10861,0.0003995466854674228,0.1658466770784652,0.20232434654405668,0.0004635129827343472,0.6309659167092764
10862,0.5390370935947237,0.007381250706821878,0.010048481213413086,0.3275111081410554,0.11602206634398596
10863,0.019096834775227473,0.08729656950626731,0.10623924736363453,0.5367329235655108,0.25063442478936
10864,0.9616513128959124,0.007831133024970793,0.007422184309178561,0.009932548750224961,0.013162821019713224
10865,0.2936116133762913,0.011634201160530641,0.03861852713823507,0.5614574850470566,0.09467817327788634
10866,0.9201721073601592,0.008091183485000686,0.004809403064901624,0.01575119325504997,0.051176112834888494
10867,0.3985919973867571,0.015258458007482179,0.002821252973601375,0.49180119679840656,0.09152709483375286
10868,0.0012502760161158047,0.10518428896872334,0.1927763225179951,0.0009490706458115712,0.6998400418513543
10869,0.6825323227504151,0.00837062987937726,0.004831848405438459,0.20166656124483862,0.10259863771993055
10870,0.43749443003423916,0.05487793145255253,0.007939715318112734,0.30140627593613367,0.198281647258962
10871,0.3803163939394143,0.005565000549517788,0.01592726094936663,0.4246957393729389,0.17349560518876242
10872,0.006920506908744946,0.012580208074294354,0.20266845163056255,0.5265620210510087,0.25126881233538945
10873,0.03401990902776121,0.038576101510273846,0.06689801191877338,0.4339455595836092,0.4265604179595823
10874,0.8544119923060666,0.012952225136177055,0.007608203037994102,0.02948753594027225,0.09554004357948988
10875,0.6983097352323605,0.13926383003032974,0.051102803504354796,0.01701246192959699,0.09431116930335796
10876,0.7778390234358846,0.024814496861897475,0.0034710083694685237,0.029134455643737813,0.16474101568901178
10877,0.5895608878849358,0.02565042937161729,0.05149139704878804,0.1464854877932373,0.1868117979014217
10878,0.0003608937513386458,0.1537395638381099,0.13163575656154697,0.0008575592898908581,0.7134062265591136
10879,2.6906138459229186e-05,0.7394500581945329,0.08626642401651223,0.00028866220683245624,0.17396794944366306
10880,0.18001512971155903,0.11887758535618276,0.06519364872286786,0.04967435962665847,0.5862392765827319
10881,0.270773479516453,0.0025097200276542426,0.02093255017139253,0.5233506097953842,0.18243364048911598
10882,0.03213759984886227,0.01478223295686156,0.031885386272914276,0.2287498506399314,0.6924449302814305
10883,0.11177143538362923,0.005196737135814334,0.01240155318391919,0.7282121162349884,0.1424181580616487
10884,0.916033962235178,0.009767345694713065,0.014437632708720756,0.010669776082068599,0.04909128327931945
10885,0.8480698251309675,0.04228605315005963,0.028110991605233317,0.01878623817515725,0.06274689193858231
10886,0.12720742721525072,0.021925097619862232,0.03245872000690558,0.6700070196524918,0.14840173550548968
10887,0.03129941976368369,0.025952282473179652,0.07466163010540638,0.4698004001426171,0.3982862675151132
10888,0.29790466837169893,0.011904879895219923,0.012566047607353562,0.3604389870937844,0.3171854170319431
10889,0.3586457617473038,0.03816012772036296,0.0854530396931904,0.17040880668666175,0.34733226415248114
10890,0.3177254112934089,0.005646680878964871,0.022122070616788878,0.3899359021783242,0.2645699350325131
10891,0.00440237915900375,0.3644852837381791,0.5244622370505904,0.003443170970307261,0.10320692908191956
10892,0.005925898034288464,0.030898443490746146,0.5760261625488845,0.2225931358158003,0.16455636011028066
10893,0.33290142462809086,0.010827622304510256,0.015109847282603981,0.31337333488395475,0.32778777090084027
10894,0.8799404318980342,0.006833185377644508,0.017037126782694575,0.023277797164953925,0.07291145877667299
10895,0.227192954031654,0.032816259746805375,0.024355982902067974,0.6536988781331708,0.06193592518630174
10896,0.32704035074197163,0.012746571226164233,0.032784701858458415,0.47529745591477157,0.15213092025863434
10897,0.2747279203465938,0.05970833954891791,0.08164880963759608,0.34254597203788056,0.24136895842901165
10898,0.05072305481055138,0.016089426962197284,0.028453486252036576,0.8098618245123258,0.09487220746288903
10899,0.867388924024232,0.004394675127773547,0.001978526331091605,0.09645053154342748,0.029787342973475253
10900,0.5315992517601701,0.008999143690828217,0.0636359685393299,0.35742221567824567,0.03834342033142604
10901,0.3197796654538396,0.011955745928000992,0.017236332508728004,0.5503559441630246,0.10067231194640666
10902,0.8240996401451494,0.01025622391089199,0.022819298285291435,0.0913633494114383,0.05146148824722908
10903,0.8929378463631441,0.0030960448813445204,0.0011909185943093832,0.0806891405940256,0.02208604956717653
10904,0.00045229947188595043,0.15975720344032499,0.2525499063557571,0.0033719724241998684,0.5838686183078321
10905,0.4998058695985712,0.0030167197315219786,0.009617505309899601,0.33675635737453463,0.1508035479854724
10906,0.017574298197298537,0.04476917339411543,0.432189791852258,0.15253841707086344,0.35292831948546466
10907,0.3973232223812328,0.015986573469979202,0.00910330026354116,0.2872460570043343,0.29034084688091266
10908,0.34812090205814666,0.027483349107182427,0.07618286613725278,0.3389895241460018,0.20922335855141622
10909,0.7326856674972662,0.04143711198570232,0.02136771491809342,0.059583048878727354,0.14492645672021068
10910,0.006521912475508661,0.13388537374242382,0.011612218910548266,0.0031661986160459185,0.8448142962554733
10911,0.19003729625110885,0.005925571245596936,0.04821909781610487,0.47917185736660933,0.27664617732058006
10912,0.6409753305808827,0.008228006557092844,0.004541453719584635,0.2985555414532713,0.047699667689168446
10913,0.2799303110130468,0.029219152926200666,0.042279176841136155,0.44921303735948714,0.1993583218601292
10914,6.582312015952809e-05,0.17307555097428665,0.14502635555278443,0.0012082319339011066,0.6806240384188683
10915,0.010633840265155918,0.407972822022526,0.4845316591072347,0.0036945654047230306,0.09316711320036046
10916,0.02210213784790269,0.015187816818198488,0.1029655629858065,0.48211556454056514,0.3776289178075273
10917,0.22113473777882212,0.0048660137060752675,0.02061375582253824,0.6080634060220365,0.1453220866705279
10918,0.09905315114530688,0.006999226974527447,0.028672830077792307,0.7420899339015877,0.12318485790078566
10919,0.479131729385143,0.005289774653743155,0.006588680738020979,0.2109861772853862,0.2980036379377065
10920,0.21565378192796772,0.009949934661288552,0.038078125594760405,0.5912486145771517,0.14506954323883164
10921,0.1690572540264755,0.003219719872395564,0.018330636852952494,0.7205708175009121,0.0888215717472643
10922,0.16207079584293377,0.14362317242738337,0.09384427891109634,0.1015167632125305,0.498944989606056
10923,0.3958827402291009,0.04492392999510523,0.10504638461555098,0.19491595083445767,0.2592309943257852
10924,0.4182774332367702,0.20652838383909988,0.285365625506155,0.01098293107155255,0.07884562634642228
10925,0.4590774626996829,0.02753296460464125,0.045156234083152634,0.2671094737285865,0.2011238648839368
10926,0.43820676962358635,0.0014043407517118692,0.011512566415730336,0.4901456998918565,0.05873062331711495
10927,0.6316581534393131,0.006749960782759763,0.0062135615437598464,0.2774078735584928,0.07797045067567442
10928,0.986999776696815,0.001971019111138573,0.0032566063850098283,0.004490968592176699,0.0032816292148599335
10929,0.8776291261774104,0.02014555645137463,0.020478114758928107,0.014522756952872551,0.06722444565941424
10930,0.4578350152598794,0.002043573550133868,0.014962384205929494,0.4971231398310432,0.02803588715301384
10931,0.005051566825471101,0.09913869603805141,0.032053850626641095,0.059602031367566484,0.80415385514227
10932,0.004444054852537949,0.09424320040148823,0.11018455394626837,0.57260859830332,0.2185195924963853
10933,0.9600586779741574,0.00679019596329583,0.009329673830986238,0.012923529199670667,0.010897923031889736
10934,0.3868223306580691,0.030196352695381828,0.05611184470902092,0.2184671748955202,0.30840229704200794
10935,0.6395880698800176,0.00864268743545328,0.011774412788446181,0.3101838383539458,0.029810991542137153
10936,0.42826080186804216,0.0037152453824561096,0.016264118903991123,0.49685384657628134,0.05490598726922926
10937,0.5656966049114452,0.012418327051778347,0.053611015109399585,0.10733429189177211,0.26093976103560473
10938,0.22478054175054696,0.003937383324962646,0.03022178477752909,0.5827471194395832,0.15831317070737805
10939,0.12885091687513472,0.003602240802138775,0.05793573418222144,0.6028142523068777,0.20679685583362728
10940,0.19045486664226996,0.004499047089059589,0.04458338553421687,0.7225492759321652,0.03791342480228851
10941,0.00014656786397382066,0.13894082641157118,0.20868545133979186,0.002242257466374081,0.6499848969182891
10942,0.00457589860979439,0.014577892024033813,0.0726167078004186,0.7715952399847023,0.1366342615810509
10943,0.27573249563874097,0.009515914793749155,0.03117030528656698,0.5103814195213676,0.17319986475957527
10944,0.012337113141633533,0.03207536884346428,0.15035994902938,0.4664844927655425,0.3387430762199797
10945,0.16391957518352807,0.008078453099329749,0.027986177267046972,0.6339860480118902,0.16602974643820512
10946,0.31534535483440806,0.015969531898002022,0.06004208788788881,0.31072183947513693,0.2979211859045641
10947,0.23414736294955812,0.032116777791776185,0.07762802330647306,0.3529919247075256,0.30311591124466714
10948,0.20021100592356478,0.013980753310946963,0.025463822872344687,0.6995312748779038,0.06081314301523975
10949,0.017328153534383533,0.012725680536544276,0.13156056174299577,0.7199754187020511,0.11841018548402547
10950,0.007216801590104395,0.008374594332523936,0.1559291132710106,0.5564964814967985,0.2719830093095626
10951,0.2181350414789615,0.17355321895579717,0.20822910872979083,0.2200532573363545,0.18002937349909598
10952,0.9133093501032823,0.030941816494102194,0.01941790016613367,0.013955738396850697,0.022375194839631022
10953,0.2444184542386653,0.0031940814846400166,0.020386362220032105,0.6658214200843001,0.06617968197236244
10954,0.015420763951272063,0.054828576154574885,0.34408118838428925,0.08138589746262759,0.5042835740472362
10955,0.15525391234776004,0.005773794149737572,0.019531778122603906,0.7244147377362231,0.09502577764367537
10956,0.36977823313796915,0.004198390999693123,0.029036359033343877,0.4149989300426786,0.18198808678631523
10957,0.29446944656020557,0.0059071029766937285,0.022328536553115248,0.6302429454861063,0.04705196842387927
10958,0.2928364851128231,0.12768716583637832,0.1303062040072551,0.2709261170928509,0.17824402795069252
10959,0.007540001805071513,0.5093446532652381,0.13114971025536798,0.00563093233544192,0.3463347023388804
10960,0.4742220673859254,0.00455279856027483,0.004585956699457887,0.3673766293543174,0.14926254800002448
10961,0.8366682854984804,0.09196257055638983,0.02167064526727918,0.009524659348941453,0.04017383932890907
10962,0.004614987263408223,0.48045143805005147,0.4331191150280306,0.0026500230168038635,0.07916443664170575
10963,0.06872282579694193,0.13441540267897492,0.1526937599670207,0.08318621803333813,0.5609817935237243
10964,0.9199497615737608,0.005653871367236343,0.05045065128603857,0.0071216723153157595,0.01682404345764851
10965,0.2201754584781321,0.010036869328985997,0.037412887752400474,0.5610510639902263,0.1713237204502552
10966,7.53530426248544e-05,0.14448468121348865,0.17858286857638894,0.0012293079950308058,0.6756277891724667
10967,0.31813079075278816,0.026143152443839315,0.10595770302818201,0.4583129900845883,0.09145536369060224
10968,0.8580869226926584,0.04388494871088043,0.022509992730569,0.03556972628670548,0.03994840957918671
10969,0.20695002184387773,0.004158028875874602,0.03148359720268082,0.7021240689663957,0.05528428311117121
10970,0.03509451119916873,0.02378676034181641,0.06320725423096328,0.5212031932537377,0.3567082809743138
10971,0.02307169380063276,0.026367610170601862,0.4049055143100188,0.005427184816922635,0.540227996901824
10972,0.9505078612564646,0.012170515037095275,0.007880960883059404,0.003946091494116333,0.025494571329264446
10973,0.3326499294438857,0.004526473492775981,0.014421900595967119,0.3534120060867598,0.29498969038061135
10974,0.44420902850491584,0.036675136581059885,0.08106268159301419,0.2696177655952198,0.16843538772579034
10975,0.19344546882320332,0.008937092948834517,0.050627214943413906,0.5244156807319252,0.22257454255262304
10976,0.011684437848166985,0.006054678557755429,0.10379463543712708,0.7341551334872001,0.14431111466975047
10977,0.4830675154253306,0.003006403105260609,0.015706579918193575,0.35731867295283354,0.14090082859838177
10978,0.003162461788546675,0.5394424007095289,0.026188617330911493,0.013719708591843858,0.4174868115791693
10979,0.7335078803775011,0.0061968719038388515,0.0044457305445209944,0.15639409718516528,0.09945541998897363
10980,0.025083576005671883,0.16484569651727846,0.29633872197404726,0.17663427134733312,0.33709773415566935
10981,0.15993410042151532,0.004535115985047078,0.028165132783580175,0.5767589863027724,0.23060666450708495
10982,0.715145949881151,0.003579850422028573,0.0042517696793430365,0.1855888650929939,0.0914335649244833
10983,0.573617641166823,0.01761817175319761,0.01046075301172614,0.022683301827678387,0.3756201322405748
10984,0.3584175377790087,0.004744022359653883,0.03408711772099541,0.3333892586093928,0.2693620635309493
10985,0.15714028476470548,0.010681643071466154,0.04811591798104041,0.5887616960218482,0.1953004581609398
10986,0.3070719220647959,0.05476494958572487,0.18652108730773395,0.2718574022736923,0.17978463876805292
10987,0.010382582396444339,0.37935746405477627,0.5092545884846281,0.0037010981426756737,0.09730426692147558
10988,0.1527917512943989,0.004028863462625341,0.02474008751635907,0.7619205886985223,0.05651870902809441
10989,0.8827777255263536,0.005756572542922926,0.015393618856499413,0.03980788463349192,0.05626419844073203
10990,0.8343857260717543,0.01059224603436655,0.016044953114092084,0.10827340170654641,0.03070367307324082
10991,0.46997959376146065,0.05590651255416519,0.07588217221196702,0.2605226938357771,0.13770902763662998
10992,0.2412846011933859,0.002102466822841199,0.01670242853442912,0.5609698332353218,0.17894067021402196
10993,0.32604990704199505,0.005219998437635026,0.008683142397875399,0.4737197317674817,0.18632722035501284
10994,0.0011509912180201224,0.4156531006641931,0.4804186046271182,0.0033157961436886055,0.09946150734698006
10995,0.02888748414010634,0.014592955380460938,0.06788547685835115,0.47550920096031696,0.4131248826607645
10996,0.44587586652456773,0.009484721637023234,0.02004957206907662,0.4287255200865585,0.09586431968277381
10997,0.04785912985376319,0.6308829111043321,0.1973447287328787,0.006607895545607218,0.11730533476341866
10998,0.5910693505003772,0.009837757177669186,0.042516989897284,0.11078595772200402,0.24578994470266555
10999,0.4260584302633551,0.1067979363765059,0.1449547016616098,0.013582221796054578,0.3086067099024745
11000,0.0006076606542546143,0.12160405408919876,0.0024561581690965163,0.017302082780179823,0.8580300443072703
11001,0.7773553044743928,0.09537755559283394,0.027665767071577783,0.03355981260152792,0.0660415602596674
11002,0.2858958727771394,0.007895662974633656,0.0254384116772197,0.464326226604959,0.2164438259660482
11003,0.2721579231012257,0.15514166112132877,0.10836473660025141,0.2797555372850909,0.18458014189210323
11004,0.33641475356717204,0.00384059333252803,0.026869758272340238,0.4052828340254792,0.22759206080248048
11005,0.3874548993787622,0.008896453618370749,0.020000572304219193,0.46363465921167085,0.12001341548697685
11006,0.8677830917021285,0.023902183629443255,0.023651840028373804,0.01992403910761027,0.06473884553244419
11007,0.0022704477689718533,0.1943878612442475,0.20551957654673636,0.0020872395900555767,0.5957348748499887
11008,0.00021930963979183743,0.12364550006201437,0.19657176965326142,0.0010905249122142569,0.6784728957327182
11009,0.3087974392535885,0.009489997971699759,0.012582222121564702,0.3788012200730502,0.2903291205800968
11010,0.9789543660427618,0.006448163365608359,0.0034140027166367735,0.005897742109056713,0.005285725765936406
11011,0.27057481592478594,0.006324511609350818,0.01871009112660091,0.44173853013019576,0.26265205120906654
11012,0.4422395949477356,0.02740311479442704,0.06632454113637787,0.2756282845027226,0.18840446461873678
11013,0.48863667207276484,0.016393493147641883,0.041435892256692836,0.35809941448165583,0.09543452804124457
11014,0.7220041602604089,0.0039968922107580926,0.0030801881157975163,0.16139515281723366,0.10952360659580196
11015,0.9751787011027869,0.003988223937742833,0.0035523356712316967,0.009314145075297911,0.00796659421294038
11016,0.6639981580971067,0.00438158663411263,0.012542581791806688,0.022751573468089776,0.29632610000888404
11017,0.2887485851304892,0.012735801101727812,0.13231883755429488,0.1346184070421294,0.43157836917135883
11018,0.4806075632907061,0.043179808792278195,0.024813963981518146,0.03735349323665197,0.4140451706988458
11019,0.5006040323362149,0.025843142630282968,0.044837717641294746,0.3463496219036891,0.08236548548851821
11020,0.0024358446597838477,0.2321338288759617,0.16582631747974255,0.0017654619148493517,0.5978385470696626
11021,0.17138561049633644,0.007480229482087533,0.04086623136491043,0.6522403824377742,0.12802754621889148
11022,0.007986768865028561,0.095195562654381,0.6732541659876962,0.02266897372894783,0.20089452876394637
11023,0.8562007631687892,0.002207799823354904,0.00045029551014666414,0.0856363695901278,0.0555047719075815
11024,0.5292830497429054,0.013985143585231676,0.049902982223910604,0.3642236542544537,0.04260517019349848
11025,0.9119873553696175,0.007641598551078783,0.00394175051325781,0.021395615717228544,0.05503367984881708
11026,0.00897909276472174,0.4285762811639727,0.4814525422089799,0.0037631474496015813,0.07722893641272426
11027,0.23520107194006346,0.01170143566432875,0.051538885345882066,0.476538843254292,0.22501976379543367
11028,0.8091550259955255,0.08181757111606867,0.033432651069649134,0.017924206932642614,0.05767054488611414
11029,0.00039793721087244506,0.7856253382129242,0.003643158094264389,0.00016443277201609016,0.2101691337099227
11030,0.04267556828598195,0.026496310560604166,0.05960366059952309,0.6225108113067825,0.24871364924710837
11031,0.23717896276526765,0.07374363144784565,0.12496611042792037,0.38627216795682173,0.17783912740214444
11032,0.5183525930902084,0.03179916657538803,0.05914702261131535,0.10607584297920727,0.284625374743881
11033,0.12966224753369487,0.0414065027012548,0.018092150994851952,0.26930946742846007,0.5415296313417383
11034,0.009825298918311229,0.46791652255738797,0.4494652549741048,0.003266568545473441,0.06952635500472255
11035,0.004091075638287082,0.3119078815309354,0.5683657147715575,0.006041917457229891,0.10959341060199021
11036,0.11180750100230574,0.008915089101787075,0.036201540009895346,0.645279657882943,0.19779621200306893
11037,0.48169648311648294,0.031353478307085195,0.2679084316745288,0.11449964626490194,0.10454196063700114
11038,0.02805979286571849,0.21915927386587059,0.2675201513049278,0.1613057832425794,0.3239549987209037
11039,0.14887607703367745,0.007810165555982873,0.0477156636902489,0.579620088191537,0.21597800552855392
11040,0.5343931386319171,0.007628122008620596,0.008413393303936827,0.24182030782418973,0.20774503823133578
11041,0.6288454762788954,0.0245827555820902,0.20549184630012376,0.021719533460262737,0.11936038837862777
11042,0.0007914211345399229,0.16634134739446477,0.14888173130806343,0.0009239214593004309,0.6830615787036314
11043,0.8587383308092454,0.043105890282288464,0.025015435316312503,0.02206549890414137,0.05107484468801226
11044,0.014272407383184586,0.026703333638186114,0.09217116975014718,0.7663248556704284,0.10052823355805376
11045,0.8662806714551087,0.015528056642954185,0.006438298030342863,0.016750168438470676,0.09500280543312364
11046,0.12704734464868242,0.4046583973363552,0.3322966501885777,0.0384773259712683,0.09752028185511633
11047,0.025943449814411306,0.316756651106896,0.27945440409505273,0.0010667681086639744,0.37677872687497604
11048,0.3441569105272389,0.0061341649094051355,0.02138683827164306,0.4272876194945,0.20103446679721299
11049,0.31321998576663207,0.005965867283863102,0.027784512456740608,0.41828294004429983,0.23474669444846444
11050,0.2573392124023186,0.0049885323249198935,0.03340872284478314,0.6721464940530553,0.032117038374923024
11051,0.02591763210112306,0.02040352400843741,0.06106367764169028,0.4625419713845803,0.43007319486416906
11052,0.49858199314526513,0.023170629707037316,0.0901791366711125,0.2692005993770115,0.11886764109957353
11053,0.35738702970660846,0.0031141887186438805,0.008789085745415084,0.41353240936728397,0.21717728646204867
11054,0.19218577040691423,0.018400064454567794,0.04822754190543411,0.5321134936558263,0.20907312957725763
11055,0.2675835739920228,0.004971183668941006,0.027760517599030567,0.6245734192776661,0.07511130546233959
11056,0.5938008987713355,0.12693141277114695,0.0701431700735237,0.06778960604649428,0.1413349123374996
11057,0.01397473357122536,0.017061197364393346,0.1143818561491823,0.7172101920270996,0.13737202088809936
11058,0.004962073379964141,0.08987310129562116,0.7026497189579126,0.014529440907355522,0.18798566545914658
11059,0.024513346106217037,0.09006842760222307,0.05359938465567155,0.023804026575462805,0.8080148150604255
11060,0.20298170529728246,0.12217667896153311,0.17359344936751434,0.3932027821298094,0.10804538424386069
11061,0.22751297787498334,0.003773115547221564,0.050295558109688866,0.3939320645672211,0.32448628390088513
11062,0.019953512687217283,0.04396394672127549,0.6804777065960582,0.03374504522990659,0.22185978876554238
11063,0.2623235087455609,0.021586938205221347,0.0765027861288706,0.37012318162534547,0.26946358529500175
11064,0.5189182010102263,0.003504638325350623,0.00971760172991958,0.38143159629515255,0.08642796263935086
11065,0.004163433434848782,0.4076884994536379,0.47804524495679723,0.005836376997252149,0.10426644515746396
11066,0.005603956403360418,0.6075228479615757,0.3440740678999045,0.0005292624912053358,0.04226986524395403
11067,0.2455782432434233,0.0030384307567963525,0.037726054323277775,0.6518996569545386,0.06175761472196403
11068,0.005112313430996742,0.23893313869693827,0.3217968307250816,0.002952764232894743,0.4312049529140885
11069,0.364728841834596,0.0068369475534204634,0.0226220641467969,0.40613276337714005,0.1996793830880465
11070,0.3324148992545154,0.006992484699653576,0.024012674497394727,0.5561119732302492,0.08046796831818712
11071,0.4543073671179452,0.037435295584707526,0.010608038335566129,0.4366054239171793,0.06104387504460172
11072,0.5640982367053855,0.2361334273951576,0.02438130087456063,0.00987278187867412,0.1655142531462222
11073,0.25094856875495086,0.007843993885152813,0.02896813133442006,0.5999904264658896,0.11224887955958662
11074,0.012649456319647569,0.0565178375067528,0.5806301964725264,0.004317552492317989,0.34588495720875506
11075,0.3704098404439313,0.0050200217087317325,0.012759020174165135,0.3122680963612617,0.29954302131191013
11076,0.7967133470400402,0.0619226770985739,0.040173899963284736,0.028731785108857363,0.07245829078924379
11077,0.0012440526890988063,0.2795817720576226,0.21702173978539152,0.0012117940069426888,0.5009406414609444
11078,0.22360335259597264,0.13931061677480175,0.12192239506696816,0.338824316988456,0.17633931857380133
11079,0.9880867429988037,0.0029267015637397774,0.00318389008329455,0.0023600036937460175,0.0034426616604159308
11080,0.0032007310228654006,0.37319791467188673,0.5000958062914793,0.006602596266515011,0.11690295174725346
11081,0.0011787985626411383,0.09618595481583868,0.1430362497126954,0.0008461888181910855,0.7587528080906337
11082,0.4471881962197914,0.0028508117221725695,0.008746928475651748,0.507738771160064,0.033475292422320224
11083,0.00751117573789226,0.014958459901971933,0.09399417910182997,0.6297998993592209,0.25373628589908503
11084,0.37543994597076685,0.011949553412219012,0.016061786865019554,0.5193066056832277,0.0772421080687668
11085,0.5844464961040859,0.0031252677867102305,0.006881232077738928,0.33160225245364144,0.07394475157782336
11086,0.26452696067838505,0.03583441269002014,0.10850424637122941,0.32923041116186796,0.2619039690984975
11087,0.11255462344705551,0.01810003057319882,0.05047996826639939,0.6493402506920484,0.16952512702129768
11088,0.023073573117544915,0.01860890045019406,0.1072643780118868,0.6648537752846304,0.186199373135744
11089,0.5173754892796475,0.011641435056542498,0.005278714910193771,0.32036759200767123,0.14533676874594503
11090,0.2613414638885865,0.0026356321672095146,0.03751858561814454,0.4719877707456628,0.22651654758039663
11091,0.1923618450041981,0.1170591344908149,0.2184748562377435,0.022923152638855825,0.44918101162838764
11092,0.9456577450057994,0.009873129656739577,0.010395832044652447,0.007810637040234392,0.026262656252574536
11093,0.8270329354381646,0.10046801683339332,0.023377359719299173,0.012425212831599315,0.036696475177543535
11094,0.18630461114391314,0.007703809613020987,0.028274965192715964,0.6204097474519829,0.15730686659836698
11095,0.00739449537919755,0.01740759025146207,0.5553257192213542,0.05192739082541707,0.3679448043225691
11096,0.016299160406698272,0.5724912740765788,0.34241620531545547,0.0014004886723355918,0.06739287152893177
11097,5.077290918276565e-05,0.5557279293322303,0.15311914565004292,0.0010448844787019466,0.29005726762984213
11098,0.012287938562377981,0.1693769622688645,0.6420464485046107,0.0011499278823103682,0.17513872278183645
11099,0.05044995922943065,0.060521996235382625,0.046668399948696114,0.03380055380479524,0.8085590907816954
11100,0.27067327249660367,0.004313072554121093,0.02170248733049009,0.6672976072926972,0.03601356032608794
11101,0.693307358917667,0.012335863537925535,0.004928130875003411,0.17140442059828376,0.11802422607112037
11102,0.5501544057002989,0.016422327532946267,0.04726911799325984,0.3026833279713873,0.08347082080210767
11103,0.00142656285625432,0.08074126390963807,0.1605265881294736,0.0009062764934394364,0.7563993086111945
11104,0.0021881095511064987,0.0589059952626712,0.8073016174031636,0.011366496531318604,0.12023778125174024
11105,0.09687704948918208,0.03029957409128812,0.0247160421697247,0.40400037150090407,0.4441069627489011
11106,0.6101907620085496,0.005598415350093538,0.003388494202135664,0.3419954788695646,0.03882684956965671
11107,0.7829764503077563,0.01669625864076872,0.12787315841932248,0.006130638999382891,0.06632349363276972
11108,0.1824224068849883,0.00849600469672185,0.015093803402210698,0.6200196922050334,0.17396809281104583
11109,0.1151698456478275,0.0024718548647496524,0.034110387556671055,0.727420397481028,0.12082751444972363
11110,0.0031415605925408487,0.3377178419443783,0.031504663817118306,0.06810254010844452,0.559533393537518
11111,0.21823063417601665,0.006127975572702708,0.02400119254010342,0.6920653180958029,0.059574879615374325
11112,0.0030065043619672935,0.0439766587723235,0.7444015365028173,0.010057161685668493,0.19855813867722333
11113,0.6496824456544095,0.11327170972874637,0.05409261987264498,0.018974883258105885,0.16397834148609325
11114,0.22977843944341808,0.026789686786559283,0.05666001343438315,0.33515696508357046,0.351614895252069
11115,0.3191966759512359,0.011671853770159127,0.02614295515009762,0.5538221710837128,0.08916634404479469
11116,0.3356694220698468,0.006492975717892125,0.029004784725907205,0.42602954345594585,0.20280327403040804
11117,0.36241188233312477,0.0023331440175566056,0.01340737553172064,0.5612216712797913,0.06062592683780679
11118,0.010376857053165923,0.012340867909602468,0.13624961184110662,0.4885481833316848,0.3524844798644403
11119,0.9866593630913381,0.0016481945486344768,0.0030658930596837177,0.0046560654048813125,0.003970483895462218
11120,0.9837787326925685,0.003731417315532101,0.0034584474639783023,0.005396992480542296,0.003634410047378994
11121,0.5452824683802733,0.08373261635293493,0.08123089584089883,0.13526417201749413,0.15448984740839886
11122,0.3581856943647596,0.004184513263598898,0.03143176841845078,0.434504031942829,0.1716939920103617
11123,0.4334054299112405,0.01587021493565366,0.012519243692808666,0.18514202687336104,0.3530630845869361
11124,0.4693062692826521,0.006738746637132287,0.014610253290704736,0.44031242097982787,0.06903230980968293
11125,0.8362719322463525,0.010409896213269905,0.02026691887652406,0.09040596135196019,0.042645291311893437
11126,0.3690421260970359,0.01058294744619869,0.02242260094483215,0.3655745234202487,0.23237780209168454
11127,0.024035234964748856,0.0483663500726122,0.1716754604029771,0.09634863697120674,0.6595743175884551
11128,0.0002086106285242516,0.12476799978355325,0.22557178063493935,0.00189157486711619,0.647560034085867
11129,0.8395691361204314,0.0076384788822761234,0.01877241463857466,0.08186991295394849,0.05215005740476923
11130,0.9391480477884532,0.007087709695159072,0.010057664915322149,0.009771305185494282,0.033935272415571476
11131,0.12018781962218616,0.03627309416098934,0.05509407237088097,0.7488369773300027,0.039608036515940886
11132,0.7043904629365869,0.05627074037850002,0.15150749577353786,0.007939944492457844,0.07989135641891744
11133,0.6341732983812107,0.03466149857255508,0.02501519196266114,0.09368155935666025,0.21246845172691275
11134,0.26014092055482535,0.029319414583295875,0.12283862089830737,0.08237698945090592,0.5053240545126655
11135,0.6925695377251817,0.007013658284724775,0.002942789771583559,0.10517057255111939,0.19230344166739038
11136,0.06957113510996021,0.09138284725739922,0.04739697743499507,0.04722690120260013,0.7444221389950455
11137,0.004028624607162195,0.016874780403888047,0.5898490528344891,0.010743011009537447,0.37850453114492333
11138,0.008504898211212197,0.2575854228355911,0.6407529756185624,0.006131997511816732,0.08702470582281753
11139,0.06131991007905366,0.08030291705531509,0.17823850182822104,0.13443503624751066,0.5457036347898996
11140,0.3483229614405407,0.0038381550423925116,0.015686011078317234,0.5046254466712067,0.1275274257675429
11141,0.46318918271071563,0.0042470662249816105,0.014711512713918204,0.3116435734896444,0.20620866486074013
11142,0.019825235170947347,0.010354593277278407,0.11779617170810316,0.48023824002894844,0.37178575981472267
11143,0.6648958041100448,0.022291118384445117,0.03864376798509836,0.0891427638064408,0.18502654571397098
11144,0.36177021821053285,0.0015640484631343136,0.011047608578222082,0.5648966148054689,0.060721509942641756
11145,0.2253088721295019,0.09123903766330224,0.1498024395698544,0.378812862613027,0.1548367880243146
11146,0.011498039499612266,0.3784692208406971,0.5162201717711137,0.002767191559000283,0.09104537632957657
11147,0.9247852896921372,0.01381824980327671,0.011052164262596212,0.008667664351312577,0.04167663189067713
11148,0.4848612070311221,0.05910576182110046,0.030076653682326496,0.02798052451753775,0.39797585294791316
11149,0.8030076535220902,0.1382697385631601,0.024562985828514648,0.0054441661848098665,0.028715455901424977
11150,0.3127597320160333,0.033331135339135155,0.07621216611339805,0.23008042451387606,0.3476165420175575
11151,0.6493428435483447,0.006191621723537518,0.0062837883297569555,0.12509950848504872,0.21308223791331188
11152,0.40742969052633043,0.04226780369527248,0.16053485771962075,0.23325746789559842,0.15651018016317794
11153,0.3901661451598491,0.0025722390327900897,0.01823501874080646,0.3480322794663772,0.24099431760017695
11154,0.31650593612755523,0.012321734010253821,0.44581704975905845,0.1661750634549904,0.05918021664814219
11155,0.14192924788731145,0.005878315072340697,0.02015430077359175,0.7308436211309948,0.1011945151357614
11156,0.18621583255895355,0.0024138064150942364,0.06926264584178589,0.5925984685604284,0.14950924662373802
11157,0.04230530259828898,0.44430271154747397,0.4304553569656984,0.0026177398347283646,0.08031888905381028
11158,0.5735014673163945,0.015029714201739429,0.033830412398855696,0.17465238518801782,0.20298602089499249
11159,0.8490324626801007,0.018481835689003617,0.020401054508572252,0.018559223579909065,0.09352542354241447
11160,0.008062988320234584,0.023319723055156744,0.0333285671575869,0.6486287008026984,0.2866600206643234
11161,0.8793975924325401,0.012925450345191184,0.016684110020693484,0.015924132482674727,0.07506871471890031
11162,0.36243754105981785,0.004948029842224679,0.020089961816594892,0.35030390647677984,0.2622205608045829
11163,0.19479698295271775,0.026696376601843083,0.14701293609061478,0.5474988475906647,0.08399485676415978
11164,0.26106145647672824,0.006175017760015578,0.009413443496005217,0.483003249171073,0.24034683309617813
11165,0.3302192877651258,0.005205723933152723,0.023212123375569327,0.5880980993903112,0.053264765535840926
11166,0.22007375613397465,0.006616049678102614,0.02484299066828156,0.579241507040764,0.16922569647887709
11167,0.2237062977378292,0.005338491559268082,0.03395610180332255,0.6663923306245155,0.07060677827506463
11168,0.01306665912134625,0.09739870165223499,0.5361090240549886,0.1518774363248942,0.20154817884653597
11169,0.819972833217073,0.03831441316940421,0.03624866167807749,0.05801170169909817,0.04745239023634715
11170,0.0005818734531298108,0.15451389141009148,0.1511329693488387,0.0010907405123282636,0.6926805252756119
11171,0.014077524172134561,0.06919007514185972,0.3782405141907129,0.08842878682098453,0.4500630996743083
11172,0.0031309046069454894,0.11200923286768426,0.2222651373059414,0.002475519694846576,0.6601192055245824
11173,0.6530072284630525,0.04741647402513521,0.013292729522599874,0.028472162813715566,0.25781140517549694
11174,0.0021366638938433145,0.35920057190847393,0.5537687316643778,0.0032271327611850275,0.08166689977211992
11175,0.9077863862355637,0.011866012080475483,0.010569130180938533,0.02360026986426443,0.046178201638757715
11176,0.00045467079225699586,0.3606610518592075,0.5351273760129828,0.006382155959521505,0.09737474537603125
11177,0.10783044816144982,0.08344420118013517,0.41630679368254764,0.17303901854735268,0.21937953842851468
11178,0.008117656415884167,0.009468910338729855,0.1120299613266244,0.5517592262975847,0.3186242456211769
11179,0.0051481598334822,0.045839442802768054,0.05171520767624192,0.21220234864365145,0.6850948410438564
11180,0.08179457650354861,0.04985212677543908,0.7330710216593541,0.07176787142060108,0.06351440364105711
11181,0.3395477223000973,0.002417632248518061,0.02649812782189862,0.43417469320488067,0.1973618244246054
11182,0.5431598741983136,0.008489249300900814,0.0388510559688496,0.3254264556140132,0.08407336491792279
11183,0.3821286337690374,0.006043858950523439,0.01838996526855265,0.5334646416970811,0.05997290031480547
11184,0.24506059171371095,0.02834719347704364,0.06945877869888326,0.3518169740804545,0.30531646202990775
11185,0.023084231360831115,0.01486261646672809,0.12858797662953592,0.45100132774200347,0.3824638478009014
11186,0.0258795579534853,0.04226573612819499,0.256972724050316,0.07007022535008472,0.6048117565179189
11187,0.9107281053681456,0.01146640916308504,0.05391840564955287,0.007665272110254584,0.016221807708962074
11188,0.24512172873909946,0.007799464583005838,0.01871485502471022,0.6900414279416841,0.03832252371150033
11189,0.3931449616529561,0.010599533280545536,0.0214939995672933,0.387449030438223,0.18731247506098203
11190,0.6290167334712589,0.01942639475470412,0.050504434843485414,0.11470707884580715,0.18634535808474448
11191,0.5321979254168058,0.0046085209053590434,0.011522100048187213,0.3921389000772715,0.059532553552376376
11192,0.011919179628209205,0.03588266092901986,0.5895240123244089,0.007551754341806978,0.35512239277655494
11193,0.0001316410968335324,0.50170331616439,0.1975854341005551,0.0006155855835994313,0.29996402305462183
11194,0.37310667509023115,0.005240542638182611,0.027185663965184376,0.3391306072774705,0.25533651102893135
11195,0.5611616779692028,0.0189877331002876,0.2519862041588183,0.09677525700615523,0.07108912776553611
11196,0.8473798976078353,0.004030112250960705,0.00222187824519859,0.09606862567768412,0.050299486218321476
11197,0.3918747535381274,0.003725281777275247,0.007171778252567141,0.35947326535377283,0.23775492107825735
11198,0.3060273260106538,0.005674244439236591,0.03078509107133161,0.5207340973703335,0.13677924110844444
11199,0.29677455984287565,0.005145016963429433,0.03152764127265393,0.5873840906703175,0.07916869125072339
11200,0.3566927880921999,0.006530734601391217,0.03179505895666834,0.5678882013454515,0.037093217004289074
11201,0.002469739932880566,0.7090261294180668,0.03418361942544837,0.004016204718570405,0.25030430650503394
11202,0.11249226769507786,0.011387960374297,0.09164162264593591,0.655171785250455,0.12930636403423407
11203,0.2594276373201762,0.0025911804732842653,0.04677076515467545,0.46648637311716146,0.22472404393470255
11204,0.77245780487139,0.008767664523104337,0.003847920083687505,0.14618171764273652,0.06874489287908173
11205,0.9665078375367749,0.006499911549027322,0.007178758698454078,0.00828182201846581,0.01153167019727772
11206,0.3351691396849162,0.004991873816025518,0.019096713319061844,0.5753718748150828,0.0653703983649137
11207,0.8617318710609527,0.030275937883153307,0.02902571156716961,0.03405037436786372,0.044916105120860764
11208,0.0018783729366841537,0.21207406612851945,0.24478374340880385,0.0028846355025741177,0.5383791820234184
11209,0.13318178374059453,0.004050029323104753,0.008348212078997014,0.7518731660584006,0.10254680879890324
11210,0.3992937743003791,0.061310283167800364,0.09937211371794291,0.21891106797923793,0.22111276083463982
11211,0.6200804218204301,0.028137185908216532,0.03785267893151495,0.15801767455562593,0.15591203878421253
11212,0.8668592990728445,0.025004993421268194,0.026362848935476236,0.035873499722403175,0.045899358848007915
11213,0.005777385957621524,0.5199215690036709,0.4182724176552246,0.002814881666641783,0.05321374571684111
11214,0.43067888895206474,0.0067236024268045045,0.018733417731377128,0.4015171906743926,0.14234690021536098
11215,0.7528522914417916,0.002410399399375198,0.002827972931731372,0.087920374489245,0.15398896173785695
11216,0.8347398572428785,0.013374182844469234,0.010784000630341134,0.025641949850522636,0.11546000943178857
11217,0.1899199238561843,0.00464760113613744,0.031721625576671277,0.6155688551762881,0.15814199425471875
11218,0.005167628792624372,0.22180070074455427,0.6059122457111713,0.016205749989351276,0.1509136747622988
11219,0.2640622111109452,0.052185277019737984,0.07612359952740308,0.3434712762408034,0.26415763610111026
11220,0.08421865686132964,0.004844806547999019,0.021932153706393665,0.7322565412453471,0.1567478416389305
11221,0.3654005521346721,0.007060853338407038,0.020335699849552163,0.5357685989039344,0.07143429577343434
11222,0.8692974251973077,0.010392966292265503,0.02600832412362302,0.016747311434483735,0.07755397295231996
11223,0.6202484236060796,0.024775211441470022,0.0509320122119373,0.09365827280502564,0.21038607993548752
11224,0.30966863478399137,0.011114799440997875,0.02482558822304074,0.5276426775915928,0.1267482999603773
11225,0.2917723464825447,0.0049155647452101625,0.018019640623711253,0.6576288665846985,0.02766358156383525
11226,0.4468593422867603,0.01070695717912438,0.009252722421292497,0.4786959181930379,0.05448505991978486
11227,0.011168407233348483,0.03553551196335191,0.34324685969232493,0.09086236492632431,0.5191868561846503
11228,0.07039509670983374,0.5770076142418893,0.16710157255688873,0.012860012122941269,0.17263570436844697
11229,0.8570732416100222,0.04798464998570534,0.03415009162147806,0.014071369690816448,0.04672064709197819
11230,0.23475649656264125,0.006579894018554363,0.03608916867148632,0.5973646580679063,0.1252097826794118
11231,0.029158998606227657,0.04008220290595778,0.06872106977628739,0.07368084276312645,0.7883568859484007
11232,0.29920102444314606,0.0030102483218532017,0.01768856222079382,0.6380901632043123,0.04201000180989464
11233,0.43852546279933075,0.016351802900978936,0.012657519900779273,0.25884081402916215,0.2736244003697488
11234,0.002324289627635775,0.20380258778186344,0.20092683145044987,0.0022043909000714766,0.5907419002399795
11235,0.2984420611656422,0.006150456218184644,0.026011379715688246,0.43899078881002335,0.23040531409046147
11236,0.14859435500818402,0.05784557771071595,0.002461724400384899,0.088479634076837,0.7026187088038781
11237,0.005258011309400239,0.3969070836670154,0.5001065580551588,0.006113511186558035,0.09161483578186758
11238,0.2867465374514516,0.006798500333695851,0.013948943802869805,0.34349754053338705,0.3490084778785958
11239,0.04390057594029916,0.1071372576456938,0.09958220700643197,0.0659225804053459,0.6834573790022291
11240,0.22364351908786573,0.003712838619977139,0.027929721026665407,0.6782267319299584,0.06648718933553335
11241,0.6228660586123596,0.006204931904822837,0.006545555878156504,0.24027841448278384,0.12410503912187726
11242,0.004894362370678621,0.049538828145245836,0.6584733096778602,0.007489313964513264,0.2796041858417021
11243,0.2128539169882449,0.0065411332136920165,0.030807208884178063,0.5296490791779979,0.220148661735887
11244,0.38025681969888997,0.03579969390771742,0.30871599077223993,0.15690199273880429,0.11832550288234849
11245,0.5744845395638217,0.009217586610523422,0.006739804880372895,0.2405034603379347,0.16905460860734742
11246,0.018201572700039838,0.9186016712631702,0.04107289490194322,0.0004897846004821478,0.02163407653436453
11247,0.22927954355802363,0.0061749899214014305,0.0344692029403576,0.6505510096652108,0.0795252539150066
11248,0.015742153574355103,0.01360289551989095,0.13764494758146187,0.686422417508687,0.14658758581560496
11249,0.8786725760861541,0.007393995549867414,0.017451846160014703,0.049210699369783235,0.047270882834180634
11250,0.5096796413412765,0.004968788556024965,0.013957698807894466,0.3424673616642488,0.1289265096305554
11251,0.8814385716343793,0.017059783705101108,0.023436912583041952,0.027159192753954172,0.05090553932352334
11252,0.23663074627900108,0.004069831679196328,0.019595511368857958,0.5046082690500864,0.2350956416228583
11253,0.18724723955897501,0.01214008254437922,0.05044535052114378,0.5518658175489007,0.19830150982660133
11254,0.009996158059486424,0.030734004870457066,0.13103999489164753,0.5857996193852554,0.24243022279315352
11255,0.061665073589292414,0.00539962399861735,0.03230961575788459,0.7974165125880588,0.10320917406614695
11256,0.41100030930022374,0.004692564310769976,0.014721774178743959,0.3382250467117763,0.23136030549848594
11257,0.19175115569153953,0.017878489915705266,0.3814319212717614,0.1725065510369193,0.23643188208407462
11258,0.2183641722533142,0.009481911541794954,0.0341709923345172,0.6662307068354962,0.07175221703487744
11259,0.36574648291882955,0.013976059869722408,0.011612880805894503,0.35925060754491017,0.2494139688606434
11260,0.32420474509699293,0.025918280478090493,0.06719736964943951,0.3214744869692989,0.2612051178061781
11261,0.7447424243852908,0.11143666348634451,0.04606612972245443,0.026583299673895798,0.0711714827320146
11262,0.5623363478786466,0.055174549809555704,0.027049728256805815,0.04458128833553851,0.31085808571945345
11263,0.5112084360232373,0.004670154694406956,0.013826821343816329,0.25700907683384566,0.21328551110469385
11264,0.32557125289358163,0.0044961801051404795,0.02828591201215834,0.5089840870201288,0.1326625679689907
11265,0.27523217623822327,0.0080212630539179,0.047465298017750845,0.45859079567164746,0.21069046701846045
11266,0.2030009390810284,0.007912743399828984,0.0479853253649267,0.4589314610610901,0.2821695310931257
11267,0.0167574431282805,0.01684480487055963,0.10197577033305695,0.3191394549329018,0.5452825267352012
11268,0.1484243253464988,0.003763774248561726,0.05926214106612723,0.6339137271829177,0.1546360321558945
11269,0.3118245569976729,0.002679577814707084,0.028280131331427576,0.4437654595228177,0.21345027433337477
11270,0.07957251990867105,0.5571886136228273,0.21069753612945435,0.007021345506745871,0.1455199848323012
11271,0.9704047987528414,0.006277201418401799,0.00497129056147928,0.008587980770465192,0.009758728496812292
11272,0.0012143764424542383,0.14712248739221215,0.17020241670574238,0.000567131286809288,0.6808935881727819
11273,0.3891043724729913,0.005896634316125507,0.004361563521191925,0.402785567820215,0.19785186186947623
11274,0.04319462859203947,0.3087716629380063,0.4909864873325568,0.0013676980331046326,0.15567952310429276
11275,0.45500055340360274,0.003546258870205412,0.017158226442487132,0.4707386111681556,0.05355635011554922
11276,0.829133414794999,0.029324948430752104,0.027114130966723837,0.021650976964816236,0.09277652884270891
11277,0.04978129447828892,0.09438410994353609,0.2791138572534408,0.19694045988125633,0.3797802784434777
11278,0.16225513270537945,0.009787984597209453,0.03363563345028013,0.5780513985699169,0.21626985067721413
11279,0.027553493478035585,0.022344362831497627,0.06019553549325005,0.7672031404596276,0.12270346773758914
11280,0.0009055768960756833,0.33585460468756956,0.20612007119346878,0.0010816789550341926,0.45603806826785187
11281,0.24189140322422295,0.012054636982394635,0.0502929309467255,0.4548722431321982,0.24088878571445874
11282,0.3629255569869737,0.3661010434734614,0.22350494167553592,0.0021105678960300195,0.045357889967999075
11283,0.7144453406987,0.22725029960084117,0.024491707127611513,0.006296826204329538,0.027515826368517543
11284,0.7573809967408854,0.08555230005689833,0.042769500539036207,0.014163883540802948,0.10013331912237713
11285,0.47082885901718113,0.048675163908335754,0.07150211786568823,0.1640326814578397,0.2449611777509552
11286,0.20379251891237996,0.00649669358607183,0.008322398138812253,0.6959550634552802,0.08543332590745578
11287,0.4062033680614726,0.13065964569103167,0.18094950084860456,0.013773617867316483,0.26841386753157453
11288,0.018832709958645864,0.22296007474325297,0.6133298155417727,0.0026286469580172537,0.1422487527983112
11289,0.0030857989345783364,0.30412702516212076,0.5907064420892617,0.005862141247502425,0.09621859256653677
11290,0.34552732476176024,0.014766069768827559,0.07467802085469241,0.09248553860316622,0.47254304601155356
11291,0.0041289674209093715,0.13164438446755197,0.0077657461998196665,0.002211969093615298,0.8542489328181037
11292,0.16113597264763643,0.0073433094197473785,0.03740172634781543,0.58570415559317,0.2084148359916308
11293,0.005944889912679745,0.4326200548769926,0.4769873765905795,0.0029184293254019135,0.08152924929434623
11294,0.4265640386942467,0.06946267768516687,0.15359372580449357,0.17963002504566414,0.17074953277042867
11295,0.0025952410379851843,0.2569412224296123,0.25525141064425494,0.003298773169232172,0.48191335271891533
11296,0.004602347769815489,0.36360580414789617,0.545452529666316,0.0035389602006135907,0.0828003582153589
11297,0.37271913378348304,0.005008886658125201,0.007724235157301131,0.5316560335756338,0.0828917108254568
11298,0.0007321808750091301,0.10004705863749601,0.12328669761891986,0.000738627372954191,0.7751954354956209
11299,0.038057724120224935,0.5204001166674012,0.3805924571606331,0.0008567739600451298,0.060092928091695696
11300,0.011257163249748839,0.04000561573968639,0.06723660353163383,0.6277908847360786,0.25370973274285236
11301,0.16947516470857604,0.00915800631296216,0.03601650315835181,0.6072878851137531,0.17806244070635693
11302,0.007844571198690028,0.04521968619039749,0.6276626506403377,0.005737004874759814,0.31353608709581504
11303,0.2684250527731482,0.011781542583042886,0.02819589933451597,0.48500142125922924,0.2065960840500638
11304,0.6935106016142588,0.03328982076032805,0.18370320484763622,0.01405398618160782,0.07544238659616925
11305,0.3053193646598425,0.03243216289851063,0.06747520446412404,0.34562350631489214,0.24914976166263064
11306,0.004000737666601062,0.09187942820403182,0.702548764104122,0.010839206504378845,0.1907318635208663
11307,0.0004306622295558298,0.37807008949718407,0.1399249515645384,0.0009419359062038261,0.4806323608025178
11308,0.28327410596146724,0.0020361702581128695,0.028933074102073016,0.5635086555530829,0.12224799412526403
11309,0.31214902803265754,0.0045012581061786745,0.024462055817850326,0.5966490343624385,0.062238623680875
11310,0.025304457137951805,0.13630915871454655,0.2697739378286416,0.09224074807411999,0.47637169824474
11311,0.00032660424175414647,0.4136637887910543,0.2234522815057399,0.0029395840646800606,0.3596177413967715
11312,0.10324434741413943,0.00307430827820406,0.030790572792593233,0.6763302261246875,0.18656054539037575
11313,0.0009157528347295915,0.16801421826945603,0.16404505238123188,0.0007778958970355108,0.6662470806175471
11314,0.014291040656394667,0.22997227470466644,0.18215351800943932,0.013184464428059999,0.5603987022014395
11315,0.007429480656282537,0.04603683216856018,0.07959361053045333,0.6458662276029539,0.22107384904175004
11316,0.04570452450066394,0.8986565823840982,0.036285253767102066,0.0004672773302106423,0.018886362017925304
11317,0.34179432054326675,0.008397384414379623,0.021527664130682463,0.35164568936236784,0.2766349415493034
11318,0.9122832393789011,0.015483228049157373,0.01655920488194063,0.017953356083319136,0.03772097160668174
11319,0.297235678679673,0.0065453074743917405,0.02477698875049961,0.4587470371592044,0.21269498793623123
11320,0.0003552392688503219,0.47826375984242775,0.12406529764749193,0.0002360111147583108,0.3970796921264718
11321,0.3994915919222556,0.006914987252482216,0.026848839967214277,0.48406212728104886,0.08268245357699903
11322,0.3582314621861288,0.002161682004905358,0.008465501825185403,0.38390689677029277,0.24723445721348764
11323,0.15901197334554917,0.006293597232361627,0.034946982741741905,0.5879298666150332,0.2118175800653141
11324,0.5273021468682584,0.002471286231843434,0.009886913307197185,0.3723179304755516,0.08802172311714943
11325,0.4767795518233837,0.0034559167240808416,0.006220820860813438,0.44338289669479003,0.07016081389693203
11326,0.1642549911299079,0.09373297619528116,0.5122500967170633,0.10751262158262036,0.12224931437512726
11327,0.38651377452229957,0.009406293219104963,0.024107828761399334,0.3661352582893661,0.2138368452078301
11328,0.4022044260318562,0.009514478135555848,0.012114274562665162,0.2361519936187949,0.34001482765112806
11329,0.3479497268266261,0.006295431462439752,0.016865194522529058,0.5160776640625678,0.11281198312583723
11330,0.7605961449748917,0.003481521277893583,0.004389815852523698,0.16273414384907856,0.06879837404561251
11331,0.9128349874919243,0.031438729101146055,0.017707232633026527,0.013227170318977133,0.024791880454926096
11332,0.5187983561779854,0.006438333368585309,0.004813459097215604,0.37024666878884077,0.09970318256737278
11333,0.002355873491169009,0.18925293474863056,0.5326866222687944,0.003084175459332051,0.27262039403207405
11334,0.9172894113832304,0.008885053220384433,0.014957408441678172,0.015097492408302923,0.04377063454640424
11335,0.8534211072681898,0.049861746929334684,0.03007617713074756,0.018633985408696395,0.04800698326303177
11336,4.0659525092836804e-05,0.4800979565467474,0.03041564018894359,0.00012685046281330325,0.48931889327640293
11337,0.1879879950837653,0.007591432877690045,0.012310346721899342,0.5558373039507583,0.2362729213658871
11338,0.20276279539342612,0.13451926787113058,0.22809771685026323,0.018760053432795215,0.41586016645238494
11339,0.3714699500016966,0.05832150678049353,0.09286873735237575,0.23538787143395096,0.24195193443148325
11340,0.9181467555314002,0.014305986315184382,0.013739918416976356,0.014712362971320348,0.03909497676511866
11341,7.019571856000883e-05,0.626743272772728,0.13273013301753567,0.0008884579013028792,0.23956794058987332
11342,0.26948353379445966,0.006846884425351578,0.03850198250505165,0.565343933626768,0.11982366564836905
11343,0.45678003961019115,0.013737286570388843,0.1039368964894875,0.33193692196294705,0.0936088553669854
11344,0.00016959924720460036,0.3550429126681823,0.17021524983504793,0.0010268192782526067,0.4735454189713125
11345,0.0053946135780492495,0.3585742403918984,0.5152073904192895,0.006324723048580909,0.11449903256218193
11346,0.2393141517250638,0.007544607491616708,0.03504914221620048,0.6122108276196445,0.10588127094747453
11347,0.8550051110001883,0.06292298754717167,0.026500764518383218,0.019294810366247216,0.036276326568009595
11348,0.4868082543522728,0.004003730447581076,0.011386556057798565,0.4120167342175612,0.08578472492478638
11349,0.7690998134797122,0.018880883643652126,0.017100365712582787,0.050479178542451306,0.1444397586216016
11350,0.5431151782570167,0.008615632584897007,0.008387606117399365,0.39225752530938657,0.04762405773130024
11351,0.29955795191097534,0.013991642742692203,0.01053640129296494,0.5140009469411924,0.1619130571121751
11352,0.34957301371328275,0.004991113799325305,0.033384077217239606,0.4202878445333605,0.19176395073679178
11353,0.46697379874971634,0.04943003614664151,0.10861783838762823,0.18692010360224362,0.1880582231137703
11354,0.007153147832282537,0.018236480658030747,0.11959323114877307,0.4793927287583698,0.37562441160254395
11355,0.3335663106956624,0.03235608014944482,0.15686799383606403,0.09718087113722543,0.3800287441816032
11356,0.20180352146128908,0.0057388412874544254,0.039089856317482886,0.460026320100968,0.29334146083280566
11357,0.043121886061332805,0.021692519857462327,0.03887981718329325,0.35173071077339674,0.544575066124515
11358,0.962474317629704,0.004046955838342369,0.007641460318367123,0.014185613789059076,0.011651652424527353
11359,0.5334718723969923,0.003437781323698414,0.005757468344832112,0.4253311114378716,0.03200176649660568
11360,0.5302518149496162,0.017797299035422164,0.06561235309430001,0.19020392565696057,0.1961346072637013
11361,0.003091541237800509,0.055053450175289564,0.7119149983853666,0.027346238975416534,0.2025937712261267
11362,0.2608138000234724,0.003846328167479759,0.042354730604579005,0.5403450940140464,0.1526400471904225
11363,0.025444931428817666,0.20150033578641632,0.5406691425609904,0.08979929331163569,0.14258629691213998
11364,0.832045899794873,0.02425348358355682,0.027904747326660113,0.020059264568142294,0.0957366047267679
11365,0.7528046846238275,0.007276722796461167,0.004196000636660087,0.12512849825538475,0.11059409368766655
11366,0.346731386786266,0.27503423457794085,0.03995357638450909,0.013220724389933946,0.32506007786135016
11367,0.35592605271386896,0.0023461496266384573,0.01143799530688669,0.35986734082749633,0.2704224615251096
11368,0.0028828817922737387,0.0585586395884555,0.0352844663360129,0.05188502811040412,0.8513889841728538
11369,0.23537819839122112,0.08375058088157461,0.1402158161898783,0.3940336151533657,0.14662178938396023
11370,0.18220860988098136,0.005087728739330189,0.02295283484935201,0.6042314676668588,0.18551935886347773
11371,0.29532340232769905,0.031220199550326108,0.026938749490612635,0.45303573966216715,0.19348190896919518
11372,0.7905260834004724,0.027307448742106548,0.11742612791277458,0.00611904324819469,0.05862129669645171
11373,0.1678545148569313,0.006076164962748423,0.062184408404316174,0.5622302455219083,0.2016546662540958
11374,0.22755138726327642,0.4186209760688016,0.10132242303128602,0.16367610541148359,0.08882910822515235
11375,0.08322355809593324,0.03429011442942869,0.0074183132096951095,0.17640585312661997,0.6986621611383229
11376,0.18036611541304542,0.004764328031928424,0.018680654227274714,0.6731269619120944,0.12306194041565709
11377,0.0036509284279684644,0.023856801693366018,0.6253211290962213,0.009861064640568296,0.3373100761418759
11378,0.002474103050294314,0.1336859550152665,0.7204383799493618,0.013517472696865344,0.12988408928821205
11379,0.6956208479771779,0.0019057123114814803,0.003627960182183955,0.16174519839019674,0.1371002811389599
11380,0.18750276546588313,0.12691478335462197,0.5814290075627645,0.0067952497786319035,0.0973581938380984
11381,0.425267285042009,0.014845836027678184,0.21376568119932576,0.2151312534451636,0.13098994428582342
11382,0.5023826677230617,0.006651529660460242,0.013253326076083262,0.38578381642584725,0.09192866011454762
11383,0.8594197558777119,0.009287620652677997,0.020811111387501108,0.05318569307087412,0.05729581901123502
11384,0.028599538938557063,0.8338469522850483,0.09251174784858919,0.0008437744662050116,0.04419798646160041
11385,0.009187043880285208,0.014210131396397364,0.0409873892201016,0.5926141144863554,0.34300132101686054
11386,0.35418937070951745,0.0020082834422004824,0.027650288898603017,0.4199217801840347,0.19623027676564428
11387,0.7048644586820969,0.01232817331005933,0.006708073896743253,0.01994179730642661,0.25615749680467415
11388,0.022770446756123396,0.1084614804817058,0.31087745058007177,0.11111083947203024,0.44677978271006874
11389,0.9516230704757253,0.007483394951091139,0.007642853996418116,0.016506379250960972,0.01674430132580472
11390,0.20314171792792599,0.011087761959402765,0.019425035425787825,0.6256101112257516,0.14073537346113182
11391,0.25797241052748704,0.003731096337897671,0.030664527310010507,0.480120338045524,0.22751162777908077
11392,0.37502031929191315,0.006029896866110867,0.01874226104720735,0.5047674467556856,0.09544007603908303
11393,0.8464807271554522,0.014737925360293025,0.0064502299072196085,0.0260514181110792,0.10627969946595577
11394,0.29316108444141054,0.03807246731675818,0.11302930608878495,0.3898267291024881,0.16591041305055818
11395,0.20130972073562453,0.0032202897241534988,0.046064212612727196,0.5036553278714836,0.24575044905601126
11396,0.001013095854128012,0.19925723060479453,0.11588752358896044,0.0008145894016791684,0.6830275605504378
11397,0.0003652563091867042,0.03314975562013263,0.6172748067299365,0.016779195413792962,0.3324309859269511
11398,0.09101255413194617,0.001986780398052934,0.02268032699878934,0.7089416755347515,0.17537866293646007
11399,0.15301569987022962,0.09363373833444756,0.18399046995827165,0.041824625250170167,0.5275354665868811
11400,0.05778982740351226,0.3979911359872865,0.22065945774063161,0.008124314444493639,0.31543526442407593
11401,0.3357332910450884,0.009067560738304262,0.01203845925797666,0.2630602240593553,0.3801004648992754
11402,0.33012123255566966,0.010718265805693903,0.07790440441837788,0.4196406249280248,0.16161547229223375
11403,0.25829539611038016,0.005601958162014464,0.038440780980721234,0.4649973818947057,0.23266448285217847
11404,0.013935202597927092,0.03560343369195962,0.6807544100409477,0.05702303841484797,0.21268391525431754
11405,0.8822612795305936,0.007702639964677844,0.018123904474547845,0.014213679510019438,0.07769849652016121
11406,0.07083582260111952,0.31979501874425675,0.531503831531085,0.0016506352469191543,0.07621469187661957
11407,0.007837153400645733,0.1945154520571871,0.3041653631341955,0.00364454844197991,0.4898374829659917
11408,0.012959330172315594,0.0237088863713175,0.11069249755517349,0.514029552761809,0.3386097331393844
11409,0.4473006624940144,0.003902925305513292,0.03129859257454742,0.33946887664299585,0.17802894298292912
11410,0.32180153254516314,0.13145878198116834,0.1165451783936514,0.17406254088544504,0.256131966194572
11411,0.5059812366331652,0.005820144959426613,0.013858524606037533,0.3919206001390634,0.08241949366230734
11412,0.7175097726317918,0.01224377199071566,0.04114543769555956,0.09005140786850185,0.13904960981343104
11413,0.8728844949877662,0.056923995815120476,0.02395548552226399,0.010940874493311823,0.03529514918153738
11414,0.026309799903704353,0.024677935528564014,0.08890226328062716,0.7818703463061569,0.07823965498094763
11415,0.2090925937803442,0.01177050809609504,0.0357285374747926,0.6871111635090819,0.056297197139686235
11416,0.14510372976688526,0.004789316175142694,0.03472171684815573,0.6035086902200909,0.21187654698972536
11417,0.0009091594284177569,0.3010299209812579,0.1221591256790539,0.001683710081179963,0.5742180838300904
11418,0.02877112849658467,0.03065552547534128,0.022253881290964922,0.3575540114118797,0.5607654533252294
11419,0.31423313792957547,0.004253555540726813,0.0039581454053230795,0.5555044891302285,0.12205067199414608
11420,0.016966007406603055,0.016367496933285427,0.08209521591814371,0.6028953732542942,0.28167590648767366
11421,0.011359775534137287,0.00703935008642694,0.1374181013597093,0.6315077798369463,0.21267499318278024
11422,0.10424166553184815,0.008350313719375045,0.03446144319349483,0.639307786418103,0.21363879113717893
11423,0.0005396261721296692,0.10623695431838584,0.15133050368024242,0.0010235363369360771,0.7408693794923059
11424,0.24939132595637684,0.005529335534381337,0.020363299091789057,0.619759107739722,0.10495693167773087
11425,0.17663006373577617,0.00851150489551237,0.027223140612523872,0.5995698239065927,0.18806546684959471
11426,0.9614061323202733,0.0034169534970430637,0.007258259603874314,0.01291014486163238,0.015008509717176979
11427,0.2870525174966226,0.0034577371502408395,0.030570550557027072,0.478416069284137,0.20050312551197258
11428,0.11697527934362374,0.020480615501953705,0.02826111402131852,0.2533796893782254,0.5809033017548786
11429,0.13316336077533134,0.0023985196109136643,0.045967782034599544,0.5950479847035102,0.22342235287564527
11430,0.3399329318692907,0.008099956776062919,0.035456846426704325,0.557257797828801,0.05925246709914116
11431,0.5436983164516688,0.09174958671948522,0.2540242734426014,0.012754698869422376,0.09777312451682209
11432,0.0031825355301092887,0.3540341730686981,0.5572959433902693,0.005055528651060855,0.08043181935986259
11433,0.24939624793058077,0.011200550590125723,0.03714314014182059,0.5745387844506549,0.12772127688681803
11434,0.37732381791187775,0.14925364220376003,0.16730174880070972,0.013514082293168273,0.2926067087904841
11435,0.3489656885154896,0.0039045467912303703,0.01757624403693712,0.47239218068004396,0.157161339976299
11436,0.0011136118250778862,0.1962926401371988,0.21430556607258688,0.002112728120778631,0.5861754538443579
11437,0.5301193778624681,0.011567303633413718,0.22524399497999031,0.061110805053155866,0.17195851847097177
11438,0.021927917061012457,0.026966176673735374,0.04593067681141554,0.1801377653852752,0.7250374640685614
11439,0.9279821742915147,0.014056743522312143,0.0031810475804717395,0.015037559011114282,0.039742475594587066
11440,0.3619401741681912,0.006161484925102613,0.025072031368699784,0.4315287041610075,0.1752976053769988
11441,0.00015660669633806324,0.18307328934388736,0.200131016290116,0.0021372887854870606,0.6145017988841714
11442,0.17410043886758345,0.005059001885782522,0.023963571151401023,0.7309794690014999,0.06589751909373295
11443,0.3696207825255917,0.003631565376981925,0.019837837887908525,0.458246221033392,0.1486635931761259
11444,0.7892859501919397,0.041953675325929154,0.02810385491573999,0.07658380377311863,0.06407271579327242
11445,0.017654680069838013,0.04674178709997897,0.6954070069604835,0.033364929877459,0.20683159599224057
11446,0.00044602166130332824,0.19791794527960344,0.16595163628635717,0.0012808188208379286,0.6344035779518982
11447,0.9142245305040374,0.00785590936068502,0.05178405420647046,0.0051702680422801425,0.02096523788652715
11448,0.4119288160400016,0.03920870568500339,0.017609702828566682,0.345691076767624,0.1855616986788043
11449,0.879536154939616,0.01521760862840801,0.0047656965412598735,0.014559304547774538,0.0859212353429414
11450,0.43623600458102585,0.01692338468629471,0.009374483555526666,0.24065100469218503,0.29681512248496766
11451,0.35736400052252937,0.0032456844102706204,0.008373153822388594,0.4903514624910848,0.1406656987537266
11452,0.5071364496705054,0.05312310639829328,0.25834627615364103,0.012833789398486286,0.168560378379074
11453,0.00046487753384664304,0.31707313474928406,0.17787687519283915,0.0012780182368833663,0.5033070942871467
11454,0.004354737737574092,0.32859368796425165,0.5618793759771701,0.0029769591339515985,0.10219523918705264
11455,0.30322082546398466,0.0028566434121364364,0.013450541451844331,0.6201097661538612,0.0603622235181735
11456,0.02144530282908251,0.010700576633563089,0.09631652755714115,0.7731788992311726,0.09835869374904073
