ID,Adoption,Died,Euthanasia,Return_to_owner,Transfer
1,0.00659032350178345,4.931283426564104e-05,0.05015269541723376,0.11786606916722386,0.8253415990794932
2,0.8042246285108942,0.00033481302248420763,0.007179209573053593,0.11795559087905767,0.07030575801451056
3,0.3764318867792808,0.0002634748544462508,0.002204572460357777,0.11736771294045878,0.5037323529654564
4,0.23394399284655404,0.00015780510453774346,0.00839958223541168,0.09966661150664151,0.6578320083068552
5,0.39792106074200784,0.0001252895474213823,0.002386906295864754,0.5268158484195808,0.07275089499512521
6,0.20557644282142767,0.00014405798418841464,0.022099372039752554,0.5606203242889944,0.211559802865637
7,0.26083207464484987,0.0024996106158444256,0.45335082269150717,0.24374819186910096,0.03956930017869767
8,0.9095101247375167,0.0003440730075463958,0.001650066003251484,0.004217696600146308,0.0842780396515391
9,0.9133523714497245,5.986551761156847e-07,5.0584889941465724e-05,0.0783409708160926,0.00825547418906557
10,0.41759918109521055,4.16900247953833e-05,0.13886601931234782,0.3765437332274331,0.06694937634021328
11,0.8181253205943854,3.654867193444454e-05,0.0007289602283920373,0.10758985375050616,0.07351931675478196
12,0.008332964044746892,0.0004603612952392299,0.37764275645685114,0.18771225548596984,0.425851662717193
13,0.8098738153796539,2.9461789442832114e-05,0.0011359320166086186,0.0676464623105608,0.1213143285037337
14,0.9093970615666661,2.396294856129223e-05,0.0011488198382946008,0.026521683909359373,0.06290847173711853
15,0.927985046620159,2.032870243716664e-06,0.0006188427992515728,0.06524420414804587,0.006149873562299788
16,0.8379164784965882,2.2702304341887108e-05,0.0009595588627848779,0.11108835618547917,0.050012904150806024
17,0.30700856818561745,0.0002152950986244785,0.03565690917293395,0.5664085461898555,0.09071068135296861
18,0.20247575207944804,1.4271587330568475e-06,0.0005412153606544774,0.7892103510679072,0.007771254333257296
19,0.18533814947293162,0.0002783592666982172,0.02523932227326377,0.24471855980436566,0.5444256091827407
20,0.0004643414354218985,0.0001850949591111044,0.31930399161186285,0.014361496350294503,0.6656850756433096
21,0.5375357899152647,1.3660712963620792e-05,0.008717156566570598,0.36411968200874406,0.08961371079645701
22,9.936563436578378e-07,0.0004124446177987006,0.07292144194131915,0.00012734582816522632,0.9265377739563734
23,0.6725962420770967,0.00014713606424289992,0.0029665541043410594,0.15643637058972062,0.16785369716459864
24,9.700356688481416e-06,0.0005376422085018123,0.011056489895081782,5.9964038542567565e-05,0.9883362035011853
25,0.8415575825225678,0.00019849654832633656,0.0010126358767481973,0.07679039707346251,0.08044088797889516
26,0.2031186209169454,7.245484621282513e-05,0.1619601319716986,0.05768234962064832,0.5771664426444949
27,0.9365269201922993,7.770649738930455e-05,0.0001340718043383404,0.004523129402977524,0.05873817210299536
28,0.005564304917401245,0.0020935836990330723,0.06926272590980687,0.000471322213372709,0.922608063260386
29,0.3273022442330766,0.00012981512160065143,0.06988024785718833,0.4564122271138346,0.14627546567429975
30,0.34377538913242756,0.00046527591671325654,0.021526743867216494,0.5632031084814165,0.07102948260222625
31,0.2223757700023756,8.365490563704689e-05,0.018249601754673026,0.07582178949166722,0.6834691838456471
32,0.8783406084522856,3.5897945844549827e-06,1.2403359721350893e-05,0.017306923255579337,0.10433647513782932
33,0.08235726901548551,0.00017535556243666604,0.08831630549392773,0.07590615343870981,0.7532449164894403
34,0.9927210783843397,2.9179301975326322e-05,4.934250547277574e-05,0.0038039584801305374,0.00339644132808145
35,0.8248949047470848,0.0007947281404812984,0.0026711062414106488,0.0012922491348553206,0.17034701173616787
36,0.5461834150264631,0.00016459610867010726,0.025253608616750595,0.29446794238579954,0.1339304378623165
37,0.020715864733143147,0.000548631929907585,0.09735900560897578,0.0004919157407369995,0.8808845819872365
38,0.9570174842449863,3.935317282806381e-06,2.389773443329941e-05,0.02019778821793241,0.022756894485365328
39,0.30516702992246086,7.509004927231405e-06,0.012670123285488385,0.5855246256889498,0.09663071209817382
40,0.32952376738882233,9.045116720715598e-05,0.0057900435892780594,0.0339276445774788,0.6306680932772136
41,0.03424132499457519,0.0001710986281696727,0.014856797990675701,0.3229198233180604,0.627810955068519
42,6.149474838145554e-06,0.0011757056779532027,0.005351421835928486,0.00011068893210757906,0.9933560340791725
43,0.37116816534572794,0.0002816633140206805,0.0081759101877352,0.05696546151999114,0.5634087996325251
44,7.79927525367584e-06,0.08647127846318632,0.012348066038630692,0.0005941148461565636,0.9005787413767727
45,0.09238682430049984,0.003446977578669128,0.1600543952687007,0.05639118507133135,0.687720617780799
46,0.17739959961425908,4.3435857993306665e-05,0.001016852544831178,0.031498316349555286,0.7900417956333611
47,0.22735937770999323,0.0007930996621281268,0.03375921050253556,0.2593292220938663,0.4787590900314769
48,0.6070008313647935,2.440588227330916e-05,0.021273910560510863,0.2269708181557493,0.1447300340366728
49,0.2009142486467714,1.4446510726687658e-05,0.027769093287395553,0.46330536634653774,0.30799684520856846
50,0.07116638993555824,0.00013446266521276623,0.01412177748297135,0.17012293326035852,0.7444544366558992
51,0.27129324869822136,0.02436961759417911,0.10123961979804415,0.02695874853611858,0.5761387653734368
52,0.311558400782733,3.5101747503997646e-05,0.023169548462529888,0.49359537851800356,0.1716415704892294
53,0.9837932754164663,8.574778070913816e-05,0.00011017980692048834,0.003732027706252217,0.01227876928965168
54,0.0858720239157854,0.0020964182698301856,0.03595381492662591,0.000915323601600235,0.8751624192861582
55,3.592399458489678e-05,0.0024884232291874967,0.5757971407317315,0.027076029026628857,0.39460248301786716
56,0.4046740868622991,1.220369244602559e-05,0.10094081010250235,0.13887611676264464,0.3554967825801079
57,0.48092791728382595,3.027867097431197e-05,0.001577678213497043,0.46825618513580936,0.04920794069589334
58,1.0097333173575448e-06,0.062481901944599155,0.039440396235214295,7.463400946601557e-05,0.8980020580774032
59,3.699502360861371e-05,0.0004086688341016026,0.015246944999440744,6.373590707208831e-05,0.9842436552357771
60,0.7462974338114386,1.2316109009297091e-05,3.5556745826707885e-05,0.010050741385240817,0.24360395194848442
61,0.6356311943831464,0.00023616554077612216,0.0359651715820078,0.07097959078633075,0.257187877707739
62,0.05825597314867455,1.250562535291016e-06,0.11444120566628878,0.640633042350432,0.18666852827206948
63,0.39170623472589444,0.00011831084430358779,0.0005722543259048433,0.41245690710170574,0.1951462930021914
64,5.022302121274346e-06,0.004986448519609475,0.01094595592738244,0.00010098641940515138,0.9839615868314817
65,0.00018252889395275852,0.0009115105404608632,0.035933124874464845,3.102306971190033e-05,0.9629418126214095
66,0.7172792833713147,1.9335737340736882e-05,0.02097221282532469,0.23010471050415207,0.031624457561867846
67,0.9750918535655791,2.3285933181730706e-05,0.00012433276703781765,0.003865654652972187,0.020894873081228928
68,0.38764477264805464,0.00020721398969597308,0.10069949506847427,0.38056886717173816,0.13087965112203698
69,0.3366913717782901,0.0005007557685792786,0.03105283143743774,0.5430755633178517,0.08867947769784115
70,3.2943603777005714e-05,0.00019134501641576783,0.015020037713220752,3.901750638104445e-05,0.9847166561602053
71,0.002895076544226793,0.0012377838445640757,0.0005110373678507077,0.006225148195323579,0.989130954048035
72,0.9631017830365728,3.3783325793132265e-06,2.2790965960129237e-05,0.022753081801476487,0.014118965863411197
73,1.9576828947043997e-06,0.0008981208555928525,0.00916840679995556,5.111128724988111e-05,0.989880403374307
74,0.26959877410543004,7.933297722113881e-05,0.005050241084713886,0.20585234758394824,0.5194193042486867
75,8.669892515171306e-06,0.0010699431500203905,0.005717510770371722,0.00046838299093086356,0.9927354931961619
76,0.7749741472658961,0.0025966707580040837,0.07607158057031613,0.0022502330849797146,0.14410736832080417
77,0.9375909003172606,2.0339588037320717e-05,0.00048780294864923844,0.0013682712066206918,0.060532685939432174
78,0.024062616761228905,0.0005900413829318729,0.08943441705011582,0.0004202470296782328,0.8854926777760451
79,0.4305163819864043,1.8241337453219417e-05,0.005372667118705713,0.20442841158930491,0.3596642979681319
80,0.9926127186432095,1.0001147184493556e-05,0.00014051490924711047,0.002514757848696361,0.004722007451662646
81,5.479267918327281e-06,0.00018094984109353265,0.0022822835715058444,7.414275025536953e-05,0.9974571445692269
82,6.514693288399517e-07,8.254394498171546e-05,0.0006980499300508654,2.6535380256858135e-05,0.9991922192753818
83,0.676004337412681,8.097176427208533e-06,0.004419098458085241,0.2874760492411838,0.03209241771162289
84,4.5858038563433846e-05,0.021675530477358953,0.1438501749527795,0.0007851510052693205,0.8336432855260288
85,0.4235609656945716,3.5320412757939512e-06,0.09117314876724252,0.4189134461638806,0.06634890733302944
86,0.0058372174538411075,0.002906315840533968,0.23712886049256054,0.0009716863234850796,0.7531559198895793
87,0.02271514897931979,0.00010662138956241681,0.4395828403261024,0.38850943269506605,0.1490859566099493
88,0.4430050536797318,0.00010405661556314266,0.11647606566126684,0.21538598283033536,0.22502884121310293
89,0.0002616735567311407,0.0003192608759155177,0.2174071506693713,0.006370894451333976,0.7756410204466481
90,0.7468563702903996,0.00027747872867991903,0.00010146384854744502,0.0010240907830616243,0.25174059634931134
91,1.9292095159093253e-05,0.00010258337735112603,0.04814914012976737,0.00029789582447572587,0.9514310885732467
92,2.2960807100357363e-05,3.67491735782086e-05,0.04908097571139472,0.00040342099677493135,0.9504558933111518
93,0.9411927212264287,5.268028912831241e-05,0.001721364905171871,0.0011696674447962856,0.05586356613447474
94,0.4798277968945687,0.00013373644239151518,0.003417329118531185,0.3705831655368337,0.1460379720076748
95,0.01164570395622107,0.00039070928578842536,0.06437687762339066,0.0012337789654384918,0.9223529301691614
96,0.951231608535483,1.1626607423442745e-05,0.0002446192347153087,0.04280634884054097,0.005705796781837078
97,0.6068395875769966,0.0001815042105212297,0.009159443674271933,0.30053600968933336,0.0832834548488767
98,8.611975256881003e-06,7.311175811786503e-05,0.0029216586198333888,0.00010346529197198371,0.9968931523548198
99,0.2025159226961664,0.004059223225686677,0.018610309832777453,0.004906077604933476,0.769908466640436
100,0.30303720987950017,0.00015038226909618399,0.04327766795182623,0.4641086855491841,0.18942605435039317
101,0.6391371613084791,2.5003021840241056e-05,0.0002575233732711074,0.005143683129961275,0.3554366291664484
102,0.9700910099436897,8.128683250150423e-06,0.004472145449662531,0.020026833755854637,0.0054018821675430794
103,0.215916601839822,5.092683973775918e-05,0.009312274243845163,0.5817931015883729,0.19292709548822223
104,0.4893100149369122,5.7780036256719854e-05,0.007664878215476861,0.28047546165588727,0.2224918651554671
105,0.270033613221118,0.00014894556357599923,0.009908805868709894,0.1972206024230892,0.522688032923507
106,0.6062683440614188,4.565730530568847e-05,0.00576988131819258,0.19131477028251212,0.19660134703257068
107,0.6277387972173887,2.24618444650889e-05,0.009887947477151009,0.27849324079676663,0.08385755266422851
108,0.009040132740890718,5.737044817939297e-05,0.004986514310979051,0.4465548794767728,0.539361103023178
109,0.986314145946509,9.404713551771603e-06,0.0002506945382954822,0.000987835341993091,0.012437919459650627
110,0.20751428969184824,1.964835824462766e-05,0.0005711494249650465,0.6388482925237271,0.15304662000121508
111,0.4818755337414561,8.791132605598358e-06,0.009521322866022417,0.4201484878835238,0.08844586437639207
112,0.5778960481155915,0.0001354965342327818,0.0486563216807733,0.21357088282256545,0.15974125084683705
113,0.21108767552073898,1.5216201663707299e-05,0.0014208174312367488,0.5858796363175263,0.2015966545288343
114,0.22197342167654843,9.272676128190894e-06,0.025018647484292517,0.42374367531700136,0.3292549828460295
115,0.00010806977556619874,4.581843910803437e-05,0.01688580132101237,3.3513666163168196e-05,0.9829267967981501
116,0.8854389828527481,8.064467177532003e-05,0.0004401587898122154,0.03910202602296131,0.07493818766270302
117,0.7130890812113205,2.2978413398878015e-05,0.0008624271443206011,0.20249000519309993,0.08353550803786004
118,0.021545597492453362,8.448617817802716e-05,0.13779245208630547,0.3308940520642584,0.5096834121788046
119,0.05494096610276951,7.703252993817936e-05,0.034979614341171354,0.8346149231983907,0.07538746382773012
120,0.5383405616929584,0.008955633338374973,0.15419273901470382,0.07340648238230951,0.22510458357165325
121,0.6158676102817778,0.00019616383914638637,0.0003196544647881166,0.005374238690697921,0.3782423327235897
122,0.9027719361288808,2.393971877458185e-05,0.00020202904107741943,0.001887525252917346,0.09511456985834979
123,0.9685131230850333,1.322315038172902e-05,0.00015883427471735596,0.005298157455803653,0.026016662034064074
124,1.474195920001066e-06,0.0056970829363983755,0.012984681818194588,0.0002996045236277444,0.9810171565258592
125,1.5290771007365436e-05,0.000272720587168753,0.009072829844712043,0.0007714066847931965,0.9898677521123187
126,0.9943548681445546,1.1077365699306457e-06,5.476603896487886e-06,0.0006040475402138267,0.005034499974765088
127,0.021222718244385947,9.569375762766111e-05,0.13095577219114918,0.00388039512035023,0.8438454206864869
128,0.8141496952868463,0.0002425283165768838,0.0009437020376573107,0.04982075483899332,0.1348433195199259
129,0.9841825531233112,2.969566276679764e-05,0.00020084747398766347,0.008835647563928309,0.0067512561760061296
130,0.9609483402395018,1.924812117086576e-06,0.00022843630290305585,0.03164906654237701,0.007172232103101008
131,0.4387895326172799,2.6790767764222484e-05,0.005857647015564557,0.44121689489871846,0.11410913470067287
132,0.9888017606276238,7.059122174372269e-06,0.0002713593953014367,0.0054517062476271425,0.005468114607273411
133,0.7523496194375956,6.475392838035354e-05,0.00016997801046478693,0.004158283455161665,0.2432573651683976
134,0.3014325810693533,0.00019295866908373643,0.002819077565318518,0.49482429576433595,0.20073108693190866
135,0.8436540912611808,4.479755785835627e-06,0.02469702706678536,0.04042327254266852,0.0912211293735795
136,0.45767982522672995,4.033268939067299e-06,0.013308092395740547,0.488971083023241,0.0400369660853494
137,0.4213079199165202,0.00017425118601528615,0.052127783693203505,0.25689143858094565,0.26949860662331526
138,2.386493822394734e-06,0.00014174424066430697,0.01867684137164541,0.0001229457032187203,0.9810560821906492
139,0.21787421520288938,0.000788792896270618,0.006870662062174073,0.6186453145265757,0.1558210153120902
140,0.0028548589166076813,2.949629626040412e-06,0.00011563215603244671,0.0014995315271333124,0.9955270277706005
141,0.5542125392914063,5.227750933003722e-05,0.0010519878115636551,0.1914421691520877,0.25324102623561234
142,0.11701828399878408,0.001279661625134224,0.031366060151226845,0.0005856917568494162,0.8497503024680054
143,0.22535043910152616,0.00011716705030302172,0.04220650179044145,0.4763556481117291,0.25597024394600026
144,0.17606046240122303,4.8444216303702975e-05,0.046716048008245185,0.31861920928759063,0.4585558360866375
145,0.21908386140015707,5.638033943626693e-05,0.08211924472882248,0.4173111971879074,0.2814293163436768
146,0.2655092689996744,4.215351034163447e-05,0.08736938937741053,0.45186832574052677,0.19521086237204674
147,0.7431565618690052,0.00017408833800227778,0.080044941286807,0.027890537295334417,0.14873387121085094
148,0.21385155908523962,1.5102370401472788e-06,0.023206122231963007,0.6903544512302925,0.07258635721546464
149,2.9941348614959332e-05,0.000126898067251651,0.025185512842452188,7.42724584414276e-05,0.9745833752832398
150,0.06679508684213027,0.00808615406206862,0.02331298013858112,0.0006366569694727819,0.9011691219877472
151,0.12665739602579315,0.00031288317400810964,0.37382201388544395,0.033886170358118986,0.4653215365566358
152,0.0012399089474398424,0.00028213691657700624,0.23524741345808267,0.003998384450762681,0.7592321562271377
153,0.38549021823389246,2.2508300076677823e-05,0.0010697162588299172,0.12546323111461546,0.4879543260925854
154,0.008359767006014335,0.00017661973653127785,0.04096412061067023,0.11580789079144986,0.8346916018553343
155,0.7058584004730096,3.444808973490888e-05,0.0002577679336784006,0.00877300833367668,0.2850763751699003
156,0.88979754399471,7.55649875450115e-06,8.808619692238675e-05,0.054026102895131316,0.056080710414481615
157,0.23725943212736572,4.390712067852565e-06,0.034044956955475096,0.5039933389281089,0.22469788127698245
158,2.1486694459949382e-05,0.0007164189400210922,0.0021859093261588887,0.00019461724873878888,0.9968815677906213
159,0.15963666051247843,7.975270385889923e-06,0.014999592607780984,0.19756035462009766,0.627795416989257
160,0.5725708248051198,0.0002606749094880173,0.002302142790861286,0.2803018373545334,0.14456452013999757
161,0.5917624271439051,0.00020094696497239978,0.004192502113965067,0.17012967333592807,0.2337144504412293
162,0.4431714021282958,2.4655933433037665e-05,0.0012484097235178776,0.13647816582432806,0.41907736639042525
163,3.436777943864191e-06,0.008802665338102545,0.009861909729082227,3.0185571115760115e-05,0.9813018025837555
164,0.9910090986289083,4.734231157782828e-05,7.203610691883026e-05,0.004588314829658757,0.004283208122936246
165,0.38929244762611454,1.390277505225229e-05,0.02382839941887886,0.31926166640664233,0.26760358377331195
166,0.9168966102470094,5.0791493799980956e-05,0.0007490377091943621,0.0024895877132072716,0.07981397283678889
167,0.6477454641306392,9.327601394523777e-05,0.027635896568633102,0.20668592220398596,0.11783944108279662
168,0.5669665571471424,9.040836676998518e-05,0.006152885267905565,0.25653300707861715,0.17025714213956497
169,0.24400419851830088,4.9258945872369995e-06,0.0007899897308150084,0.7482898993074147,0.006910986548882282
170,0.6238591103788872,3.632784909008452e-05,0.00021819717392290223,0.036020990047000025,0.3398653745510996
171,5.0067567773866666e-05,3.9172575561617596e-05,0.09249597393149646,0.0006957248742361549,0.9067190610509319
172,0.29094640591354576,0.0002117662664133858,0.0022333495206460223,0.19807722197312613,0.5085312563262686
173,0.2559656580770266,1.353648985374191e-06,0.32108496708917217,0.3350406632955383,0.08790735788927748
174,0.21559238589297558,5.1825464732558716e-05,0.16621944041354486,0.4105676978906677,0.2075686503380793
175,0.37772441196033724,9.083300660893238e-05,0.0014133967348828706,0.5378392410741102,0.08293211722406081
176,0.7172886097656044,0.0025112505538926132,0.004962627257228669,0.002425759796242074,0.2728117526270324
177,0.3370213470250772,3.781778814659452e-05,0.05419007893131324,0.43828144606200964,0.17046931019345327
178,0.9195033106971515,1.014312001038311e-05,0.007890515715678845,0.037536220109262074,0.035059810357897174
179,0.8325604546865455,0.0006366748392102558,0.004341659531793853,0.044579553565662976,0.1178816573767874
180,0.0017126410943493226,5.8809816227336966e-05,0.007971489304180783,0.009179281151855179,0.9810777786333873
181,4.9467072685379296e-06,9.017909254648404e-05,0.002790328433643812,7.719742211132812e-05,0.9970373483444297
182,0.9241409912337146,0.00022327995763200804,0.014172214310463364,0.0027157129164965743,0.05874780158169333
183,0.37510905341373435,7.232885695916132e-05,0.001886290326335992,0.2531844682010819,0.3697478592018885
184,0.027049410853050123,0.00010032684538944339,0.020674665604524006,0.15236136749757428,0.7998142291994621
185,0.4866625158295383,9.933918218042533e-05,0.0003306155934015066,0.3848635835859689,0.12804394580891099
186,0.11125323014687435,2.1715995506673547e-05,0.008798980197674885,0.49889689836206497,0.38102917529787916
187,1.3703727188717698e-05,8.590003446294152e-05,0.004259859847951993,0.00026152489824574993,0.9953790114921506
188,0.2868470639424044,0.00011024426714402723,0.007662227109065865,0.3224347948408512,0.3829456698405345
189,0.7978775644845124,1.5827846034266966e-05,0.00027029965024500947,0.035683872530030955,0.16615243548917735
190,0.795720507573254,5.965105776802341e-05,9.739409927403318e-05,0.013090434189699742,0.19103201308000423
191,0.569321325859769,8.436972553839744e-06,0.012085445705163308,0.39749864497984866,0.02108614648266518
192,0.5798723646883471,5.4797614136915365e-05,0.017798606113644616,0.25099912910142114,0.15127510248245032
193,0.03879620851094957,3.473869848558429e-05,0.010412446258111134,0.0735944232108173,0.8771621833216364
194,0.3845815123476688,0.00013791718603456868,0.004732769085547222,0.04236270115448646,0.5681851002262628
195,0.8748589046358224,2.1930654433769647e-06,0.00025185024169918825,0.014754026040575787,0.11013302601645923
196,0.4857031313186629,0.00012951835500725551,0.0008971096691548572,0.02168633303334983,0.4915839076238252
197,0.5299453568166916,6.166125612607127e-05,0.01795829289304295,0.4144009745126301,0.037633714521509376
198,0.5611351498418936,5.754014500053257e-05,0.04869668819760794,0.23532026593141578,0.15479035588408208
199,0.1690170298781908,2.4997960580995e-05,0.029029839131479964,0.5234962094627836,0.2784319235669646
200,0.7026582649164602,3.3061486454112154e-05,0.008749542902911332,0.13415480907706612,0.15440432161710807
201,8.446760633688805e-07,8.69762686522352e-05,0.0036372478667265153,3.877003812441054e-05,0.9962361611504335
202,0.11612744117633719,0.0003003652576485794,0.03571059646461805,0.14349018130766122,0.704371415793735
203,0.6190107195252578,1.832908466341809e-05,0.0014889264294673343,0.3545583968242288,0.024923628136382825
204,0.928926692303445,1.8671257953129356e-06,0.001768361197715701,0.023100489061241222,0.04620259031180273
205,0.03664587090576066,4.0750181831642924e-05,0.14923054383327458,0.6784266922872928,0.13565614279184035
206,0.5422860839509771,0.000662442523281958,0.0204572246320475,0.10964707423271436,0.32694717466097906
207,0.30448460654706416,4.360372873826397e-06,0.0163639847492536,0.17707026707446488,0.5020767812563435
208,0.12965617548663436,5.820999257089237e-06,0.05468249107125699,0.7039688023232749,0.1116867101195767
209,0.2535064638074233,3.57372180990601e-05,0.025733085562091616,0.3937516162288419,0.32697309718354417
210,0.6257913648791762,1.670726605284246e-05,0.0006342455123394279,0.34037064483279716,0.033187037509634275
211,0.0003934986236929425,0.0003956858875494168,0.1310412800099438,0.00024982812550379454,0.86791970735331
212,0.22761255197791624,3.9585841335704255e-06,0.02779265090878387,0.35759900386204974,0.38699183466711656
213,0.6672913600937939,1.3116109449416445e-05,0.0039717879611080855,0.23035678846492055,0.09836694737072817
214,0.865304017987112,0.00018222274424971807,0.0017107134154563848,0.016397176911009906,0.11640586894217198
215,1.4234160391139463e-05,0.0018039676917631798,0.006778224626572141,0.00015832640219391186,0.9912452471190796
216,0.6517285490053772,2.1636130267945127e-05,0.004292614780976127,0.029872881244253312,0.31408431883912546
217,0.9284416389432757,0.00011084947370120177,0.00025337874483690636,0.00746435427638585,0.06372977856180027
218,0.2650790591192009,0.00021131323789299103,0.009177368250808653,0.07641280138367375,0.6491194580084237
219,0.5133072305004499,4.8677602554231176e-05,0.003347110636289181,0.09053162591961397,0.39276535534109264
220,0.2079947270603348,3.8040154700628164e-05,0.025000613521160103,0.40491743619589887,0.3620491830679056
221,0.002821666951079166,3.804047953386441e-05,0.05919693232909194,0.9024973838068394,0.03544597643345558
222,0.0009113326387131896,0.05378322592857595,0.17904674036146595,5.269099686632641e-05,0.7662060100743785
223,0.11476935247135918,0.030404348467718917,0.02796514428617148,0.000474661404302748,0.8263864933704477
224,0.43890724442352286,5.023526237560918e-05,0.00023157954593705418,0.5173875506162892,0.04342339015187536
225,0.16726561625017977,1.3423684385253777e-05,0.10143791040831605,0.7101000929466803,0.021182956710438468
226,0.5189825239951029,2.7850805003940317e-05,0.001408468447089051,0.1855379983918872,0.2940431583609168
227,0.002877646880273032,0.0015471605936180743,0.1945099475843209,0.0012687371851526608,0.7997965077566354
228,1.6346517804376244e-06,2.5984539019392584e-05,0.0023742653892139154,0.0016420249757209667,0.9959560904442651
229,0.6173954419419857,5.553297677964087e-05,0.005925947522205524,0.2252409033100407,0.15138217424898856
230,0.0017340213852636845,0.02053892950950001,0.081609249832764,6.506033922936974e-05,0.896052738933243
231,0.9929239039542935,2.4120385099407205e-06,0.00024018218370923492,0.004324727599711277,0.00250877422377607
232,0.9959824859262978,8.643216818014624e-08,6.048677969013575e-06,0.0008113075539703034,0.0032000714095949717
233,5.149506263080723e-06,7.041295859212323e-05,0.00025063289845674746,2.3638861196770814e-05,0.9996501657754912
234,0.007142597190069492,7.332150517229225e-05,0.5029196554722162,0.36931280776655867,0.12055161806598332
235,0.28771444000816304,1.7085530607546822e-05,0.06776448965050616,0.6317107755402419,0.012793209270481368
236,0.8336649873531693,0.0002520505373894138,0.00024208667327762983,0.005108730624579821,0.16073214481158382
237,0.5436046704758433,0.00018277728867009823,0.009518782814167168,0.3210900335730232,0.12560373584829626
238,0.003679018293267864,0.0007282195983619172,0.010655017140448576,0.01949902786263877,0.9654387171052828
239,0.6705741027714169,4.427264579607256e-06,0.00013878949051005207,0.3021192866816893,0.02716339379180401
240,0.850380357005583,2.261818654940635e-05,0.0005562625174165955,0.029832211552324645,0.1192085507381263
241,0.9836778274955388,2.507946262999832e-05,0.00022312052334871096,0.0051036974471959165,0.010970275071286643
242,0.25000047250563856,0.0002903273815451656,0.01076770494715902,0.3322855923388363,0.406655902826821
243,0.991106415453816,5.94816572357353e-06,4.883143402723076e-05,0.0020123819066858255,0.006826423039747556
244,0.43639406896065197,0.00042207232456568797,0.020256216639942225,0.2311085903103638,0.3118190517644763
245,0.31712252359895077,0.0001878813882116681,0.03006269212967733,0.29030626010187993,0.3623206427812804
246,0.26814726775090125,5.257084626401445e-05,0.030562392008234473,0.552560660064679,0.1486771093299212
247,0.33630738750045386,0.00027073877818943257,0.010286098045021176,0.11077963894332031,0.5423561367330153
248,0.3904837683468702,0.00021952655489038204,0.008288173207510024,0.17269251482180198,0.42831601706892736
249,0.22052884549663346,8.570863073052234e-05,0.04128592768974796,0.4840401773495391,0.2540593408333489
250,0.9907147910472727,2.208829190344974e-05,0.00010246301993202604,0.0007498829049904061,0.00841077473590127
251,1.2558557424796052e-07,1.2786924334485046e-05,0.0002577222458780482,0.9885123547899166,0.011217010454296543
252,0.31020527179042723,9.587816588322255e-06,0.015165539639498309,0.44303234183916834,0.23158725891431786
253,7.106129318912897e-06,3.797189437736862e-05,0.0132062877733623,7.559657864513055e-05,0.9866730376242963
254,0.1642242982904307,5.495515175713376e-07,0.03492094110223159,0.7105613686484563,0.09029284240736382
255,7.49939721914565e-06,4.551132251854801e-05,0.004204174038095054,0.0007202410584283936,0.995022574183739
256,0.4593624477219232,2.207433830925671e-05,0.0014590931426308191,0.3102695396511374,0.22888684514599938
257,0.22426388937366848,6.798875942914073e-05,0.010231824867361393,0.020601037860240035,0.7448352591393009
258,0.5010856348725583,3.655958725553533e-05,0.0034489079464244546,0.04977647449728859,0.4456524230964731
259,0.1582581323278712,3.681507131712773e-05,0.01584198551837744,0.41434280847112664,0.41152025861130753
260,0.952372546060559,4.7786302638526366e-06,0.00019989143306839115,0.010329200891448396,0.037093582984660596
261,0.7793015094126888,9.493797870126381e-06,0.00011915983794512564,0.02761088759385679,0.19295894935763913
262,0.7529984276560295,3.280287130959302e-05,0.012805504244777168,0.13092913818987323,0.10323412703801049
263,0.8667513476055225,1.793357823332022e-05,0.0015120166334584649,0.05703192207612014,0.07468678010666566
264,0.3344391551831011,2.76349150155715e-05,0.00160869500683019,0.27998709331298216,0.38393742158207106
265,0.46018512925249677,0.00036276462983243736,0.0026913903225768837,0.4363616444410418,0.10039907135405217
266,0.29993630900250345,0.0008039865308365089,0.10489853006475065,0.09157481185040747,0.5027863625515019
267,0.0010359820332741054,0.00046425308730298583,0.2367014514925175,0.03148405301945732,0.7303142603674481
268,0.000651662913634982,0.007241576572958498,0.5225911267934247,0.011244199465879443,0.4582714342541024
269,1.6617366618324623e-06,0.002289210178813113,0.008024978914750498,6.409146458226049e-05,0.9896200577051925
270,0.9493011616933557,0.00012538224493850142,0.0008914654203649464,0.016760800895323082,0.032921189746017814
271,0.0010324644450464893,0.0004584104466633991,0.09992975586443643,0.0028580066615501816,0.8957213625823035
272,0.016515356413658457,0.00158717908275343,0.6466580786124113,0.015742327433923595,0.3194970584572533
273,0.08218805714069767,0.00030591907558663177,0.010544981209813238,0.5403476640025631,0.36661337857133935
274,0.09865173583554304,8.203169368329112e-06,0.0741453226403839,0.06371523752093905,0.7634795008337656
275,0.17783365806253368,0.0002570607100260502,0.5229286398478772,0.08076330523121984,0.2182173361483433
276,3.0077304160564814e-05,0.0017641242618577913,0.039773730934560374,0.0006620282238453957,0.9577700392755758
277,6.729299560339392e-07,3.989087124561793e-05,0.004858794875257821,2.9177981886063753e-05,0.9950714633416545
278,0.03648459193284116,0.0007001932036744902,0.09000868113179916,0.11151784109024289,0.7612886926414423
279,0.6063145458576862,0.0008884906303166569,0.0031441436686492625,0.11093366236148293,0.27871915748186493
280,0.017702536458168563,0.004786409310456637,0.030611498974006973,0.15218166749391632,0.7947178877634515
281,0.41301258444783,6.94376338221075e-05,0.021670588150729912,0.2818935627143507,0.28335382705326734
282,0.31276194347683944,2.886945847795901e-06,0.03216029308822638,0.29130019392919243,0.363774682559894
283,0.0011395534465255285,0.00021807966328144765,0.013027926699690393,0.007687863404150493,0.9779265767863522
284,0.8959384039232937,0.00012677816512096307,0.00022448743204721522,0.0183784457106844,0.08533188476885374
285,0.08220057232881176,1.201489124272397e-05,0.12272284980690278,0.5802355682383017,0.21482899473474107
286,0.44800797631783346,0.00012376838004194107,0.0360029744965749,0.2920672915935919,0.22379798921195784
287,4.342065314045595e-05,0.016956274014665988,0.031452439229436115,6.556218748477878e-05,0.9514823039152728
288,2.8006195901542223e-06,4.324009071297217e-05,0.008083314290077435,8.631123064257221e-05,0.9917843337689769
289,0.5607846268871987,5.1866444180443194e-05,0.0008725554767929991,0.24711210318277949,0.1911788480090484
290,0.4128557336089741,6.567092291583513e-05,0.019344172837069826,0.41140143582516986,0.15633298680587043
291,0.9151483494367102,1.874410358751118e-05,0.002639698118852685,0.021719871116510883,0.06047333722433876
292,0.9876288617201793,2.086603723461309e-05,8.490266917956386e-05,0.001946518603217277,0.010318850970189239
293,0.9056459133201747,2.4096086862360262e-05,0.0002683026856531796,0.0018901989064244475,0.09217148900088547
294,0.009271426474540342,0.00018007881631473504,0.09690114718355343,0.08630397625225614,0.8073433712733353
295,0.09505994022533695,1.0168303590546652e-06,0.019980527054183118,0.8537865331152473,0.031171982774873454
296,0.0033136371499949387,0.0008831108301162348,0.019682501458804912,0.011623388019304237,0.9644973625417798
297,0.3625236932156922,0.00034952742349475167,0.03903367566440163,0.38106837347561323,0.21702473022079816
298,0.001270493000245076,8.366136762694291e-05,0.020119001933135927,0.011275665137270163,0.9672511785617218
299,0.8608465993632795,0.00010481941626078946,0.006807840925747607,0.04257913675879968,0.08966160353591252
300,0.17350257902231808,0.00017452584877439598,0.0414785248677338,0.2603242582606211,0.5245201120005526
301,0.23932927149071617,1.4811982886023687e-05,0.013145061187217585,0.7190662139131075,0.02844464142607276
302,0.7349021124903038,5.782016931933217e-05,0.0004460524539637908,0.0044125250187868545,0.2601814898676264
303,0.9748731590918878,9.124743511614116e-05,0.000116336943227619,0.012380779715338637,0.012538476814430197
304,0.46249499877780237,0.00048291630987716013,0.04352389199750855,0.3092630349797583,0.18423515793505368
305,0.0010485443223921444,0.000713734383080401,0.3233703870808835,0.02971085559269948,0.6451564786209445
306,0.0512316514663795,1.0362425442338142e-06,0.16238148021580484,0.7831407123065929,0.0032451197686785642
307,0.9423930888602718,0.00017461982127140908,0.0018791049495414428,0.02775872791072964,0.027794458458185577
308,0.17587472482675903,0.000363240724705899,0.017575650262408538,0.16698541467790876,0.6392009695082178
309,0.9425722687459838,1.921305180168502e-06,1.589036158977087e-05,0.04667581081738303,0.010734108769863283
310,0.00018049059714802165,0.0023851317619876895,0.0034107891952846504,7.782999086003727e-05,0.9939457584547197
311,0.17313196763481215,0.000371540384735238,0.021501449702750804,0.2740701132504021,0.5309249290272998
312,0.795045224510287,2.8646190241445677e-05,0.0006253752130882974,0.0635167948880232,0.14078395919835998
313,0.0018346492579996113,0.008035060220504191,0.13428561260892735,0.005519683250711137,0.8503249946618576
314,0.1958591593479342,4.6244689291586374e-05,0.06001074587804939,0.48273156907555714,0.26135228100916763
315,3.4282449193274143e-06,3.8986053913460125e-05,0.009099608205524409,0.0002648019533944392,0.9905931755422485
316,0.5742335625730319,0.00014047902328470833,0.0022754477517794975,0.3819189805497854,0.04143153010211832
317,0.4080228808810963,7.653710977139917e-06,0.005001156105333181,0.5360478947051615,0.05092041459743188
318,0.8128777059181894,0.00010699744213588215,0.002642231813487494,0.029767154245502907,0.15460591058068412
319,6.309057811018217e-06,1.69525715188656e-05,0.003990482757294836,0.00010617265591646688,0.9958800829574589
320,0.6416132471585256,8.456736797751574e-06,0.039460557271892294,0.2885964820912433,0.030321256741541035
321,0.30906336642281285,0.00013832102713507102,0.03246051031048011,0.2037249915615884,0.45461281067798354
322,8.806614305190687e-07,8.644118189449061e-05,0.01013146785217036,9.572344140286193e-05,0.9896854868631016
323,2.944380962909097e-07,0.00010998707966518602,0.009636996377343355,1.1728612210730172e-05,0.9902409934926844
324,0.9567622304154363,2.241396535447544e-05,0.0005786921986826702,0.00011517423846485563,0.04252148918206177
325,0.8819852782223173,3.738436162303305e-05,0.00023911124553144733,0.019112607520076385,0.09862561865045162
326,0.9482534183901647,2.340872916230067e-05,7.968505327098666e-05,0.0073873808838440065,0.044256106943558214
327,0.9798456098318945,2.533825185422335e-07,2.437002297939638e-05,0.004446073522131966,0.01568369324047556
328,0.25638394891655647,3.635316874376904e-06,0.0015293063867202856,0.22941892925675383,0.512664180123095
329,0.852131445381232,2.1502720456020487e-05,0.0017485301080840878,0.07231258268976447,0.07378593910046352
330,0.012635205522955953,7.923359718910203e-05,0.016672463476585547,0.23343577332918292,0.7371773240740865
331,0.17965037654673963,3.3920674037070726e-05,0.17823275815222459,0.4910504117365103,0.15103253289048837
332,0.00011212547486944371,3.926846846843195e-05,0.02611619051458921,3.3332906157476954e-05,0.9736990826359154
333,0.9897917945714525,8.797793783623452e-05,0.00019999897210233516,0.005054373429785214,0.004865855088823898
334,0.6002467417839498,3.009377210179389e-05,7.585044197238691e-05,0.006298588539124087,0.393348725462852
335,0.0014179661957651646,0.005616735838382847,0.10486497311676543,0.013052660659364744,0.8750476641897218
336,0.83101493244804,9.789616775887024e-05,0.0012570508151897772,0.011508423276294338,0.15612169729271685
337,0.0021051471819767778,0.00020518323280962063,0.8070840909344145,0.006527935871639621,0.18407764277915956
338,0.27389020270480385,0.0012642858538323286,0.10523016259344635,0.32809019254434807,0.2915251563035693
339,0.006996241582735227,0.0009495470022437222,0.40179628482888646,0.023113418094537996,0.5671445084915965
340,0.438144515414396,0.014172347373259824,0.059679089458928275,0.36651871147087123,0.12148533628254476
341,0.02815006917056938,3.471006977890969e-05,0.011182564803615534,0.0662192371768021,0.894413418779234
342,0.642689647109981,0.00025700467508593135,0.004649512631633119,0.03589822146805807,0.316505614115242
343,0.0009233553657629589,0.00019985883207561885,0.8418028058305889,0.017232642832509235,0.13984133713906335
344,0.7147879418363214,2.2642831457505352e-05,0.0023370107953948694,0.17001183901764375,0.1128405655191824
345,0.7668094874390226,0.0002560885372592816,0.0019217727296496582,0.0693194242327489,0.1616932270613194
346,0.4215241967928261,0.0012604161613791237,0.05086088640709142,0.2967039484420968,0.22965055219660657
347,0.23696842550294434,9.691709284057973e-06,0.025059954092886118,0.5464565829110303,0.19150534578385536
348,0.03587489457661329,0.0817255850126807,0.02864595301401904,0.0006675290352414988,0.8530860383614455
349,0.049428439001478953,9.982061879859549e-06,0.019791735429278503,0.9022841794031278,0.02848566410423508
350,0.6088733801409458,0.007433742194311724,0.15922900536090506,0.046697102755368265,0.1777667695484691
351,0.6905037001839572,0.00011583696070610085,0.0004715058193405896,0.15969075816166375,0.1492181988743323
352,2.058583287070691e-06,0.00035194445464230777,0.01234431177915768,0.0002739733851041139,0.9870277117978088
353,0.3129389068332447,0.00037846050792728563,0.03900460347331691,0.5526032898561936,0.0950747393293175
354,0.9027925146326289,6.576444477629149e-06,3.3582853467026826e-05,6.825723619410583e-05,0.09709906883323229
355,0.7191150578092993,2.0680042967173366e-05,0.003375656631725442,0.11178200095473874,0.16570660456126918
356,0.0004332480166260517,0.27631951813162503,0.4077673404145305,1.2597388554163504e-05,0.31546729604866414
357,0.4322990318563463,0.0001667600677710326,0.0034583762682962723,0.019373095584691736,0.5447027362228946
358,0.6177958950801129,1.8393995889898337e-05,0.0002746339304143093,0.01742411673388872,0.3644869602596942
359,0.44641373995733613,0.007476570541202992,0.006458982293442446,0.0018347215338937214,0.5378159856741247
360,0.5141332611146496,2.6833146087963363e-05,0.0018455129205895795,0.011007523809832664,0.47298686900884
361,0.7364708988656872,6.983903577534488e-05,0.0005889082235895266,0.0004749875899421008,0.2623953662850058
362,0.016691096065484648,2.79832916594895e-05,0.027327796153549046,0.1539963038564234,0.8019568206328834
363,0.15888759330787589,3.145334465213736e-05,0.03946293423544244,0.6289903007075509,0.17262771840447869
364,0.9298255634402671,0.00017961072121535864,0.0004761830801751817,0.007339408768071247,0.062179233990271074
365,0.5120042184617609,0.00019589038177479995,0.018790840713150833,0.11592691655992156,0.3530821338833918
366,1.4306573888578754e-05,4.041579435975986e-06,0.18831285345577084,0.002145699373435824,0.8095230990174687
367,0.38633845714827764,4.7674725296468885e-05,0.0009224638395849543,0.022777675764812284,0.5899137285220285
368,0.00229081954400814,7.605359158404126e-05,0.8178842078849196,0.046701318349419915,0.13304760063006832
369,6.121753767660057e-05,0.0002929177284134722,0.018472162428642417,0.0001802713793436917,0.9809934309259237
370,0.4781029232805211,7.667631248936033e-06,0.02064124193453123,0.08711029967591298,0.41413786747778586
371,0.4576687226744929,4.5334519566357834e-06,0.0455938129357768,0.16765757836093997,0.3290753525768338
372,0.9100961144617747,1.6492760744805953e-05,0.0013295626199687576,0.01156912890501053,0.07698870125250115
373,0.9975035072757543,9.274644644373122e-07,8.745202157100311e-05,0.0016183565835216332,0.0007897566546884625
